660000 1 P 89.898682 -3.734787 128.900497 2.110000 -1.000000 0.000000
660000 2 S 89.093994 -7.071763 127.456078 1.800000 0.000000 0.000000
660000 3 G 89.073990 -8.945258 130.178253 1.530000 0.000000 0.000000
660000 4 P 85.479141 -5.870391 127.025673 2.110000 -1.000000 0.000000
660000 5 S 84.557785 -9.485551 127.685081 1.800000 0.000000 0.000000
660000 6 G 84.984856 -9.678435 131.076492 1.530000 0.000000 0.000000
660000 7 P 81.184555 -7.449382 128.100235 2.110000 -1.000000 0.000000
660000 8 S 79.591614 -9.495990 130.892410 1.800000 0.000000 0.000000
660000 9 A 81.171600 -8.823174 133.558090 1.530000 0.000000 0.000000
660000 10 P 76.836914 -6.906865 131.575577 2.110000 -1.000000 0.000000
660000 11 S 75.462914 -7.185690 135.056015 1.800000 0.000000 0.000000
660000 12 G 78.408882 -6.032902 136.147369 1.530000 0.000000 0.000000
660000 13 P 73.972984 -3.883528 135.069107 2.110000 -1.000000 0.000000
660000 14 S 73.715317 -2.852675 138.738007 1.800000 0.000000 0.000000
660000 15 G 76.658798 -1.422523 138.503754 1.530000 0.000000 0.000000
660000 16 P 72.261818 0.688874 137.695496 2.110000 -1.000000 0.000000
660000 17 S 73.962700 3.116305 140.259491 1.800000 0.000000 0.000000
660000 18 A 77.079193 2.808631 139.178833 1.530000 0.000000 0.000000
660000 19 P 73.845215 6.654985 139.110580 2.110000 -1.000000 0.000000
660000 20 S 73.127197 9.052855 142.050766 1.800000 0.000000 0.000000
660000 21 A 76.023148 8.283336 143.832825 1.530000 0.000000 0.000000
660000 22 P 74.429550 12.220347 140.058334 2.110000 -1.000000 0.000000
660000 23 S 76.030128 15.103728 141.770340 1.800000 0.000000 0.000000
660000 24 G 77.869118 13.176829 143.915802 1.530000 0.000000 0.000000
660000 25 P 76.742470 15.153601 137.893433 2.110000 -1.000000 0.000000
660000 26 S 80.410477 16.087982 138.252457 1.800000 0.000000 0.000000
660000 27 G 80.159767 13.620811 140.790421 1.530000 0.000000 0.000000
660000 28 P 82.229683 14.778281 134.986481 2.110000 -1.000000 0.000000
660000 29 S 84.876068 13.633020 137.655945 1.800000 0.000000 0.000000
660000 30 A 82.771095 11.381322 138.904587 1.530000 0.000000 0.000000
660000 31 P 86.558640 10.505024 136.712662 2.110000 -1.000000 0.000000
660000 32 S 86.974266 9.830045 140.344620 1.800000 0.000000 0.000000
660000 33 G 84.388107 9.735627 142.086548 1.530000 0.000000 0.000000
660000 34 P 88.612877 6.028011 139.856232 2.110000 -1.000000 0.000000
660000 35 S 86.528694 4.949620 142.754990 1.800000 0.000000 0.000000
660000 36 C 83.183487 4.289698 141.617325 1.530000 0.000000 0.000000
660000 37 P 86.986435 1.445485 143.961700 2.110000 -1.000000 0.000000
660000 38 S 83.830498 -0.352440 145.440292 1.800000 0.000000 0.000000
660000 39 C 81.916924 -0.395224 142.527100 1.530000 0.000000 0.000000
660000 40 P 84.815224 -3.873478 145.749023 2.110000 -1.000000 0.000000
660000 41 S 82.887970 -7.123929 145.385468 1.800000 0.000000 0.000000
660000 42 U 82.991722 -7.356176 142.013992 1.530000 0.000000 0.000000
660000 43 P 84.995247 -10.366128 145.090393 2.110000 -1.000000 0.000000
660000 44 S 82.552628 -12.090182 142.767548 1.800000 0.000000 0.000000
660000 45 C 83.135368 -11.351534 139.531662 1.530000 0.000000 0.000000
660000 46 P 84.282578 -15.567609 141.758530 2.110000 -1.000000 0.000000
660000 47 S 83.572746 -16.734787 138.213089 1.800000 0.000000 0.000000
660000 48 C 84.969566 -13.956165 136.611649 1.530000 0.000000 0.000000
660000 49 P 85.896301 -19.377911 136.447723 2.110000 -1.000000 0.000000
