700000 1 P 62.005138 32.193127 51.086544 2.150000 -1.000000 0.000000
700000 2 S 62.977951 31.963228 47.282730 1.800000 0.000000 0.000000
700000 3 G 61.687840 28.984663 46.613422 1.530000 0.000000 0.000000
700000 4 P 59.968407 34.283920 46.942699 2.150000 -1.000000 0.000000
700000 5 S 58.156239 33.267460 43.541470 1.800000 0.000000 0.000000
700000 6 G 57.797340 29.889732 44.268276 1.530000 0.000000 0.000000
700000 7 P 54.948803 34.820415 44.550438 2.150000 -1.000000 0.000000
700000 8 S 53.602905 31.773399 43.085068 1.800000 0.000000 0.000000
700000 9 A 54.302498 30.027746 45.957626 1.530000 0.000000 0.000000
700000 10 P 50.275509 32.450249 44.520226 2.150000 -1.000000 0.000000
700000 11 S 48.794937 28.927399 45.076889 1.800000 0.000000 0.000000
700000 12 G 51.195934 27.793991 46.908871 1.530000 0.000000 0.000000
700000 13 P 46.311756 29.576645 47.785664 2.150000 -1.000000 0.000000
700000 14 S 45.970074 26.240114 49.589394 1.800000 0.000000 0.000000
700000 15 G 49.124798 26.931515 51.023464 1.530000 0.000000 0.000000
700000 16 P 43.888363 28.085964 52.392475 2.150000 -1.000000 0.000000
700000 17 S 45.163757 26.256504 55.663445 1.800000 0.000000 0.000000
700000 18 A 48.651432 26.879568 56.378056 1.530000 0.000000 0.000000
700000 19 P 44.149876 29.595753 57.157974 2.150000 -1.000000 0.000000
700000 20 S 43.538593 28.733961 60.867619 1.800000 0.000000 0.000000
700000 21 A 46.396526 28.186983 62.390800 1.530000 0.000000 0.000000
700000 22 P 43.792007 32.587631 60.706902 2.150000 -1.000000 0.000000
700000 23 S 45.094555 33.241055 64.355270 1.800000 0.000000 0.000000
700000 24 G 47.573383 31.181028 65.365494 1.530000 0.000000 0.000000
700000 25 P 47.741459 35.997032 63.670025 2.150000 -1.000000 0.000000
700000 26 S 50.138100 34.278137 66.033646 1.800000 0.000000 0.000000
700000 27 G 51.452637 31.784382 64.179001 1.530000 0.000000 0.000000
700000 28 P 52.114384 36.523323 63.537834 2.150000 -1.000000 0.000000
700000 29 S 54.202579 33.375015 64.181145 1.800000 0.000000 0.000000
700000 30 A 55.881264 34.361481 66.569839 1.530000 0.000000 0.000000
700000 31 P 57.308510 33.237267 61.841801 2.150000 -1.000000 0.000000
700000 32 S 57.529316 29.503950 62.965767 1.800000 0.000000 0.000000
700000 33 G 54.651306 28.499178 61.246525 1.530000 0.000000 0.000000
700000 34 P 59.776260 28.142550 60.249882 2.150000 -1.000000 0.000000
700000 35 S 57.407799 25.157154 59.858089 1.800000 0.000000 0.000000
700000 36 C 54.976963 26.106199 57.932266 1.530000 0.000000 0.000000
700000 37 P 58.615143 22.494501 57.627060 2.150000 -1.000000 0.000000
700000 38 S 55.111156 21.376165 56.409996 1.800000 0.000000 0.000000
700000 39 C 53.313999 23.507160 54.695351 1.530000 0.000000 0.000000
700000 40 P 56.258823 18.972141 53.729767 2.150000 -1.000000 0.000000
700000 41 S 53.162148 19.279392 51.421066 1.800000 0.000000 0.000000
700000 42 U 53.580498 22.475992 50.604694 1.530000 0.000000 0.000000
700000 43 P 54.038151 17.565804 47.979652 2.150000 -1.000000 0.000000
700000 44 S 52.129623 19.277065 45.135757 1.800000 0.000000 0.000000
700000 45 C 53.806728 21.888475 45.798988 1.530000 0.000000 0.000000
700000 46 P 55.014488 17.511225 43.434814 2.150000 -1.000000 0.000000
700000 47 S 55.510555 20.369816 40.937252 1.800000 0.000000 0.000000
700000 48 C 57.352383 21.720831 43.346176 1.530000 0.000000 0.000000
700000 49 P 58.444736 18.482548 39.318455 2.150000 -1.000000 0.000000
