480000 1 P -178.718491 -14.335169 -73.159142 2.110000 -1.000000 1.000000
480000 2 S -181.645020 -16.698072 -74.018806 1.800000 0.000000 0.000000
480000 3 G -183.641098 -14.162099 -74.241997 2.150000 0.000000 0.000000
480000 4 P -180.509949 -16.750160 -77.588737 2.110000 -1.000000 0.000000
480000 5 S -184.128799 -16.839615 -79.061554 1.800000 0.000000 0.000000
480000 6 G -184.658783 -13.156587 -78.787582 2.150000 0.000000 0.000000
480000 7 P -183.544632 -16.453644 -82.770241 2.110000 -1.000000 0.000000
480000 8 S -186.565109 -15.094607 -84.639801 1.800000 0.000000 0.000000
480000 9 G -187.432816 -11.995328 -83.243942 2.150000 0.000000 0.000000
480000 10 P -184.966690 -13.727674 -87.963577 2.110000 -1.000000 0.000000
480000 11 S -187.804550 -11.678699 -89.325928 1.800000 0.000000 0.000000
480000 12 C -187.015625 -9.182211 -87.157913 2.150000 0.000000 0.000000
480000 13 P -184.844650 -10.620542 -91.298950 2.110000 -1.000000 0.000000
480000 14 S -185.821503 -7.564955 -93.343781 1.800000 0.000000 0.000000
480000 15 G -186.891846 -6.086342 -90.625656 2.150000 0.000000 0.000000
480000 16 P -182.141891 -7.203873 -92.894661 2.110000 -1.000000 0.000000
480000 17 S -182.176285 -3.440122 -92.403984 1.800000 0.000000 0.000000
480000 18 C -181.480835 -2.578031 -95.803749 2.150000 0.000000 0.000000
480000 19 P -178.725555 -2.918779 -90.871376 2.110000 -1.000000 0.000000
480000 20 S -181.018875 0.050370 -89.900307 1.800000 0.000000 0.000000
480000 21 A -182.934799 -2.662564 -88.758545 2.150000 0.000000 0.000000
480000 22 P -179.233231 1.301249 -86.513863 2.110000 -1.000000 0.000000
480000 23 S -182.795853 1.885796 -85.333839 1.800000 0.000000 0.000000
480000 24 A -183.044479 -1.361984 -84.416382 2.150000 0.000000 0.000000
480000 25 P -183.252747 2.772557 -81.682915 2.110000 -1.000000 0.000000
480000 26 S -186.864578 1.532201 -81.345055 1.800000 0.000000 0.000000
480000 27 G -187.994888 -1.542630 -82.589241 2.150000 0.000000 0.000000
480000 28 P -187.534531 1.029545 -77.550957 2.110000 -1.000000 0.000000
480000 29 S -190.542358 -0.946791 -78.758430 1.800000 0.000000 0.000000
480000 30 C -188.902039 -4.101571 -79.533661 2.150000 0.000000 0.000000
480000 31 P -192.420197 -2.357806 -75.878395 2.110000 -1.000000 0.000000
480000 32 S -193.887711 -5.524905 -77.806961 1.800000 0.000000 0.000000
480000 33 C -191.090973 -7.470592 -77.877716 2.150000 0.000000 0.000000
480000 34 P -195.288803 -6.902485 -74.633110 2.110000 -1.000000 0.000000
480000 35 S -195.304977 -10.588896 -75.600494 1.800000 0.000000 0.000000
480000 36 U -192.260330 -10.794389 -73.778145 2.150000 0.000000 0.000000
480000 37 P -196.188400 -13.076089 -72.748856 2.110000 -1.000000 0.000000
