500 1 P -178.462158 -14.090706 -73.091904 2.110000 -1.000000 1.000000
500 2 S -181.475845 -16.757786 -73.740913 1.800000 0.000000 0.000000
500 3 G -183.874741 -14.292323 -74.162964 2.150000 0.000000 0.000000
500 4 P -180.743591 -16.880379 -77.509705 2.110000 -1.000000 0.000000
500 5 S -184.331055 -17.109381 -79.133896 1.800000 0.000000 0.000000
500 6 G -184.694580 -13.274919 -78.852768 2.150000 0.000000 0.000000
500 7 P -183.580429 -16.571976 -82.835426 2.110000 -1.000000 0.000000
500 8 S -186.578201 -15.123254 -84.452919 1.800000 0.000000 0.000000
500 9 G -186.455505 -11.521125 -83.759270 2.150000 0.000000 0.000000
500 10 P -185.020416 -13.734404 -87.842735 2.110000 -1.000000 0.000000
500 11 S -187.881668 -11.634689 -89.319763 1.800000 0.000000 0.000000
500 12 C -187.167007 -8.927455 -87.522362 2.150000 0.000000 0.000000
500 13 P -184.833984 -10.582968 -91.385422 2.110000 -1.000000 0.000000
500 14 S -185.471893 -7.391558 -93.453232 1.800000 0.000000 0.000000
500 15 G -187.050400 -5.781522 -90.894020 2.150000 0.000000 0.000000
500 16 P -181.780777 -6.421717 -93.705177 2.110000 -1.000000 0.000000
500 17 S -181.417877 -2.618663 -93.180237 1.800000 0.000000 0.000000
500 18 C -181.203644 -1.717595 -96.360626 2.150000 0.000000 0.000000
500 19 P -178.071762 -1.927151 -91.512291 2.110000 -1.000000 0.000000
500 20 S -180.354752 1.026675 -90.511116 1.800000 0.000000 0.000000
500 21 A -182.424637 -1.152502 -88.599380 2.150000 0.000000 0.000000
500 22 P -178.640213 2.237745 -87.159599 2.110000 -1.000000 0.000000
500 23 S -182.256195 2.173480 -85.266724 1.800000 0.000000 0.000000
500 24 A -184.318680 4.372945 -87.204857 2.150000 0.000000 0.000000
500 25 P -183.063797 3.101277 -81.780296 2.110000 -1.000000 0.000000
500 26 S -186.841019 1.948794 -81.988625 1.800000 0.000000 0.000000
500 27 G -188.219055 -1.061095 -83.379005 2.150000 0.000000 0.000000
500 28 P -187.625183 1.319026 -78.127884 2.110000 -1.000000 0.000000
500 29 S -190.609695 -0.967403 -78.872383 1.800000 0.000000 0.000000
500 30 C -188.997375 -4.102841 -79.696472 2.150000 0.000000 0.000000
500 31 P -192.519104 -2.372166 -75.730797 2.110000 -1.000000 0.000000
500 32 S -193.953232 -5.375384 -77.371620 1.800000 0.000000 0.000000
500 33 C -190.869186 -7.151907 -76.845306 2.150000 0.000000 0.000000
500 34 P -195.398331 -6.775012 -73.986282 2.110000 -1.000000 0.000000
500 35 S -195.479858 -10.637082 -74.476265 1.800000 0.000000 0.000000
500 36 U -192.019485 -10.744864 -73.453743 2.150000 0.000000 0.000000
500 37 P -196.611938 -11.744164 -71.005333 2.110000 -1.000000 0.000000
1000 1 P -178.890381 -14.336024 -71.951538 2.110000 -1.000000 1.000000
1000 2 S -181.471832 -16.668219 -73.765968 1.800000 0.000000 0.000000
1000 3 G -184.102951 -14.741402 -74.855904 2.150000 0.000000 0.000000
1000 4 P -180.682343 -16.652805 -77.589531 2.110000 -1.000000 0.000000
1000 5 S -184.317596 -16.982658 -79.145271 1.800000 0.000000 0.000000
1000 6 G -185.070816 -13.349039 -79.386368 2.150000 0.000000 0.000000
1000 7 P -183.562775 -16.548767 -82.719589 2.110000 -1.000000 0.000000
1000 8 S -186.565002 -15.014626 -84.581367 1.800000 0.000000 0.000000
1000 9 G -186.503540 -11.571605 -83.761215 2.150000 0.000000 0.000000
1000 10 P -185.068451 -13.784883 -87.844681 2.110000 -1.000000 0.000000
1000 11 S -187.844238 -11.656599 -89.303604 1.800000 0.000000 0.000000
1000 12 C -187.086655 -8.875846 -87.685654 2.150000 0.000000 0.000000
1000 13 P -184.800690 -10.609631 -91.379158 2.110000 -1.000000 0.000000
1000 14 S -185.269409 -7.267146 -93.615471 1.800000 0.000000 0.000000
1000 15 G -186.494873 -7.814874 -96.709587 2.150000 0.000000 0.000000
1000 16 P -181.567230 -6.135759 -93.619835 2.110000 -1.000000 0.000000
1000 17 S -181.563263 -2.166882 -93.188889 1.800000 0.000000 0.000000
1000 18 C -182.051666 -3.006932 -89.621758 2.150000 0.000000 0.000000
1000 19 P -177.960480 -1.359865 -91.818665 2.110000 -1.000000 0.000000
1000 20 S -180.235168 1.639610 -90.882271 1.800000 0.000000 0.000000
1000 21 A -183.514008 0.770821 -89.872452 2.150000 0.000000 0.000000
1000 22 P -178.805908 2.631906 -87.314499 2.110000 -1.000000 0.000000
1000 23 S -182.447128 2.401958 -85.665848 1.800000 0.000000 0.000000
1000 24 A -182.247421 -0.941071 -85.587288 2.150000 0.000000 0.000000
1000 25 P -182.998871 3.111606 -81.841324 2.110000 -1.000000 0.000000
1000 26 S -186.755844 2.066691 -82.396370 1.800000 0.000000 0.000000
1000 27 G -187.065063 -0.345878 -84.996979 2.150000 0.000000 0.000000
1000 28 P -187.390793 1.368578 -78.512329 2.110000 -1.000000 0.000000
1000 29 S -190.671661 -1.028278 -78.941803 1.800000 0.000000 0.000000
1000 30 C -188.787796 -3.990183 -79.848953 2.150000 0.000000 0.000000
1000 31 P -192.534409 -2.308521 -75.677155 2.110000 -1.000000 0.000000
1000 32 S -193.947632 -5.300080 -77.387650 1.800000 0.000000 0.000000
1000 33 C -190.863586 -7.076603 -76.861336 2.150000 0.000000 0.000000
1000 34 P -195.446152 -6.818040 -74.108124 2.110000 -1.000000 0.000000
1000 35 S -195.523193 -10.558006 -75.151894 1.800000 0.000000 0.000000
1000 36 U -192.062820 -10.665789 -74.129372 2.150000 0.000000 0.000000
1000 37 P -196.736191 -12.318735 -71.646324 2.110000 -1.000000 0.000000
1500 1 P -182.354691 -20.410894 -73.234589 2.110000 -1.000000 1.000000
1500 2 S -181.586456 -16.609194 -73.752563 1.800000 0.000000 0.000000
1500 3 G -184.211487 -14.712278 -74.790939 2.150000 0.000000 0.000000
1500 4 P -180.790878 -16.623684 -77.524567 2.110000 -1.000000 0.000000
1500 5 S -184.400299 -17.050344 -78.991562 1.800000 0.000000 0.000000
1500 6 G -185.116318 -13.443464 -79.333275 2.150000 0.000000 0.000000
1500 7 P -183.608276 -16.643194 -82.666496 2.110000 -1.000000 0.000000
1500 8 S -186.577087 -15.138345 -84.267799 1.800000 0.000000 0.000000
1500 9 G -186.565155 -11.729228 -83.542480 2.150000 0.000000 0.000000
1500 10 P -185.114212 -13.890657 -87.715187 2.110000 -1.000000 0.000000
1500 11 S -187.874054 -11.751137 -89.211044 1.800000 0.000000 0.000000
1500 12 C -187.509186 -9.071549 -87.085762 2.150000 0.000000 0.000000
1500 13 P -184.833832 -10.700970 -91.268562 2.110000 -1.000000 0.000000
1500 14 S -185.667908 -7.607759 -93.439285 1.800000 0.000000 0.000000
1500 15 G -187.296722 -5.742072 -91.193298 2.150000 0.000000 0.000000
1500 16 P -182.144897 -6.600502 -93.724556 2.110000 -1.000000 0.000000
1500 17 S -182.238983 -2.761919 -93.254944 1.800000 0.000000 0.000000
1500 18 C -183.565399 -2.846920 -89.867645 2.150000 0.000000 0.000000
1500 19 P -178.746490 -1.858117 -92.186867 2.110000 -1.000000 0.000000
1500 20 S -181.021561 1.143121 -91.235115 1.800000 0.000000 0.000000
1500 21 A -178.729691 3.414483 -92.852615 2.150000 0.000000 0.000000
1500 22 P -179.438507 2.341963 -87.672142 2.110000 -1.000000 0.000000
1500 23 S -182.980927 2.244382 -85.783768 1.800000 0.000000 0.000000
1500 24 A -182.450623 -1.251731 -85.491699 2.150000 0.000000 0.000000
1500 25 P -183.097107 3.071174 -81.877434 2.110000 -1.000000 0.000000
1500 26 S -186.707077 1.855471 -81.877609 1.800000 0.000000 0.000000
1500 27 G -187.016296 -0.557098 -84.478218 2.150000 0.000000 0.000000
1500 28 P -187.756363 1.125928 -78.093834 2.110000 -1.000000 0.000000
1500 29 S -190.731125 -1.120788 -78.851036 1.800000 0.000000 0.000000
1500 30 C -188.847260 -4.082694 -79.758186 2.150000 0.000000 0.000000
1500 31 P -192.539886 -2.273243 -75.674675 2.110000 -1.000000 0.000000
1500 32 S -193.970428 -5.292723 -77.397636 1.800000 0.000000 0.000000
1500 33 C -190.886383 -7.069246 -76.871323 2.150000 0.000000 0.000000
1500 34 P -195.474243 -6.767153 -74.127792 2.110000 -1.000000 0.000000
1500 35 S -195.664886 -10.557010 -75.091499 1.800000 0.000000 0.000000
1500 36 U -192.204514 -10.664792 -74.068977 2.150000 0.000000 0.000000
1500 37 P -197.369553 -12.942262 -72.166985 2.110000 -1.000000 0.000000
2000 1 P -178.352936 -13.716426 -72.398369 2.110000 -1.000000 1.000000
2000 2 S -181.216568 -16.333731 -73.534515 1.800000 0.000000 0.000000
2000 3 G -183.957809 -14.575166 -73.923859 2.150000 0.000000 0.000000
2000 4 P -180.410080 -16.318554 -77.364365 2.110000 -1.000000 0.000000
2000 5 S -184.071762 -16.859964 -78.799973 1.800000 0.000000 0.000000
2000 6 G -184.752228 -13.149468 -79.158142 2.150000 0.000000 0.000000
2000 7 P -183.244186 -16.349199 -82.491364 2.110000 -1.000000 0.000000
2000 8 S -186.486603 -15.064399 -84.118645 1.800000 0.000000 0.000000
2000 9 G -187.778625 -12.087086 -83.010071 2.150000 0.000000 0.000000
2000 10 P -185.052200 -13.834239 -87.555862 2.110000 -1.000000 0.000000
2000 11 S -187.795746 -11.706594 -89.118629 1.800000 0.000000 0.000000
2000 12 C -187.536423 -9.113525 -87.076973 2.150000 0.000000 0.000000
2000 13 P -184.861069 -10.742946 -91.259773 2.110000 -1.000000 0.000000
2000 14 S -185.643143 -7.355853 -93.083916 1.800000 0.000000 0.000000
2000 15 G -187.181305 -5.229093 -90.774429 2.150000 0.000000 0.000000
2000 16 P -182.168732 -6.088037 -93.265175 2.110000 -1.000000 0.000000
2000 17 S -182.334824 -2.045785 -92.554596 1.800000 0.000000 0.000000
2000 18 C -182.752213 -2.850298 -89.329895 2.150000 0.000000 0.000000
2000 19 P -178.634521 -1.059794 -91.795685 2.110000 -1.000000 0.000000
2000 20 S -180.909592 1.941443 -90.843933 1.800000 0.000000 0.000000
2000 21 A -178.799927 4.103781 -92.519241 2.150000 0.000000 0.000000
2000 22 P -179.420593 2.854853 -87.524414 2.110000 -1.000000 0.000000
2000 23 S -182.895203 2.512661 -85.750053 1.800000 0.000000 0.000000
2000 24 A -181.546097 -0.355190 -86.232704 2.150000 0.000000 0.000000
2000 25 P -183.152344 3.148332 -82.112556 2.110000 -1.000000 0.000000
2000 26 S -186.896637 1.938659 -81.980858 1.800000 0.000000 0.000000
2000 27 G -188.294495 -1.040226 -83.334679 2.150000 0.000000 0.000000
2000 28 P -187.740997 1.178989 -78.176346 2.110000 -1.000000 0.000000
2000 29 S -190.757843 -1.071972 -78.833961 1.800000 0.000000 0.000000
2000 30 C -188.778671 -3.902500 -79.754730 2.150000 0.000000 0.000000
2000 31 P -192.453781 -2.184641 -75.558861 2.110000 -1.000000 0.000000
2000 32 S -193.762024 -5.151759 -77.272896 1.800000 0.000000 0.000000
2000 33 C -190.677979 -6.928282 -76.746582 2.150000 0.000000 0.000000
2000 34 P -195.259750 -6.573751 -73.886520 2.110000 -1.000000 0.000000
2000 35 S -195.309143 -10.339027 -74.714157 1.800000 0.000000 0.000000
2000 36 U -191.848770 -10.446810 -73.691635 2.150000 0.000000 0.000000
2000 37 P -196.584351 -12.679830 -72.274277 2.110000 -1.000000 0.000000
2500 1 P -178.256393 -13.828168 -73.171082 2.110000 -1.000000 1.000000
2500 2 S -181.236908 -16.467001 -73.748695 1.800000 0.000000 0.000000
2500 3 G -184.003601 -14.661604 -74.119774 2.150000 0.000000 0.000000
2500 4 P -180.455872 -16.404995 -77.560280 2.110000 -1.000000 0.000000
2500 5 S -184.089645 -16.833944 -78.875473 1.800000 0.000000 0.000000
2500 6 G -184.743912 -13.107041 -79.053085 2.150000 0.000000 0.000000
2500 7 P -183.235870 -16.306772 -82.386307 2.110000 -1.000000 0.000000
2500 8 S -186.500076 -15.056010 -84.127136 1.800000 0.000000 0.000000
2500 9 G -187.782257 -12.060005 -83.079613 2.150000 0.000000 0.000000
2500 10 P -185.055832 -13.807158 -87.625404 2.110000 -1.000000 0.000000
2500 11 S -187.805161 -11.698722 -89.181732 1.800000 0.000000 0.000000
2500 12 C -187.526001 -9.262973 -86.662964 2.150000 0.000000 0.000000
2500 13 P -184.882431 -10.762197 -91.298363 2.110000 -1.000000 0.000000
2500 14 S -185.813873 -7.363582 -93.234947 1.800000 0.000000 0.000000
2500 15 G -186.621841 -5.237618 -90.701958 2.150000 0.000000 0.000000
2500 16 P -182.755432 -5.427086 -94.036842 2.110000 -1.000000 0.000000
2500 17 S -182.753952 -1.495950 -93.817078 1.800000 0.000000 0.000000
2500 18 C -183.850723 -0.953010 -90.428337 2.150000 0.000000 0.000000
2500 19 P -178.960281 -0.552562 -92.808983 2.110000 -1.000000 0.000000
2500 20 S -181.219849 2.459942 -91.941154 1.800000 0.000000 0.000000
2500 21 A -179.714050 4.692335 -94.255035 2.150000 0.000000 0.000000
2500 22 P -179.941147 3.226365 -88.436195 2.110000 -1.000000 0.000000
2500 23 S -182.978897 2.221227 -86.119949 1.800000 0.000000 0.000000
2500 24 A -182.487778 -1.050270 -86.199821 2.150000 0.000000 0.000000
2500 25 P -183.048157 3.270406 -82.376953 2.110000 -1.000000 0.000000
2500 26 S -186.821960 2.123907 -82.449844 1.800000 0.000000 0.000000
2500 27 G -188.219818 -0.854979 -83.803665 2.150000 0.000000 0.000000
2500 28 P -187.769958 1.377289 -78.686188 2.110000 -1.000000 0.000000
2500 29 S -190.755630 -0.977512 -79.025017 1.800000 0.000000 0.000000
2500 30 C -188.776459 -3.808041 -79.945786 2.150000 0.000000 0.000000
2500 31 P -192.446396 -2.061162 -75.613327 2.110000 -1.000000 0.000000
2500 32 S -193.791489 -5.205818 -76.990715 1.800000 0.000000 0.000000
2500 33 C -190.707443 -6.982340 -76.464401 2.150000 0.000000 0.000000
2500 34 P -195.220886 -6.439468 -73.608902 2.110000 -1.000000 0.000000
2500 35 S -195.236984 -10.256103 -74.409233 1.800000 0.000000 0.000000
2500 36 U -191.776611 -10.363885 -73.386711 2.150000 0.000000 0.000000
2500 37 P -196.570847 -11.886050 -71.009567 2.110000 -1.000000 0.000000
3000 1 P -178.914932 -14.980004 -72.149101 2.110000 -1.000000 1.000000
3000 2 S -181.639282 -17.025560 -73.872810 1.800000 0.000000 0.000000
3000 3 G -184.083435 -14.786534 -74.061966 2.150000 0.000000 0.000000
3000 4 P -180.535706 -16.529919 -77.502472 2.110000 -1.000000 0.000000
3000 5 S -184.202927 -17.019781 -78.794731 1.800000 0.000000 0.000000
3000 6 G -185.158127 -13.697991 -78.320648 2.150000 0.000000 0.000000
3000 7 P -183.414902 -16.481487 -82.426155 2.110000 -1.000000 0.000000
3000 8 S -186.671585 -15.223482 -83.946632 1.800000 0.000000 0.000000
3000 9 G -187.663452 -12.395344 -82.343636 2.150000 0.000000 0.000000
3000 10 P -185.207275 -14.020199 -87.367294 2.110000 -1.000000 0.000000
3000 11 S -187.935150 -11.842982 -88.933487 1.800000 0.000000 0.000000
3000 12 C -187.582870 -9.301388 -86.631889 2.150000 0.000000 0.000000
3000 13 P -184.939301 -10.800612 -91.267288 2.110000 -1.000000 0.000000
3000 14 S -185.944824 -7.468439 -93.213112 1.800000 0.000000 0.000000
3000 15 G -186.619431 -6.047836 -90.031395 2.150000 0.000000 0.000000
3000 16 P -182.516525 -5.679970 -93.499496 2.110000 -1.000000 0.000000
3000 17 S -182.869553 -1.670110 -93.347618 1.800000 0.000000 0.000000
3000 18 C -182.383286 -2.282380 -96.656868 2.150000 0.000000 0.000000
3000 19 P -179.163589 -0.803836 -92.125801 2.110000 -1.000000 0.000000
3000 20 S -181.417221 2.215744 -91.301628 1.800000 0.000000 0.000000
3000 21 A -183.646530 0.078234 -89.677452 2.150000 0.000000 0.000000
3000 22 P -180.004669 3.037859 -87.870270 2.110000 -1.000000 0.000000
3000 23 S -183.407196 2.170947 -86.042564 1.800000 0.000000 0.000000
3000 24 A -183.043045 -1.282455 -85.376038 2.150000 0.000000 0.000000
3000 25 P -183.248901 3.210157 -82.167038 2.110000 -1.000000 0.000000
3000 26 S -186.941971 1.942049 -81.987228 1.800000 0.000000 0.000000
3000 27 G -188.339828 -1.036837 -83.341049 2.150000 0.000000 0.000000
3000 28 P -187.774506 1.083592 -78.290466 2.110000 -1.000000 0.000000
3000 29 S -190.780930 -1.148803 -78.803932 1.800000 0.000000 0.000000
3000 30 C -188.801758 -3.979331 -79.724701 2.150000 0.000000 0.000000
3000 31 P -192.401566 -2.216356 -75.369415 2.110000 -1.000000 0.000000
3000 32 S -193.984879 -5.376902 -76.790199 1.800000 0.000000 0.000000
3000 33 C -190.837906 -7.127834 -76.280708 2.150000 0.000000 0.000000
3000 34 P -195.545197 -6.784791 -73.466316 2.110000 -1.000000 0.000000
3000 35 S -195.543884 -10.672889 -74.473022 1.800000 0.000000 0.000000
3000 36 U -192.083511 -10.780671 -73.450500 2.150000 0.000000 0.000000
3000 37 P -196.749084 -11.658235 -70.939949 2.110000 -1.000000 0.000000
3500 1 P -178.607452 -14.025031 -72.215836 2.110000 -1.000000 1.000000
3500 2 S -181.391541 -16.573177 -73.710587 1.800000 0.000000 0.000000
3500 3 G -184.023193 -14.615602 -73.958870 2.150000 0.000000 0.000000
3500 4 P -180.475464 -16.358986 -77.399376 2.110000 -1.000000 0.000000
3500 5 S -184.093597 -16.875572 -79.070427 1.800000 0.000000 0.000000
3500 6 G -185.095276 -13.572485 -78.637001 2.150000 0.000000 0.000000
3500 7 P -183.352051 -16.355978 -82.742508 2.110000 -1.000000 0.000000
3500 8 S -186.575165 -15.019054 -84.252396 1.800000 0.000000 0.000000
3500 9 G -187.063278 -11.989562 -82.953285 2.150000 0.000000 0.000000
3500 10 P -185.037949 -13.844827 -87.541466 2.110000 -1.000000 0.000000
3500 11 S -187.870605 -11.803342 -88.805237 1.800000 0.000000 0.000000
3500 12 C -187.545349 -9.271473 -86.595963 2.150000 0.000000 0.000000
3500 13 P -184.901779 -10.770698 -91.231361 2.110000 -1.000000 0.000000
3500 14 S -186.341843 -7.682065 -92.933937 1.800000 0.000000 0.000000
3500 15 G -187.072052 -5.658661 -90.397552 2.150000 0.000000 0.000000
3500 16 P -182.715393 -6.511967 -92.590424 2.110000 -1.000000 0.000000
3500 17 S -182.482529 -2.583137 -92.328415 1.800000 0.000000 0.000000
3500 18 C -184.887878 -1.689637 -90.176384 2.150000 0.000000 0.000000
3500 19 P -178.823212 -1.942619 -90.617508 2.110000 -1.000000 0.000000
3500 20 S -181.078201 1.080570 -89.787544 1.800000 0.000000 0.000000
3500 21 A -179.274734 3.421811 -91.814735 2.150000 0.000000 0.000000
3500 22 P -179.266846 2.099768 -86.525177 2.110000 -1.000000 0.000000
3500 23 S -182.953232 1.882580 -85.398514 1.800000 0.000000 0.000000
3500 24 A -183.194794 -1.897655 -84.949219 2.150000 0.000000 0.000000
3500 25 P -183.365326 2.996764 -81.621628 2.110000 -1.000000 0.000000
3500 26 S -187.015488 1.948419 -81.968773 1.800000 0.000000 0.000000
3500 27 G -188.413345 -1.030467 -83.322594 2.150000 0.000000 0.000000
3500 28 P -187.837402 1.097584 -78.292587 2.110000 -1.000000 0.000000
3500 29 S -190.808563 -1.128989 -78.722771 1.800000 0.000000 0.000000
3500 30 C -188.829391 -3.959517 -79.643539 2.150000 0.000000 0.000000
3500 31 P -192.317245 -2.223005 -75.311668 2.110000 -1.000000 0.000000
3500 32 S -193.956650 -5.421463 -76.652016 1.800000 0.000000 0.000000
3500 33 C -190.809677 -7.172395 -76.142525 2.150000 0.000000 0.000000
3500 34 P -195.609879 -6.880754 -73.520241 2.110000 -1.000000 0.000000
3500 35 S -195.559189 -10.793127 -74.150406 1.800000 0.000000 0.000000
3500 36 U -192.098816 -10.900909 -73.127884 2.150000 0.000000 0.000000
3500 37 P -196.544434 -11.694973 -70.444145 2.110000 -1.000000 0.000000
4000 1 P -178.753708 -14.534847 -72.206680 2.110000 -1.000000 1.000000
4000 2 S -181.663223 -16.896246 -73.225922 1.800000 0.000000 0.000000
4000 3 G -184.027893 -14.520040 -73.711189 2.150000 0.000000 0.000000
4000 4 P -180.662674 -16.677048 -76.959862 2.110000 -1.000000 0.000000
4000 5 S -184.283829 -17.150955 -78.567520 1.800000 0.000000 0.000000
4000 6 G -185.261520 -13.833474 -78.156670 2.150000 0.000000 0.000000
4000 7 P -183.518295 -16.616964 -82.262177 2.110000 -1.000000 0.000000
4000 8 S -186.802216 -15.216247 -83.767097 1.800000 0.000000 0.000000
4000 9 G -187.286392 -12.185555 -82.428444 2.150000 0.000000 0.000000
4000 10 P -185.261063 -14.040819 -87.016624 2.110000 -1.000000 0.000000
4000 11 S -187.975006 -11.765142 -88.782257 1.800000 0.000000 0.000000
4000 12 C -187.614227 -9.231286 -86.586349 2.150000 0.000000 0.000000
4000 13 P -184.970657 -10.730511 -91.221748 2.110000 -1.000000 0.000000
4000 14 S -186.103119 -8.040972 -93.373001 1.800000 0.000000 0.000000
4000 15 G -187.295639 -6.205349 -90.868118 2.150000 0.000000 0.000000
4000 16 P -182.310913 -7.273359 -93.048042 2.110000 -1.000000 0.000000
4000 17 S -183.100479 -3.475203 -92.361755 1.800000 0.000000 0.000000
4000 18 C -182.483978 -2.839127 -95.844856 2.150000 0.000000 0.000000
4000 19 P -179.444550 -2.566060 -91.108612 2.110000 -1.000000 0.000000
4000 20 S -181.681015 0.446079 -90.239769 1.800000 0.000000 0.000000
4000 21 A -183.989944 -1.386073 -88.290291 2.150000 0.000000 0.000000
4000 22 P -180.034363 2.075376 -87.102005 2.110000 -1.000000 0.000000
4000 23 S -183.580673 2.143019 -85.545937 1.800000 0.000000 0.000000
4000 24 A -184.714355 5.295578 -86.973885 2.150000 0.000000 0.000000
4000 25 P -183.217102 3.157030 -81.848480 2.110000 -1.000000 0.000000
4000 26 S -186.896896 1.936467 -81.925705 1.800000 0.000000 0.000000
4000 27 G -188.117569 -0.819809 -83.612152 2.150000 0.000000 0.000000
4000 28 P -187.583527 1.125255 -78.197990 2.110000 -1.000000 0.000000
4000 29 S -190.681717 -1.343968 -78.055992 1.800000 0.000000 0.000000
4000 30 C -189.037903 -4.396362 -78.510689 2.150000 0.000000 0.000000
4000 31 P -192.480728 -2.409179 -74.790138 2.110000 -1.000000 0.000000
4000 32 S -194.164917 -5.727562 -76.169266 1.800000 0.000000 0.000000
4000 33 C -191.017944 -7.478494 -75.659775 2.150000 0.000000 0.000000
4000 34 P -195.818146 -7.186853 -73.037491 2.110000 -1.000000 0.000000
4000 35 S -195.696899 -11.059563 -73.639015 1.800000 0.000000 0.000000
4000 36 U -192.256836 -11.071328 -72.842529 2.150000 0.000000 0.000000
4000 37 P -197.061783 -12.225471 -70.081779 2.110000 -1.000000 0.000000
4500 1 P -179.162918 -15.147690 -71.036644 2.110000 -1.000000 1.000000
4500 2 S -181.856689 -17.184958 -73.120293 1.800000 0.000000 0.000000
4500 3 G -184.217346 -14.825379 -73.572845 2.150000 0.000000 0.000000
4500 4 P -180.852127 -16.982397 -76.821518 2.110000 -1.000000 0.000000
4500 5 S -184.261642 -17.127253 -78.765633 1.800000 0.000000 0.000000
4500 6 G -185.252335 -13.838370 -78.401848 2.150000 0.000000 0.000000
4500 7 P -183.509109 -16.621864 -82.507355 2.110000 -1.000000 0.000000
4500 8 S -186.775803 -15.232232 -83.780800 1.800000 0.000000 0.000000
4500 9 G -187.268631 -12.157344 -82.556137 2.150000 0.000000 0.000000
4500 10 P -185.243301 -14.012609 -87.144318 2.110000 -1.000000 0.000000
4500 11 S -187.981583 -11.780361 -88.821976 1.800000 0.000000 0.000000
4500 12 C -187.618637 -9.221988 -86.660179 2.150000 0.000000 0.000000
4500 13 P -184.975067 -10.721212 -91.295578 2.110000 -1.000000 0.000000
4500 14 S -186.576447 -7.697578 -93.370575 1.800000 0.000000 0.000000
4500 15 G -187.498917 -5.313831 -91.032600 2.150000 0.000000 0.000000
4500 16 P -182.959473 -6.950069 -93.303146 2.110000 -1.000000 0.000000
4500 17 S -183.216125 -3.116797 -92.738586 1.800000 0.000000 0.000000
4500 18 C -182.982727 -4.115861 -89.283546 2.150000 0.000000 0.000000
4500 19 P -179.670532 -2.505686 -91.242371 2.110000 -1.000000 0.000000
4500 20 S -181.881836 0.522242 -90.401764 1.800000 0.000000 0.000000
4500 21 A -180.954254 2.881918 -92.484940 2.150000 0.000000 0.000000
4500 22 P -179.645905 1.850022 -87.482422 2.110000 -1.000000 0.000000
4500 23 S -183.028961 1.913304 -85.596680 1.800000 0.000000 0.000000
4500 24 A -183.695068 -1.267852 -84.680992 2.150000 0.000000 0.000000
4500 25 P -182.922852 2.900036 -81.807472 2.110000 -1.000000 0.000000
4500 26 S -186.737503 2.007379 -82.147293 1.800000 0.000000 0.000000
4500 27 G -187.865707 -0.984356 -83.204163 2.150000 0.000000 0.000000
4500 28 P -187.638336 1.240051 -78.568504 2.110000 -1.000000 0.000000
4500 29 S -190.600174 -1.257422 -78.315590 1.800000 0.000000 0.000000
4500 30 C -188.796906 -4.203318 -78.912918 2.150000 0.000000 0.000000
4500 31 P -192.407486 -2.315513 -75.076225 2.110000 -1.000000 0.000000
4500 32 S -194.136200 -5.747323 -76.260941 1.800000 0.000000 0.000000
4500 33 C -190.936432 -7.358187 -76.048424 2.150000 0.000000 0.000000
4500 34 P -195.812073 -7.144931 -73.080154 2.110000 -1.000000 0.000000
4500 35 S -195.701172 -10.838736 -73.920731 1.800000 0.000000 0.000000
4500 36 U -192.261108 -10.850501 -73.124245 2.150000 0.000000 0.000000
4500 37 P -197.083588 -12.295412 -70.821594 2.110000 -1.000000 0.000000
5000 1 P -178.845657 -15.015957 -72.136230 2.110000 -1.000000 1.000000
5000 2 S -181.684113 -17.080149 -73.711205 1.800000 0.000000 0.000000
5000 3 G -184.008102 -14.581608 -73.749344 2.150000 0.000000 0.000000
5000 4 P -180.655930 -16.720116 -77.338326 2.110000 -1.000000 0.000000
5000 5 S -184.161392 -17.036413 -78.859833 1.800000 0.000000 0.000000
5000 6 G -185.202301 -13.792336 -78.453125 2.150000 0.000000 0.000000
5000 7 P -183.459076 -16.575830 -82.558632 2.110000 -1.000000 0.000000
5000 8 S -186.743301 -15.199098 -83.865402 1.800000 0.000000 0.000000
5000 9 G -187.235992 -12.178479 -82.634308 2.150000 0.000000 0.000000
5000 10 P -185.210663 -14.033744 -87.222488 2.110000 -1.000000 0.000000
5000 11 S -187.955582 -11.808824 -88.896019 1.800000 0.000000 0.000000
5000 12 C -187.592422 -9.251612 -86.761269 2.150000 0.000000 0.000000
5000 13 P -184.948853 -10.750836 -91.396667 2.110000 -1.000000 0.000000
5000 14 S -186.332703 -7.935423 -93.404968 1.800000 0.000000 0.000000
5000 15 G -186.881699 -6.654489 -89.999428 2.150000 0.000000 0.000000
5000 16 P -182.922409 -6.551221 -94.046326 2.110000 -1.000000 0.000000
5000 17 S -183.230042 -2.522424 -93.723793 1.800000 0.000000 0.000000
5000 18 C -181.403412 -2.149043 -96.608658 2.150000 0.000000 0.000000
5000 19 P -179.677963 -2.104647 -91.652237 2.110000 -1.000000 0.000000
5000 20 S -181.889267 0.923281 -90.811630 1.800000 0.000000 0.000000
5000 21 A -184.114197 -0.251332 -88.449455 2.150000 0.000000 0.000000
5000 22 P -179.955582 2.366678 -87.713722 2.110000 -1.000000 0.000000
5000 23 S -183.134125 1.852559 -85.274734 1.800000 0.000000 0.000000
5000 24 A -183.031036 -1.549651 -84.681351 2.150000 0.000000 0.000000
5000 25 P -183.051392 2.770884 -81.370499 2.110000 -1.000000 0.000000
5000 26 S -186.746384 1.884059 -81.781364 1.800000 0.000000 0.000000
5000 27 G -187.628296 -1.095435 -83.011696 2.150000 0.000000 0.000000
5000 28 P -187.545349 1.064641 -78.154854 2.110000 -1.000000 0.000000
5000 29 S -190.621078 -1.227023 -78.463257 1.800000 0.000000 0.000000
5000 30 C -188.817810 -4.172918 -79.060585 2.150000 0.000000 0.000000
5000 31 P -192.462189 -2.353763 -75.232407 2.110000 -1.000000 0.000000
5000 32 S -194.064453 -5.669865 -76.421654 1.800000 0.000000 0.000000
5000 33 C -190.864685 -7.280728 -76.209137 2.150000 0.000000 0.000000
5000 34 P -195.734314 -7.069458 -73.343338 2.110000 -1.000000 0.000000
5000 35 S -195.527756 -10.827455 -74.315430 1.800000 0.000000 0.000000
5000 36 U -192.087692 -10.839220 -73.518944 2.150000 0.000000 0.000000
5000 37 P -196.030167 -11.955856 -70.634094 2.110000 -1.000000 0.000000
5500 1 P -178.884018 -15.120205 -71.440331 2.110000 -1.000000 1.000000
5500 2 S -181.574799 -17.045506 -73.573555 1.800000 0.000000 0.000000
5500 3 G -183.910355 -14.414799 -73.710670 2.150000 0.000000 0.000000
5500 4 P -180.624527 -16.613850 -77.368233 2.110000 -1.000000 0.000000
5500 5 S -184.072632 -16.814865 -79.215904 1.800000 0.000000 0.000000
5500 6 G -185.136444 -13.594740 -78.766434 2.150000 0.000000 0.000000
5500 7 P -183.393219 -16.378235 -82.871941 2.110000 -1.000000 0.000000
5500 8 S -186.671844 -15.044641 -84.233223 1.800000 0.000000 0.000000
5500 9 G -187.178360 -12.060016 -82.906136 2.150000 0.000000 0.000000
5500 10 P -185.153030 -13.915280 -87.494316 2.110000 -1.000000 0.000000
5500 11 S -187.917709 -11.716334 -89.128082 1.800000 0.000000 0.000000
5500 12 C -187.611908 -9.307819 -86.711868 2.150000 0.000000 0.000000
5500 13 P -184.968338 -10.807044 -91.347267 2.110000 -1.000000 0.000000
5500 14 S -186.190079 -7.864052 -93.512497 1.800000 0.000000 0.000000
5500 15 G -187.828033 -7.483154 -90.195526 2.150000 0.000000 0.000000
5500 16 P -182.573776 -6.500439 -93.800308 2.110000 -1.000000 0.000000
5500 17 S -182.932343 -2.547009 -93.644394 1.800000 0.000000 0.000000
5500 18 C -181.655136 -1.368960 -96.757271 2.150000 0.000000 0.000000
5500 19 P -179.460526 -1.972595 -91.693970 2.110000 -1.000000 0.000000
5500 20 S -181.682114 1.001496 -90.750748 1.800000 0.000000 0.000000
5500 21 A -183.098267 -2.131837 -89.597610 2.150000 0.000000 0.000000
5500 22 P -179.786194 2.396623 -87.636620 2.110000 -1.000000 0.000000
5500 23 S -183.172058 1.920756 -85.595016 1.800000 0.000000 0.000000
5500 24 A -183.045883 -1.662038 -85.408279 2.150000 0.000000 0.000000
5500 25 P -183.320114 2.940991 -81.667702 2.110000 -1.000000 0.000000
5500 26 S -187.014816 1.847434 -81.849190 1.800000 0.000000 0.000000
5500 27 G -187.896729 -1.132060 -83.079521 2.150000 0.000000 0.000000
5500 28 P -187.367859 1.120325 -78.313957 2.110000 -1.000000 0.000000
5500 29 S -190.405914 -1.101858 -78.749954 1.800000 0.000000 0.000000
5500 30 C -188.777527 -4.000679 -79.501259 2.150000 0.000000 0.000000
5500 31 P -192.226105 -2.217701 -75.496513 2.110000 -1.000000 0.000000
5500 32 S -193.990356 -5.567782 -76.452515 1.800000 0.000000 0.000000
5500 33 C -190.790588 -7.178646 -76.239998 2.150000 0.000000 0.000000
5500 34 P -195.758591 -6.941859 -73.367249 2.110000 -1.000000 0.000000
5500 35 S -195.446564 -10.690987 -74.477219 1.800000 0.000000 0.000000
5500 36 U -192.197647 -11.113131 -73.315193 2.150000 0.000000 0.000000
5500 37 P -196.609161 -12.268382 -70.986160 2.110000 -1.000000 0.000000
6000 1 P -178.808304 -14.706212 -72.746620 2.110000 -1.000000 1.000000
6000 2 S -181.717865 -17.076881 -73.654991 1.800000 0.000000 0.000000
6000 3 G -183.985504 -14.435053 -73.701828 2.150000 0.000000 0.000000
6000 4 P -180.699677 -16.634102 -77.359390 2.110000 -1.000000 0.000000
6000 5 S -184.142883 -16.923817 -79.063805 1.800000 0.000000 0.000000
6000 6 G -185.435394 -13.900417 -78.576546 2.150000 0.000000 0.000000
6000 7 P -183.398758 -16.432331 -82.821533 2.110000 -1.000000 0.000000
6000 8 S -186.648178 -15.029460 -84.359207 1.800000 0.000000 0.000000
6000 9 G -186.993958 -12.036422 -82.910515 2.150000 0.000000 0.000000
6000 10 P -185.141907 -13.904049 -87.586594 2.110000 -1.000000 0.000000
6000 11 S -187.855576 -11.635077 -89.191826 1.800000 0.000000 0.000000
6000 12 C -187.561035 -9.255176 -86.707764 2.150000 0.000000 0.000000
6000 13 P -184.917465 -10.754400 -91.343163 2.110000 -1.000000 0.000000
6000 14 S -186.291351 -7.758893 -93.248566 1.800000 0.000000 0.000000
6000 15 G -186.797165 -6.985423 -89.938881 2.150000 0.000000 0.000000
6000 16 P -182.758621 -6.447605 -93.695656 2.110000 -1.000000 0.000000
6000 17 S -182.975311 -2.502543 -93.595932 1.800000 0.000000 0.000000
6000 18 C -185.741760 -1.630669 -91.634186 2.150000 0.000000 0.000000
6000 19 P -179.536377 -1.798576 -91.724503 2.110000 -1.000000 0.000000
6000 20 S -181.772430 1.108644 -90.700470 1.800000 0.000000 0.000000
6000 21 A -183.008575 -1.561659 -88.922989 2.150000 0.000000 0.000000
6000 22 P -179.813095 2.330699 -87.552582 2.110000 -1.000000 0.000000
6000 23 S -183.101990 1.901234 -85.365273 1.800000 0.000000 0.000000
6000 24 A -181.898148 -1.395699 -84.715988 2.150000 0.000000 0.000000
6000 25 P -183.416946 3.115767 -81.739555 2.110000 -1.000000 0.000000
6000 26 S -187.122742 1.891775 -81.870979 1.800000 0.000000 0.000000
6000 27 G -188.004654 -1.087719 -83.101311 2.150000 0.000000 0.000000
6000 28 P -187.448639 0.998975 -78.033531 2.110000 -1.000000 0.000000
6000 29 S -190.470230 -1.121371 -78.779800 1.800000 0.000000 0.000000
6000 30 C -188.841843 -4.020193 -79.531105 2.150000 0.000000 0.000000
6000 31 P -192.173004 -2.143664 -75.518745 2.110000 -1.000000 0.000000
6000 32 S -193.936569 -5.481907 -76.481087 1.800000 0.000000 0.000000
6000 33 C -190.736801 -7.092771 -76.268570 2.150000 0.000000 0.000000
6000 34 P -195.766190 -7.009552 -73.492134 2.110000 -1.000000 0.000000
6000 35 S -195.537094 -10.794814 -74.638062 1.800000 0.000000 0.000000
6000 36 U -192.263046 -11.150285 -73.525314 2.150000 0.000000 0.000000
6000 37 P -197.095901 -12.836752 -71.478165 2.110000 -1.000000 0.000000
6500 1 P -178.948685 -14.797412 -71.670540 2.110000 -1.000000 1.000000
6500 2 S -181.706085 -17.101273 -73.732483 1.800000 0.000000 0.000000
6500 3 G -184.046890 -14.537198 -73.329475 2.150000 0.000000 0.000000
6500 4 P -180.695679 -16.605658 -77.482246 2.110000 -1.000000 0.000000
6500 5 S -184.203629 -16.954891 -78.880890 1.800000 0.000000 0.000000
6500 6 G -185.440399 -13.904401 -78.344940 2.150000 0.000000 0.000000
6500 7 P -183.403763 -16.436316 -82.589928 2.110000 -1.000000 0.000000
6500 8 S -186.656403 -15.031100 -84.148033 1.800000 0.000000 0.000000
6500 9 G -187.368591 -12.255642 -82.424026 2.150000 0.000000 0.000000
6500 10 P -185.178894 -13.915050 -87.432877 2.110000 -1.000000 0.000000
6500 11 S -187.885818 -11.646839 -89.046570 1.800000 0.000000 0.000000
6500 12 C -187.613068 -9.270684 -86.631088 2.150000 0.000000 0.000000
6500 13 P -184.969498 -10.769909 -91.266487 2.110000 -1.000000 0.000000
6500 14 S -186.003571 -7.600084 -93.168541 1.800000 0.000000 0.000000
6500 15 G -185.546875 -4.901903 -91.013336 2.150000 0.000000 0.000000
6500 16 P -182.091782 -6.806236 -92.835625 2.110000 -1.000000 0.000000
6500 17 S -181.990402 -2.891349 -92.665054 1.800000 0.000000 0.000000
6500 18 C -183.860199 -1.183563 -90.475067 2.150000 0.000000 0.000000
6500 19 P -178.465683 -2.322993 -91.161316 2.110000 -1.000000 0.000000
6500 20 S -180.701385 0.586494 -90.136292 1.800000 0.000000 0.000000
6500 21 A -180.074158 2.612348 -93.146111 2.150000 0.000000 0.000000
6500 22 P -178.880615 1.550755 -86.852226 2.110000 -1.000000 0.000000
6500 23 S -182.507629 1.685527 -85.475136 1.800000 0.000000 0.000000
6500 24 A -182.968140 -1.706426 -85.694572 2.150000 0.000000 0.000000
6500 25 P -182.969193 2.949939 -81.861015 2.110000 -1.000000 0.000000
6500 26 S -186.866486 1.894937 -81.743279 1.800000 0.000000 0.000000
6500 27 G -187.748398 -1.084558 -82.973610 2.150000 0.000000 0.000000
6500 28 P -187.375153 0.982060 -77.975967 2.110000 -1.000000 0.000000
6500 29 S -190.488281 -1.103310 -78.653244 1.800000 0.000000 0.000000
6500 30 C -188.859894 -4.002132 -79.404549 2.150000 0.000000 0.000000
6500 31 P -192.215759 -2.171843 -75.304192 2.110000 -1.000000 0.000000
6500 32 S -193.928497 -5.441916 -76.421906 1.800000 0.000000 0.000000
6500 33 C -190.728729 -7.052780 -76.209389 2.150000 0.000000 0.000000
6500 34 P -195.812943 -7.059872 -73.563416 2.110000 -1.000000 0.000000
6500 35 S -195.519760 -10.682764 -74.893532 1.800000 0.000000 0.000000
6500 36 U -192.245712 -11.038235 -73.780785 2.150000 0.000000 0.000000
6500 37 P -196.977768 -12.484775 -71.713623 2.110000 -1.000000 0.000000
7000 1 P -179.128159 -14.935776 -71.659439 2.110000 -1.000000 1.000000
7000 2 S -181.869507 -17.250433 -73.240158 1.800000 0.000000 0.000000
7000 3 G -184.208954 -14.781346 -73.465034 2.150000 0.000000 0.000000
7000 4 P -180.842316 -16.782215 -76.852173 2.110000 -1.000000 0.000000
7000 5 S -184.316864 -17.097858 -78.403038 1.800000 0.000000 0.000000
7000 6 G -185.529236 -14.047724 -77.915131 2.150000 0.000000 0.000000
7000 7 P -183.492599 -16.579639 -82.160118 2.110000 -1.000000 0.000000
7000 8 S -186.709106 -15.087199 -83.814079 1.800000 0.000000 0.000000
7000 9 G -187.778381 -12.186675 -82.620148 2.150000 0.000000 0.000000
7000 10 P -185.246414 -13.995181 -87.119072 2.110000 -1.000000 0.000000
7000 11 S -187.994400 -11.696693 -88.870346 1.800000 0.000000 0.000000
7000 12 C -187.504730 -9.216282 -86.655411 2.150000 0.000000 0.000000
7000 13 P -185.007263 -10.763176 -91.199738 2.110000 -1.000000 0.000000
7000 14 S -186.367264 -7.738986 -93.219231 1.800000 0.000000 0.000000
7000 15 G -187.532440 -5.394520 -91.103203 2.150000 0.000000 0.000000
7000 16 P -182.646225 -7.374874 -93.175636 2.110000 -1.000000 0.000000
7000 17 S -182.430740 -3.309700 -93.016632 1.800000 0.000000 0.000000
7000 18 C -181.094635 -2.667640 -96.240494 2.150000 0.000000 0.000000
7000 19 P -178.898621 -2.778771 -91.174004 2.110000 -1.000000 0.000000
7000 20 S -181.118103 0.137194 -90.202538 1.800000 0.000000 0.000000
7000 21 A -180.613571 2.858410 -92.047264 2.150000 0.000000 0.000000
7000 22 P -178.972290 1.345708 -87.100739 2.110000 -1.000000 0.000000
7000 23 S -182.399948 1.885532 -85.296684 1.800000 0.000000 0.000000
7000 24 A -184.072403 -1.162378 -85.659210 2.150000 0.000000 0.000000
7000 25 P -183.155197 2.982955 -81.665497 2.110000 -1.000000 0.000000
7000 26 S -187.059891 1.965380 -81.886650 1.800000 0.000000 0.000000
7000 27 G -187.941803 -1.014114 -83.116982 2.150000 0.000000 0.000000
7000 28 P -187.378647 1.019685 -77.965210 2.110000 -1.000000 0.000000
7000 29 S -190.458252 -1.127377 -78.383659 1.800000 0.000000 0.000000
7000 30 C -188.829865 -4.026199 -79.134964 2.150000 0.000000 0.000000
7000 31 P -192.199799 -2.163277 -75.049049 2.110000 -1.000000 0.000000
7000 32 S -193.968277 -5.495285 -76.164421 1.800000 0.000000 0.000000
7000 33 C -190.768509 -7.106149 -75.951904 2.150000 0.000000 0.000000
7000 34 P -195.919373 -7.275122 -73.302055 2.110000 -1.000000 0.000000
7000 35 S -195.676346 -10.883002 -74.584167 1.800000 0.000000 0.000000
7000 36 U -192.402298 -11.238473 -73.471420 2.150000 0.000000 0.000000
7000 37 P -197.326569 -11.934594 -71.299950 2.110000 -1.000000 0.000000
7500 1 P -178.997711 -14.767698 -71.554771 2.110000 -1.000000 1.000000
7500 2 S -181.782593 -17.109488 -72.946655 1.800000 0.000000 0.000000
7500 3 G -184.202896 -14.831746 -73.268379 2.150000 0.000000 0.000000
7500 4 P -180.836258 -16.832615 -76.655518 2.110000 -1.000000 0.000000
7500 5 S -184.327240 -17.142218 -78.308434 1.800000 0.000000 0.000000
7500 6 G -185.573090 -14.146324 -77.790947 2.150000 0.000000 0.000000
7500 7 P -183.536453 -16.678240 -82.035934 2.110000 -1.000000 0.000000
7500 8 S -186.731827 -15.164062 -83.605133 1.800000 0.000000 0.000000
7500 9 G -187.782700 -12.235978 -82.492447 2.150000 0.000000 0.000000
7500 10 P -185.250732 -14.044484 -86.991371 2.110000 -1.000000 0.000000
7500 11 S -187.998718 -11.745996 -88.742645 1.800000 0.000000 0.000000
7500 12 C -187.543396 -9.287875 -86.527184 2.150000 0.000000 0.000000
7500 13 P -185.045929 -10.834769 -91.071510 2.110000 -1.000000 0.000000
7500 14 S -186.011154 -7.837810 -93.178505 1.800000 0.000000 0.000000
7500 15 G -186.579208 -6.979805 -89.913269 2.150000 0.000000 0.000000
7500 16 P -182.165985 -7.366062 -92.922203 2.110000 -1.000000 0.000000
7500 17 S -182.206131 -3.570270 -92.465454 1.800000 0.000000 0.000000
7500 18 C -184.641632 -2.854500 -90.371033 2.150000 0.000000 0.000000
7500 19 P -178.840347 -3.071517 -90.290154 2.110000 -1.000000 0.000000
7500 20 S -181.085327 -0.137383 -89.332474 1.800000 0.000000 0.000000
7500 21 A -179.879425 1.609535 -91.906677 2.150000 0.000000 0.000000
7500 22 P -179.277267 1.134934 -86.206841 2.110000 -1.000000 0.000000
7500 23 S -182.774490 1.545094 -84.478523 1.800000 0.000000 0.000000
7500 24 A -184.162216 3.998120 -86.363976 2.150000 0.000000 0.000000
7500 25 P -183.453781 2.797315 -80.912750 2.110000 -1.000000 0.000000
7500 26 S -187.318588 1.685116 -81.249039 1.800000 0.000000 0.000000
7500 27 G -188.200500 -1.294378 -82.479370 2.150000 0.000000 0.000000
7500 28 P -187.496750 0.856501 -77.445114 2.110000 -1.000000 0.000000
7500 29 S -190.535034 -1.315184 -77.984489 1.800000 0.000000 0.000000
7500 30 C -188.906647 -4.214007 -78.735794 2.150000 0.000000 0.000000
7500 31 P -192.282318 -2.353822 -74.614380 2.110000 -1.000000 0.000000
7500 32 S -194.035568 -5.747904 -75.423393 1.800000 0.000000 0.000000
7500 33 C -190.835800 -7.358768 -75.210876 2.150000 0.000000 0.000000
7500 34 P -196.075455 -7.578755 -72.642326 2.110000 -1.000000 0.000000
7500 35 S -195.799500 -11.165433 -74.139297 1.800000 0.000000 0.000000
7500 36 U -192.457581 -11.399578 -73.022308 2.150000 0.000000 0.000000
7500 37 P -197.426315 -14.307927 -72.614151 2.110000 -1.000000 0.000000
8000 1 P -178.813782 -14.404442 -71.784912 2.110000 -1.000000 1.000000
8000 2 S -181.680359 -17.047529 -72.750870 1.800000 0.000000 0.000000
8000 3 G -184.183044 -14.864733 -73.138634 2.150000 0.000000 0.000000
8000 4 P -180.816406 -16.865604 -76.525772 2.110000 -1.000000 0.000000
8000 5 S -184.297073 -17.137068 -78.211884 1.800000 0.000000 0.000000
8000 6 G -185.523331 -14.106582 -77.704536 2.150000 0.000000 0.000000
8000 7 P -183.486694 -16.638502 -81.949524 2.110000 -1.000000 0.000000
8000 8 S -186.690140 -15.125872 -83.478592 1.800000 0.000000 0.000000
8000 9 G -187.196289 -12.150067 -82.291977 2.150000 0.000000 0.000000
8000 10 P -185.249161 -14.042577 -86.869621 2.110000 -1.000000 0.000000
8000 11 S -187.985519 -11.757853 -88.633911 1.800000 0.000000 0.000000
8000 12 C -187.517639 -9.283505 -86.456985 2.150000 0.000000 0.000000
8000 13 P -185.020172 -10.830400 -91.001312 2.110000 -1.000000 0.000000
8000 14 S -186.262451 -7.629184 -93.022568 1.800000 0.000000 0.000000
8000 15 G -187.337936 -7.100278 -89.757050 2.150000 0.000000 0.000000
8000 16 P -182.460724 -7.337979 -92.906334 2.110000 -1.000000 0.000000
8000 17 S -182.979645 -3.434512 -92.259735 1.800000 0.000000 0.000000
8000 18 C -181.810974 -2.967663 -95.460243 2.150000 0.000000 0.000000
8000 19 P -179.633896 -2.739856 -90.355049 2.110000 -1.000000 0.000000
8000 20 S -181.878876 0.194278 -89.397369 1.800000 0.000000 0.000000
8000 21 A -184.214355 -0.430792 -86.933250 2.150000 0.000000 0.000000
8000 22 P -179.840652 1.242246 -86.324615 2.110000 -1.000000 0.000000
8000 23 S -183.253159 1.822750 -84.517601 1.800000 0.000000 0.000000
8000 24 A -183.529724 -1.654903 -83.396057 2.150000 0.000000 0.000000
8000 25 P -183.647766 2.869433 -80.886063 2.110000 -1.000000 0.000000
8000 26 S -187.305130 1.718622 -81.309380 1.800000 0.000000 0.000000
8000 27 G -188.187042 -1.260872 -82.539711 2.150000 0.000000 0.000000
8000 28 P -187.309204 0.932346 -77.559143 2.110000 -1.000000 0.000000
8000 29 S -190.545349 -1.315364 -77.871147 1.800000 0.000000 0.000000
8000 30 C -188.916962 -4.214189 -78.622452 2.150000 0.000000 0.000000
8000 31 P -192.280487 -2.332713 -74.599709 2.110000 -1.000000 0.000000
8000 32 S -194.012482 -5.712919 -75.532471 1.800000 0.000000 0.000000
8000 33 C -190.812714 -7.323783 -75.319954 2.150000 0.000000 0.000000
8000 34 P -195.986938 -7.276624 -72.621101 2.110000 -1.000000 0.000000
8000 35 S -195.695816 -11.016527 -73.655441 1.800000 0.000000 0.000000
8000 36 U -192.353897 -11.250672 -72.538452 2.150000 0.000000 0.000000
8000 37 P -197.237457 -12.933925 -70.722038 2.110000 -1.000000 0.000000
8500 1 P -178.701599 -14.386237 -71.829910 2.110000 -1.000000 1.000000
8500 2 S -181.569183 -16.913656 -72.600349 1.800000 0.000000 0.000000
8500 3 G -184.004303 -14.632737 -72.995850 2.150000 0.000000 0.000000
8500 4 P -180.705536 -16.748428 -76.391556 2.110000 -1.000000 0.000000
8500 5 S -184.299164 -17.187971 -77.936775 1.800000 0.000000 0.000000
8500 6 G -185.483994 -14.130141 -77.488991 2.150000 0.000000 0.000000
8500 7 P -183.447357 -16.662054 -81.733978 2.110000 -1.000000 0.000000
8500 8 S -186.647934 -15.162780 -83.407913 1.800000 0.000000 0.000000
8500 9 G -187.208725 -12.208127 -82.273811 2.150000 0.000000 0.000000
8500 10 P -185.261597 -14.100636 -86.851456 2.110000 -1.000000 0.000000
8500 11 S -188.057907 -11.837938 -88.507362 1.800000 0.000000 0.000000
8500 12 C -187.602203 -9.389669 -86.264465 2.150000 0.000000 0.000000
8500 13 P -185.104736 -10.936563 -90.808792 2.110000 -1.000000 0.000000
8500 14 S -186.712433 -7.648044 -92.551376 1.800000 0.000000 0.000000
8500 15 G -186.570801 -6.362739 -89.274940 2.150000 0.000000 0.000000
8500 16 P -183.052444 -6.847089 -92.679001 2.110000 -1.000000 0.000000
8500 17 S -183.430222 -2.844664 -92.419830 1.800000 0.000000 0.000000
8500 18 C -182.792725 -2.582637 -95.994400 2.150000 0.000000 0.000000
8500 19 P -180.173767 -2.186418 -90.604042 2.110000 -1.000000 0.000000
8500 20 S -182.419739 0.746886 -89.652351 1.800000 0.000000 0.000000
8500 21 A -185.402557 -0.323093 -87.733368 2.150000 0.000000 0.000000
8500 22 P -180.026062 1.698655 -86.849030 2.110000 -1.000000 0.000000
8500 23 S -183.318085 1.765788 -84.707809 1.800000 0.000000 0.000000
8500 24 A -185.100922 4.073032 -86.473045 2.150000 0.000000 0.000000
8500 25 P -183.584930 2.784700 -80.840630 2.110000 -1.000000 0.000000
8500 26 S -187.214630 1.596640 -81.055023 1.800000 0.000000 0.000000
8500 27 G -188.096542 -1.382854 -82.285355 2.150000 0.000000 0.000000
8500 28 P -187.422134 0.788421 -77.313431 2.110000 -1.000000 0.000000
8500 29 S -190.645493 -1.471586 -77.701691 1.800000 0.000000 0.000000
8500 30 C -189.017105 -4.370409 -78.452995 2.150000 0.000000 0.000000
8500 31 P -192.325104 -2.367909 -74.414726 2.110000 -1.000000 0.000000
8500 32 S -194.011002 -5.660477 -75.445168 1.800000 0.000000 0.000000
8500 33 C -190.811234 -7.271340 -75.232651 2.150000 0.000000 0.000000
8500 34 P -196.002655 -7.379069 -72.587746 2.110000 -1.000000 0.000000
8500 35 S -195.653122 -11.043656 -73.884422 1.800000 0.000000 0.000000
8500 36 U -192.311203 -11.277802 -72.767433 2.150000 0.000000 0.000000
8500 37 P -197.387253 -11.953002 -70.815956 2.110000 -1.000000 0.000000
9000 1 P -178.851364 -14.444112 -72.020645 2.110000 -1.000000 1.000000
9000 2 S -181.640961 -16.990053 -72.518753 1.800000 0.000000 0.000000
9000 3 G -184.157776 -14.824859 -72.826073 2.150000 0.000000 0.000000
9000 4 P -180.859009 -16.940556 -76.221779 2.110000 -1.000000 0.000000
9000 5 S -184.371918 -17.283140 -77.971436 1.800000 0.000000 0.000000
9000 6 G -185.530777 -14.124455 -77.613998 2.150000 0.000000 0.000000
9000 7 P -183.479156 -16.666807 -81.732880 2.110000 -1.000000 0.000000
9000 8 S -186.671844 -15.181530 -83.469582 1.800000 0.000000 0.000000
9000 9 G -187.229553 -12.230208 -82.253624 2.150000 0.000000 0.000000
9000 10 P -185.282425 -14.122718 -86.831268 2.110000 -1.000000 0.000000
9000 11 S -188.077911 -11.859697 -88.490082 1.800000 0.000000 0.000000
9000 12 C -187.629944 -9.410587 -86.147301 2.150000 0.000000 0.000000
9000 13 P -185.132477 -10.957481 -90.691628 2.110000 -1.000000 0.000000
9000 14 S -186.009277 -7.860290 -92.923027 1.800000 0.000000 0.000000
9000 15 G -186.332932 -5.163845 -90.728081 2.150000 0.000000 0.000000
9000 16 P -182.152878 -7.697842 -92.744247 2.110000 -1.000000 0.000000
9000 17 S -181.491135 -3.710206 -92.467873 1.800000 0.000000 0.000000
9000 18 C -181.278885 -1.989988 -95.417130 2.150000 0.000000 0.000000
9000 19 P -177.974838 -3.147160 -90.704735 2.110000 -1.000000 0.000000
9000 20 S -180.219254 -0.214766 -89.739815 1.800000 0.000000 0.000000
9000 21 A -182.243500 -2.884520 -88.958549 2.150000 0.000000 0.000000
9000 22 P -178.551575 0.931633 -86.444420 2.110000 -1.000000 0.000000
9000 23 S -182.036621 1.661649 -84.692123 1.800000 0.000000 0.000000
9000 24 A -182.244156 -1.730531 -85.130196 2.150000 0.000000 0.000000
9000 25 P -183.366837 2.708042 -80.875130 2.110000 -1.000000 0.000000
9000 26 S -187.241959 1.632847 -81.109352 1.800000 0.000000 0.000000
9000 27 G -188.123871 -1.346647 -82.339684 2.150000 0.000000 0.000000
9000 28 P -187.434555 0.798625 -77.306923 2.110000 -1.000000 0.000000
9000 29 S -190.612137 -1.404832 -77.809883 1.800000 0.000000 0.000000
9000 30 C -188.983749 -4.303656 -78.561188 2.150000 0.000000 0.000000
9000 31 P -192.313766 -2.335266 -74.523613 2.110000 -1.000000 0.000000
9000 32 S -194.010117 -5.631248 -75.605324 1.800000 0.000000 0.000000
9000 33 C -190.810349 -7.242112 -75.392807 2.150000 0.000000 0.000000
9000 34 P -195.848160 -7.191562 -72.562416 2.110000 -1.000000 0.000000
9000 35 S -195.673325 -11.003711 -73.515778 1.800000 0.000000 0.000000
9000 36 U -192.331406 -11.237856 -72.398788 2.150000 0.000000 0.000000
9000 37 P -196.922928 -13.540775 -70.489700 2.110000 -1.000000 0.000000
9500 1 P -178.738510 -14.799470 -72.226799 2.110000 -1.000000 1.000000
9500 2 S -181.661163 -17.127705 -73.059334 1.800000 0.000000 0.000000
9500 3 G -184.022354 -14.765210 -73.416969 2.150000 0.000000 0.000000
9500 4 P -180.723587 -16.880913 -76.812675 2.110000 -1.000000 0.000000
9500 5 S -184.238235 -17.192608 -78.317581 1.800000 0.000000 0.000000
9500 6 G -185.485031 -14.065778 -77.948280 2.150000 0.000000 0.000000
9500 7 P -183.316071 -16.558664 -82.016632 2.110000 -1.000000 0.000000
9500 8 S -186.603439 -15.193882 -83.553352 1.800000 0.000000 0.000000
9500 9 G -187.161148 -12.242560 -82.337395 2.150000 0.000000 0.000000
9500 10 P -185.214020 -14.135070 -86.915039 2.110000 -1.000000 0.000000
9500 11 S -188.083405 -11.912611 -88.441971 1.800000 0.000000 0.000000
9500 12 C -187.645798 -9.472028 -86.141190 2.150000 0.000000 0.000000
9500 13 P -185.148331 -11.018922 -90.685516 2.110000 -1.000000 0.000000
9500 14 S -185.995514 -7.816681 -93.200630 1.800000 0.000000 0.000000
9500 15 G -185.926071 -5.986352 -90.347069 2.150000 0.000000 0.000000
9500 16 P -182.111923 -6.865316 -92.704865 2.110000 -1.000000 0.000000
9500 17 S -181.479004 -2.981763 -92.408249 1.800000 0.000000 0.000000
9500 18 C -181.665939 -1.210639 -95.377464 2.150000 0.000000 0.000000
9500 19 P -178.213287 -2.329314 -90.765404 2.110000 -1.000000 0.000000
9500 20 S -180.455658 0.623857 -89.829308 1.800000 0.000000 0.000000
9500 21 A -183.136688 -1.161217 -88.515251 2.150000 0.000000 0.000000
9500 22 P -178.849457 1.600657 -86.084373 2.110000 -1.000000 0.000000
9500 23 S -182.421783 1.708456 -84.987236 1.800000 0.000000 0.000000
9500 24 A -181.008179 -1.059024 -83.403778 2.150000 0.000000 0.000000
9500 25 P -183.575516 2.780108 -81.031746 2.110000 -1.000000 0.000000
9500 26 S -187.187729 1.592766 -81.143875 1.800000 0.000000 0.000000
9500 27 G -188.069641 -1.386729 -82.374207 2.150000 0.000000 0.000000
9500 28 P -187.453110 0.828555 -77.462540 2.110000 -1.000000 0.000000
9500 29 S -190.627792 -1.362220 -78.018150 1.800000 0.000000 0.000000
9500 30 C -188.963638 -4.254632 -78.827507 2.150000 0.000000 0.000000
9500 31 P -192.258484 -2.424612 -74.498215 2.110000 -1.000000 0.000000
9500 32 S -193.933517 -5.663315 -75.771576 1.800000 0.000000 0.000000
9500 33 C -190.733749 -7.274179 -75.559059 2.150000 0.000000 0.000000
9500 34 P -195.794556 -7.252785 -72.756088 2.110000 -1.000000 0.000000
9500 35 S -195.553268 -10.890354 -73.980911 1.800000 0.000000 0.000000
9500 36 U -192.211349 -11.124499 -72.863922 2.150000 0.000000 0.000000
9500 37 P -197.291367 -13.135509 -71.167221 2.110000 -1.000000 0.000000
10000 1 P -179.196960 -15.253170 -71.073364 2.110000 -1.000000 1.000000
10000 2 S -181.871429 -17.284859 -72.786743 1.800000 0.000000 0.000000
10000 3 G -184.182022 -14.852148 -73.172066 2.150000 0.000000 0.000000
10000 4 P -180.883255 -16.967854 -76.567772 2.110000 -1.000000 0.000000
10000 5 S -184.358536 -17.301462 -78.176689 1.800000 0.000000 0.000000
10000 6 G -185.593475 -14.205519 -77.865105 2.150000 0.000000 0.000000
10000 7 P -183.424515 -16.698408 -81.933456 2.110000 -1.000000 0.000000
10000 8 S -186.706757 -15.312168 -83.523972 1.800000 0.000000 0.000000
10000 9 G -187.264572 -12.361249 -82.308273 2.150000 0.000000 0.000000
10000 10 P -185.317444 -14.253758 -86.885918 2.110000 -1.000000 0.000000
10000 11 S -188.171341 -11.987158 -88.414917 1.800000 0.000000 0.000000
10000 12 C -187.730438 -9.541671 -86.144775 2.150000 0.000000 0.000000
10000 13 P -185.232971 -11.088565 -90.689102 2.110000 -1.000000 0.000000
10000 14 S -186.577301 -7.941382 -92.889076 1.800000 0.000000 0.000000
10000 15 G -187.520706 -4.666608 -91.367310 2.150000 0.000000 0.000000
10000 16 P -182.705170 -6.905129 -93.213982 2.110000 -1.000000 0.000000
10000 17 S -183.000229 -3.006054 -92.749931 1.800000 0.000000 0.000000
10000 18 C -181.834427 -1.337754 -95.726845 2.150000 0.000000 0.000000
10000 19 P -179.624268 -2.193566 -91.129707 2.110000 -1.000000 0.000000
10000 20 S -181.901871 0.651488 -89.936653 1.800000 0.000000 0.000000
10000 21 A -184.803375 0.082491 -88.085815 2.150000 0.000000 0.000000
10000 22 P -179.679962 1.771862 -86.478600 2.110000 -1.000000 0.000000
10000 23 S -183.230347 1.801510 -84.624710 1.800000 0.000000 0.000000
10000 24 A -184.012314 -1.428135 -83.703148 2.150000 0.000000 0.000000
10000 25 P -183.473099 2.894596 -80.802124 2.110000 -1.000000 0.000000
10000 26 S -187.072281 1.622978 -80.878426 1.800000 0.000000 0.000000
10000 27 G -187.954193 -1.356516 -82.108757 2.150000 0.000000 0.000000
10000 28 P -187.346542 0.821427 -77.170769 2.110000 -1.000000 0.000000
10000 29 S -190.473679 -1.358610 -77.779732 1.800000 0.000000 0.000000
10000 30 C -188.809525 -4.251021 -78.589088 2.150000 0.000000 0.000000
10000 31 P -192.144165 -2.412860 -74.253654 2.110000 -1.000000 0.000000
10000 32 S -193.837540 -5.654254 -75.503502 1.800000 0.000000 0.000000
10000 33 C -190.637772 -7.265118 -75.290985 2.150000 0.000000 0.000000
10000 34 P -195.613052 -7.076181 -72.424156 2.110000 -1.000000 0.000000
10000 35 S -195.512085 -10.895020 -73.167931 1.800000 0.000000 0.000000
10000 36 U -192.103348 -10.886168 -72.660934 2.150000 0.000000 0.000000
10000 37 P -196.872574 -12.775689 -69.850777 2.110000 -1.000000 0.000000
