500 1 P -179.239243 -14.840198 -71.189461 2.110000 -1.000000 1.000000
500 2 S -181.817856 -17.141272 -72.829948 1.800000 0.000000 0.000000
500 3 G -184.228210 -14.978458 -73.220222 2.150000 0.000000 0.000000
500 4 P -180.573227 -16.576044 -76.576309 2.110000 -1.000000 0.000000
500 5 S -184.155533 -16.942383 -78.553337 1.800000 0.000000 0.000000
500 6 G -184.767914 -13.452862 -78.209587 2.150000 0.000000 0.000000
500 7 P -183.483124 -16.598364 -82.389481 2.110000 -1.000000 0.000000
500 8 S -186.215790 -14.847183 -84.565681 1.800000 0.000000 0.000000
500 9 G -186.750061 -11.721683 -83.490707 2.150000 0.000000 0.000000
500 10 P -184.831741 -13.664673 -87.991096 2.110000 -1.000000 0.000000
500 11 S -187.682953 -11.649820 -89.317787 1.800000 0.000000 0.000000
500 12 C -186.927841 -9.160092 -87.133301 2.150000 0.000000 0.000000
500 13 P -184.756866 -10.598423 -91.274338 2.110000 -1.000000 0.000000
500 14 S -185.175995 -7.384788 -93.329559 1.800000 0.000000 0.000000
500 15 G -186.307266 -5.454705 -90.513069 2.150000 0.000000 0.000000
500 16 P -181.543076 -6.432651 -93.452293 2.110000 -1.000000 0.000000
500 17 S -181.590836 -2.445434 -93.304733 1.800000 0.000000 0.000000
500 18 C -180.458466 -0.720934 -96.270500 2.150000 0.000000 0.000000
500 19 P -178.225098 -1.815370 -91.487083 2.110000 -1.000000 0.000000
500 20 S -180.518417 1.153780 -90.516014 1.800000 0.000000 0.000000
500 21 A -182.587662 -1.181985 -88.987595 2.150000 0.000000 0.000000
500 22 P -178.963760 2.145092 -87.106003 2.110000 -1.000000 0.000000
500 23 S -182.479370 2.195380 -85.375145 1.800000 0.000000 0.000000
500 24 A -183.863922 -0.973068 -84.929375 2.150000 0.000000 0.000000
500 25 P -183.421188 3.129875 -81.717415 2.110000 -1.000000 0.000000
500 26 S -187.091568 1.941544 -82.166046 1.800000 0.000000 0.000000
500 27 G -188.221878 -1.133287 -83.410233 2.150000 0.000000 0.000000
500 28 P -187.429596 1.274472 -78.219185 2.110000 -1.000000 0.000000
500 29 S -190.634094 -0.788369 -79.177605 1.800000 0.000000 0.000000
500 30 C -188.993774 -3.943149 -79.952835 2.150000 0.000000 0.000000
500 31 P -192.523804 -2.187567 -76.167694 2.110000 -1.000000 0.000000
500 32 S -193.861923 -5.485150 -77.797554 1.800000 0.000000 0.000000
500 33 C -191.039474 -7.094602 -77.172379 2.150000 0.000000 0.000000
500 34 P -195.409149 -7.090920 -74.789795 2.110000 -1.000000 0.000000
500 35 S -195.255112 -10.870041 -76.133591 1.800000 0.000000 0.000000
500 36 U -192.210464 -11.075534 -74.311241 2.150000 0.000000 0.000000
500 37 P -196.977798 -12.368642 -72.955269 2.110000 -1.000000 0.000000
1000 1 P -179.157242 -14.584492 -71.326416 2.110000 -1.000000 1.000000
1000 2 S -181.578079 -16.826944 -73.325821 1.800000 0.000000 0.000000
1000 3 G -184.235992 -14.878510 -73.029160 2.150000 0.000000 0.000000
1000 4 P -180.341064 -16.182108 -76.959732 2.110000 -1.000000 0.000000
1000 5 S -183.827377 -16.724432 -78.791977 1.800000 0.000000 0.000000
1000 6 G -184.445786 -13.206343 -78.393623 2.150000 0.000000 0.000000
1000 7 P -183.160995 -16.351849 -82.573517 2.110000 -1.000000 0.000000
1000 8 S -185.912201 -14.602248 -84.821510 1.800000 0.000000 0.000000
1000 9 G -186.475983 -11.486236 -83.738602 2.150000 0.000000 0.000000
1000 10 P -184.557663 -13.429226 -88.238991 2.110000 -1.000000 0.000000
1000 11 S -187.392181 -11.393646 -89.608826 1.800000 0.000000 0.000000
1000 12 C -186.782669 -8.903888 -87.442589 2.150000 0.000000 0.000000
1000 13 P -184.457611 -10.330700 -91.713097 2.110000 -1.000000 0.000000
1000 14 S -185.716904 -7.012033 -93.536713 1.800000 0.000000 0.000000
1000 15 G -185.932587 -5.321213 -90.601784 2.150000 0.000000 0.000000
1000 16 P -181.817764 -6.440103 -93.137733 2.110000 -1.000000 0.000000
1000 17 S -181.966064 -2.552228 -92.528519 1.800000 0.000000 0.000000
1000 18 C -180.815399 -1.413259 -95.582993 2.150000 0.000000 0.000000
1000 19 P -178.780945 -1.832697 -90.562012 2.110000 -1.000000 0.000000
1000 20 S -181.086716 1.134355 -89.668465 1.800000 0.000000 0.000000
1000 21 A -183.628525 -0.654774 -87.792267 2.150000 0.000000 0.000000
1000 22 P -178.958191 2.094749 -86.746895 2.110000 -1.000000 0.000000
1000 23 S -182.598068 2.444307 -85.311249 1.800000 0.000000 0.000000
1000 24 A -181.243256 -0.578075 -84.226433 2.150000 0.000000 0.000000
1000 25 P -183.213531 3.179975 -81.444443 2.110000 -1.000000 0.000000
1000 26 S -187.083328 2.234264 -82.492729 1.800000 0.000000 0.000000
1000 27 G -188.213638 -0.840567 -83.736916 2.150000 0.000000 0.000000
1000 28 P -187.542526 1.586822 -78.681976 2.110000 -1.000000 0.000000
1000 29 S -190.430557 -0.851560 -79.105972 1.800000 0.000000 0.000000
1000 30 C -188.613861 -3.889425 -79.678612 2.150000 0.000000 0.000000
1000 31 P -192.501144 -2.171423 -76.330154 2.110000 -1.000000 0.000000
1000 32 S -193.853027 -5.571465 -77.584549 1.800000 0.000000 0.000000
1000 33 C -190.903336 -7.056580 -77.199379 2.150000 0.000000 0.000000
1000 34 P -195.507431 -7.298535 -74.601646 2.110000 -1.000000 0.000000
1000 35 S -195.319107 -11.003544 -75.954262 1.800000 0.000000 0.000000
1000 36 U -192.147675 -11.077112 -74.623657 2.150000 0.000000 0.000000
1000 37 P -196.123779 -13.233321 -73.213493 2.110000 -1.000000 0.000000
1500 1 P -178.773209 -14.058743 -72.876984 2.110000 -1.000000 1.000000
1500 2 S -181.488144 -16.571583 -73.502243 1.800000 0.000000 0.000000
1500 3 G -184.246902 -15.019697 -73.474586 2.150000 0.000000 0.000000
1500 4 P -180.442001 -16.380758 -77.196083 2.110000 -1.000000 0.000000
1500 5 S -183.915527 -16.801054 -78.775124 1.800000 0.000000 0.000000
1500 6 G -184.533249 -13.294097 -78.272537 2.150000 0.000000 0.000000
1500 7 P -183.248459 -16.439608 -82.452431 2.110000 -1.000000 0.000000
1500 8 S -185.969940 -14.619631 -84.720100 1.800000 0.000000 0.000000
1500 9 G -186.533112 -11.520153 -83.732544 2.150000 0.000000 0.000000
1500 10 P -184.614792 -13.463143 -88.232933 2.110000 -1.000000 0.000000
1500 11 S -187.448990 -11.427618 -89.610588 1.800000 0.000000 0.000000
1500 12 C -186.807266 -8.902986 -87.480850 2.150000 0.000000 0.000000
1500 13 P -184.482208 -10.329798 -91.751358 2.110000 -1.000000 0.000000
1500 14 S -185.605377 -7.194529 -93.573082 1.800000 0.000000 0.000000
1500 15 G -186.054718 -4.972771 -91.083595 2.150000 0.000000 0.000000
1500 16 P -181.965698 -5.754120 -93.877792 2.110000 -1.000000 0.000000
1500 17 S -182.771896 -1.855622 -93.347519 1.800000 0.000000 0.000000
1500 18 C -181.049057 -2.056393 -96.363525 2.150000 0.000000 0.000000
1500 19 P -179.621231 -0.831469 -92.034409 2.110000 -1.000000 0.000000
1500 20 S -181.927002 2.135583 -91.140862 1.800000 0.000000 0.000000
1500 21 A -184.482498 0.491498 -89.496246 2.150000 0.000000 0.000000
1500 22 P -179.949097 3.034280 -87.843498 2.110000 -1.000000 0.000000
1500 23 S -183.334213 2.510873 -85.653870 1.800000 0.000000 0.000000
1500 24 A -183.447937 -1.069641 -85.436508 2.150000 0.000000 0.000000
1500 25 P -183.266937 3.251388 -81.678329 2.110000 -1.000000 0.000000
1500 26 S -187.031525 2.032352 -82.167007 1.800000 0.000000 0.000000
1500 27 G -188.161835 -1.042480 -83.411194 2.150000 0.000000 0.000000
1500 28 P -187.469070 1.394908 -78.401375 2.110000 -1.000000 0.000000
1500 29 S -190.506348 -0.980415 -78.910477 1.800000 0.000000 0.000000
1500 30 C -188.576706 -3.880676 -79.607872 2.150000 0.000000 0.000000
1500 31 P -192.549820 -2.277555 -76.110519 2.110000 -1.000000 0.000000
1500 32 S -193.956543 -5.694334 -77.612961 1.800000 0.000000 0.000000
1500 33 C -191.006851 -7.179449 -77.227791 2.150000 0.000000 0.000000
1500 34 P -195.749359 -7.350169 -74.376022 2.110000 -1.000000 0.000000
1500 35 S -195.524750 -11.107867 -75.644020 1.800000 0.000000 0.000000
1500 36 U -192.353317 -11.181436 -74.313416 2.150000 0.000000 0.000000
1500 37 P -196.948425 -13.282589 -72.967377 2.110000 -1.000000 0.000000
2000 1 P -179.253174 -14.777478 -70.783318 2.110000 -1.000000 1.000000
2000 2 S -181.379242 -16.787422 -73.398804 1.800000 0.000000 0.000000
2000 3 G -184.044647 -14.787107 -73.603569 2.150000 0.000000 0.000000
2000 4 P -180.411606 -16.415037 -77.115303 2.110000 -1.000000 0.000000
2000 5 S -183.904953 -16.805626 -78.890976 1.800000 0.000000 0.000000
2000 6 G -184.426514 -13.197614 -78.544228 2.150000 0.000000 0.000000
2000 7 P -183.141724 -16.343119 -82.724121 2.110000 -1.000000 0.000000
2000 8 S -185.957962 -14.650509 -84.600189 1.800000 0.000000 0.000000
2000 9 G -186.521133 -11.551031 -83.612633 2.150000 0.000000 0.000000
2000 10 P -184.602814 -13.494021 -88.113022 2.110000 -1.000000 0.000000
2000 11 S -187.435944 -11.457057 -89.489159 1.800000 0.000000 0.000000
2000 12 C -186.755295 -8.881936 -87.401665 2.150000 0.000000 0.000000
2000 13 P -184.430237 -10.308748 -91.672173 2.110000 -1.000000 0.000000
2000 14 S -185.234436 -6.860747 -93.313301 1.800000 0.000000 0.000000
2000 15 G -185.705795 -5.847774 -90.331871 2.150000 0.000000 0.000000
2000 16 P -181.454636 -5.827755 -93.455338 2.110000 -1.000000 0.000000
2000 17 S -181.888306 -1.921161 -93.124756 1.800000 0.000000 0.000000
2000 18 C -181.746277 -0.647990 -96.219421 2.150000 0.000000 0.000000
2000 19 P -178.638260 -0.690469 -92.244377 2.110000 -1.000000 0.000000
2000 20 S -180.906891 2.280058 -91.306541 1.800000 0.000000 0.000000
2000 21 A -183.665848 0.481779 -90.776794 2.150000 0.000000 0.000000
2000 22 P -179.316559 2.655721 -87.748772 2.110000 -1.000000 0.000000
2000 23 S -182.881393 2.683987 -85.980537 1.800000 0.000000 0.000000
2000 24 A -182.756393 -0.819965 -85.840523 2.150000 0.000000 0.000000
2000 25 P -182.977951 3.494641 -82.112305 2.110000 -1.000000 0.000000
2000 26 S -186.868454 2.193541 -82.374649 1.800000 0.000000 0.000000
2000 27 G -187.998764 -0.881291 -83.618835 2.150000 0.000000 0.000000
2000 28 P -187.527771 1.510152 -78.601639 2.110000 -1.000000 0.000000
2000 29 S -190.633347 -0.903616 -79.150597 1.800000 0.000000 0.000000
2000 30 C -188.703705 -3.803877 -79.847992 2.150000 0.000000 0.000000
2000 31 P -192.642212 -2.345828 -75.929779 2.110000 -1.000000 0.000000
2000 32 S -193.932800 -5.676620 -77.870323 1.800000 0.000000 0.000000
2000 33 C -190.974380 -7.136013 -77.475449 2.150000 0.000000 0.000000
2000 34 P -195.647232 -7.368941 -74.856804 2.110000 -1.000000 0.000000
2000 35 S -195.170593 -10.883293 -76.364662 1.800000 0.000000 0.000000
2000 36 U -191.999161 -10.956861 -75.034058 2.150000 0.000000 0.000000
2000 37 P -196.527954 -12.558862 -72.980782 2.110000 -1.000000 0.000000
2500 1 P -178.902924 -14.605931 -70.974236 2.110000 -1.000000 1.000000
2500 2 S -181.488007 -16.766432 -73.212326 1.800000 0.000000 0.000000
2500 3 G -183.990753 -14.681326 -73.403473 2.150000 0.000000 0.000000
2500 4 P -180.357712 -16.309259 -76.915207 2.110000 -1.000000 0.000000
2500 5 S -183.857819 -16.840891 -78.805046 1.800000 0.000000 0.000000
2500 6 G -184.410004 -13.224933 -78.339462 2.150000 0.000000 0.000000
2500 7 P -183.125214 -16.370440 -82.519356 2.110000 -1.000000 0.000000
2500 8 S -185.964813 -14.657937 -84.402054 1.800000 0.000000 0.000000
2500 9 G -186.464417 -11.613028 -83.427200 2.150000 0.000000 0.000000
2500 10 P -184.546097 -13.556018 -87.927589 2.110000 -1.000000 0.000000
2500 11 S -187.419464 -11.507426 -89.322823 1.800000 0.000000 0.000000
2500 12 C -186.766098 -8.941065 -87.177475 2.150000 0.000000 0.000000
2500 13 P -184.441040 -10.367877 -91.447983 2.110000 -1.000000 0.000000
2500 14 S -185.105789 -6.790654 -92.903236 1.800000 0.000000 0.000000
2500 15 G -185.761093 -5.025115 -89.851463 2.150000 0.000000 0.000000
2500 16 P -181.438980 -6.009468 -93.186157 2.110000 -1.000000 0.000000
2500 17 S -181.395096 -2.089815 -92.794128 1.800000 0.000000 0.000000
2500 18 C -180.381577 -0.533130 -96.113678 2.150000 0.000000 0.000000
2500 19 P -178.158157 -0.922380 -91.693810 2.110000 -1.000000 0.000000
2500 20 S -180.426788 2.048148 -90.755974 1.800000 0.000000 0.000000
2500 21 A -183.510391 1.092472 -89.707756 2.150000 0.000000 0.000000
2500 22 P -179.005157 2.238804 -87.227348 2.110000 -1.000000 0.000000
2500 23 S -182.433884 2.490210 -85.316101 1.800000 0.000000 0.000000
2500 24 A -183.588882 -1.034653 -85.065269 2.150000 0.000000 0.000000
2500 25 P -183.235947 3.443177 -81.733078 2.110000 -1.000000 0.000000
2500 26 S -186.951721 2.142094 -82.154915 1.800000 0.000000 0.000000
2500 27 G -188.082031 -0.932738 -83.399101 2.150000 0.000000 0.000000
2500 28 P -187.415375 1.275781 -78.237946 2.110000 -1.000000 0.000000
2500 29 S -190.640335 -0.935601 -79.058487 1.800000 0.000000 0.000000
2500 30 C -188.632401 -3.795861 -79.709221 2.150000 0.000000 0.000000
2500 31 P -192.574387 -2.331356 -75.890648 2.110000 -1.000000 0.000000
2500 32 S -193.842514 -5.615592 -77.742317 1.800000 0.000000 0.000000
2500 33 C -190.923477 -7.127987 -77.287979 2.150000 0.000000 0.000000
2500 34 P -195.606979 -7.325018 -74.573364 2.110000 -1.000000 0.000000
2500 35 S -195.104370 -10.809199 -76.256950 1.800000 0.000000 0.000000
2500 36 U -191.945679 -10.868563 -74.824310 2.150000 0.000000 0.000000
2500 37 P -196.580368 -13.357865 -73.874214 2.110000 -1.000000 0.000000
3000 1 P -179.127289 -14.881666 -70.745331 2.110000 -1.000000 1.000000
3000 2 S -181.540771 -16.970177 -73.107430 1.800000 0.000000 0.000000
3000 3 G -184.233902 -15.126592 -72.827415 2.150000 0.000000 0.000000
3000 4 P -180.393021 -16.470810 -76.836891 2.110000 -1.000000 0.000000
3000 5 S -183.928162 -17.060963 -78.523514 1.800000 0.000000 0.000000
3000 6 G -184.531219 -13.535330 -77.842361 2.150000 0.000000 0.000000
3000 7 P -183.198730 -16.555689 -82.333481 2.110000 -1.000000 0.000000
3000 8 S -186.092911 -14.831874 -84.222748 1.800000 0.000000 0.000000
3000 9 G -186.556595 -11.698994 -83.278091 2.150000 0.000000 0.000000
3000 10 P -184.638275 -13.641984 -87.778481 2.110000 -1.000000 0.000000
3000 11 S -187.432938 -11.530742 -89.264641 1.800000 0.000000 0.000000
3000 12 C -186.771133 -8.943373 -87.183105 2.150000 0.000000 0.000000
3000 13 P -184.446075 -10.370185 -91.453613 2.110000 -1.000000 0.000000
3000 14 S -185.891235 -6.971417 -92.789108 1.800000 0.000000 0.000000
3000 15 G -186.357224 -5.342559 -89.674225 2.150000 0.000000 0.000000
3000 16 P -181.957703 -6.487297 -93.033188 2.110000 -1.000000 0.000000
3000 17 S -181.823776 -2.532275 -92.653114 1.800000 0.000000 0.000000
3000 18 C -182.881973 -3.414732 -89.372765 2.150000 0.000000 0.000000
3000 19 P -178.403473 -1.483203 -91.388412 2.110000 -1.000000 0.000000
3000 20 S -180.675247 1.497094 -90.457924 1.800000 0.000000 0.000000
3000 21 A -183.358322 0.117169 -88.534561 2.150000 0.000000 0.000000
3000 22 P -178.472656 1.865594 -87.046669 2.110000 -1.000000 0.000000
3000 23 S -182.172104 2.416063 -85.159073 1.800000 0.000000 0.000000
3000 24 A -181.681900 -0.876080 -84.037354 2.150000 0.000000 0.000000
3000 25 P -183.053619 3.142495 -81.355247 2.110000 -1.000000 0.000000
3000 26 S -186.909210 2.063771 -82.008942 1.800000 0.000000 0.000000
3000 27 G -188.039520 -1.011061 -83.253128 2.150000 0.000000 0.000000
3000 28 P -187.359772 1.374351 -78.297630 2.110000 -1.000000 0.000000
3000 29 S -190.553436 -0.966066 -78.991852 1.800000 0.000000 0.000000
3000 30 C -188.545502 -3.826326 -79.642586 2.150000 0.000000 0.000000
3000 31 P -192.463974 -2.359042 -75.770638 2.110000 -1.000000 0.000000
3000 32 S -193.682434 -5.612757 -77.679672 1.800000 0.000000 0.000000
3000 33 C -190.763397 -7.125153 -77.225334 2.150000 0.000000 0.000000
3000 34 P -195.407547 -7.180612 -74.532074 2.110000 -1.000000 0.000000
3000 35 S -195.086517 -10.838570 -75.931458 1.800000 0.000000 0.000000
3000 36 U -191.932037 -10.854815 -74.488441 2.150000 0.000000 0.000000
3000 37 P -196.499130 -13.318120 -73.293465 2.110000 -1.000000 0.000000
3500 1 P -179.231888 -15.743237 -70.458595 2.110000 -1.000000 1.000000
3500 2 S -181.585754 -17.417728 -73.125893 1.800000 0.000000 0.000000
3500 3 G -183.860764 -14.865121 -72.951691 2.150000 0.000000 0.000000
3500 4 P -180.228561 -16.531666 -76.731827 2.110000 -1.000000 0.000000
3500 5 S -183.890762 -17.198536 -78.204933 1.800000 0.000000 0.000000
3500 6 G -184.491928 -13.655159 -77.588737 2.150000 0.000000 0.000000
3500 7 P -183.159439 -16.675520 -82.079857 2.110000 -1.000000 0.000000
3500 8 S -186.030243 -14.947652 -84.031166 1.800000 0.000000 0.000000
3500 9 G -186.481781 -11.805595 -83.032928 2.150000 0.000000 0.000000
3500 10 P -184.563461 -13.748586 -87.533318 2.110000 -1.000000 0.000000
3500 11 S -187.381668 -11.528909 -89.286667 1.800000 0.000000 0.000000
3500 12 C -186.764099 -8.959834 -87.126221 2.150000 0.000000 0.000000
3500 13 P -184.439041 -10.386646 -91.396729 2.110000 -1.000000 0.000000
3500 14 S -185.465256 -6.800955 -92.782516 1.800000 0.000000 0.000000
3500 15 G -186.573196 -4.930304 -89.957718 2.150000 0.000000 0.000000
3500 16 P -181.661026 -6.644622 -92.512177 2.110000 -1.000000 0.000000
3500 17 S -181.532654 -2.674850 -92.025787 1.800000 0.000000 0.000000
3500 18 C -182.202820 -4.118021 -88.990593 2.150000 0.000000 0.000000
3500 19 P -178.089539 -1.449147 -91.288055 2.110000 -1.000000 0.000000
3500 20 S -180.354034 1.519864 -90.382866 1.800000 0.000000 0.000000
3500 21 A -183.052811 -0.485106 -88.964172 2.150000 0.000000 0.000000
3500 22 P -178.569595 1.663376 -86.885231 2.110000 -1.000000 0.000000
3500 23 S -182.145599 2.523622 -85.530182 1.800000 0.000000 0.000000
3500 24 A -183.479111 4.743362 -87.791862 2.150000 0.000000 0.000000
3500 25 P -182.893158 3.301140 -81.775726 2.110000 -1.000000 0.000000
3500 26 S -186.794922 2.060102 -82.014450 1.800000 0.000000 0.000000
3500 27 G -187.630905 -0.909589 -83.405563 2.150000 0.000000 0.000000
3500 28 P -187.385559 1.224648 -78.116585 2.110000 -1.000000 0.000000
3500 29 S -190.578125 -1.119239 -78.820122 1.800000 0.000000 0.000000
3500 30 C -188.424927 -4.010157 -79.263084 2.150000 0.000000 0.000000
3500 31 P -192.489166 -2.485585 -75.683609 2.110000 -1.000000 0.000000
3500 32 S -193.768631 -5.849536 -77.180885 1.800000 0.000000 0.000000
3500 33 C -190.849594 -7.361931 -76.726547 2.150000 0.000000 0.000000
3500 34 P -195.509460 -7.421052 -74.021118 2.110000 -1.000000 0.000000
3500 35 S -195.092636 -11.031555 -75.406326 1.800000 0.000000 0.000000
3500 36 U -191.938156 -11.047800 -73.963310 2.150000 0.000000 0.000000
3500 37 P -196.942505 -12.518209 -72.347313 2.110000 -1.000000 0.000000
4000 1 P -178.952560 -15.185863 -71.131821 2.110000 -1.000000 1.000000
4000 2 S -181.568344 -17.231619 -73.254753 1.800000 0.000000 0.000000
4000 3 G -183.807678 -14.652122 -73.144089 2.150000 0.000000 0.000000
4000 4 P -180.175476 -16.318666 -76.924225 2.110000 -1.000000 0.000000
4000 5 S -183.774002 -16.920948 -78.551018 1.800000 0.000000 0.000000
4000 6 G -184.400146 -13.482063 -77.887810 2.150000 0.000000 0.000000
4000 7 P -183.067657 -16.502426 -82.378929 2.110000 -1.000000 0.000000
4000 8 S -185.939667 -14.782157 -84.342651 1.800000 0.000000 0.000000
4000 9 G -186.592957 -11.612561 -83.478081 2.150000 0.000000 0.000000
4000 10 P -184.466232 -13.608509 -87.737473 2.110000 -1.000000 0.000000
4000 11 S -187.289520 -11.402819 -89.486145 1.800000 0.000000 0.000000
4000 12 C -186.670898 -8.826001 -87.295090 2.150000 0.000000 0.000000
4000 13 P -184.345840 -10.252813 -91.565598 2.110000 -1.000000 0.000000
4000 14 S -185.661331 -6.867053 -92.946167 1.800000 0.000000 0.000000
4000 15 G -186.091400 -5.785202 -89.813583 2.150000 0.000000 0.000000
4000 16 P -181.836700 -6.220484 -93.097794 2.110000 -1.000000 0.000000
4000 17 S -181.891998 -2.471303 -92.223602 1.800000 0.000000 0.000000
4000 18 C -182.440231 -3.243988 -88.822075 2.150000 0.000000 0.000000
4000 19 P -178.380173 -1.305345 -91.008568 2.110000 -1.000000 0.000000
4000 20 S -180.656647 1.672226 -90.095100 1.800000 0.000000 0.000000
4000 21 A -183.908066 1.335076 -88.388153 2.150000 0.000000 0.000000
4000 22 P -179.019119 1.895693 -86.467331 2.110000 -1.000000 0.000000
4000 23 S -182.609009 2.272612 -84.680771 1.800000 0.000000 0.000000
4000 24 A -184.046066 -1.049298 -84.609200 2.150000 0.000000 0.000000
4000 25 P -183.386963 3.164517 -81.104309 2.110000 -1.000000 0.000000
4000 26 S -187.242065 2.053370 -81.944382 1.800000 0.000000 0.000000
4000 27 G -188.078049 -0.916321 -83.335495 2.150000 0.000000 0.000000
4000 28 P -187.682037 1.265404 -78.173683 2.110000 -1.000000 0.000000
4000 29 S -190.589828 -1.105897 -78.763908 1.800000 0.000000 0.000000
4000 30 C -188.782654 -4.198929 -79.004036 2.150000 0.000000 0.000000
4000 31 P -192.508743 -2.467650 -75.583847 2.110000 -1.000000 0.000000
4000 32 S -193.752380 -5.821917 -77.128647 1.800000 0.000000 0.000000
4000 33 C -190.833344 -7.334312 -76.674309 2.150000 0.000000 0.000000
4000 34 P -195.535187 -7.336134 -73.962250 2.110000 -1.000000 0.000000
4000 35 S -195.186493 -11.074989 -75.122063 1.800000 0.000000 0.000000
4000 36 U -192.032013 -11.091234 -73.679047 2.150000 0.000000 0.000000
4000 37 P -196.749939 -11.496355 -71.551018 2.110000 -1.000000 0.000000
4500 1 P -179.011200 -15.085655 -71.045464 2.110000 -1.000000 1.000000
4500 2 S -181.454224 -17.148851 -73.217499 1.800000 0.000000 0.000000
4500 3 G -183.787079 -14.638758 -73.043915 2.150000 0.000000 0.000000
4500 4 P -180.154877 -16.305305 -76.824051 2.110000 -1.000000 0.000000
4500 5 S -183.781738 -17.006243 -78.632881 1.800000 0.000000 0.000000
4500 6 G -184.431320 -13.553713 -77.440475 2.150000 0.000000 0.000000
4500 7 P -183.082809 -16.456369 -82.368378 2.110000 -1.000000 0.000000
4500 8 S -185.969086 -14.736238 -84.337265 1.800000 0.000000 0.000000
4500 9 G -186.622375 -11.566643 -83.472694 2.150000 0.000000 0.000000
4500 10 P -184.495651 -13.562591 -87.732086 2.110000 -1.000000 0.000000
4500 11 S -187.345779 -11.384950 -89.513046 1.800000 0.000000 0.000000
4500 12 C -186.727158 -8.808132 -87.321991 2.150000 0.000000 0.000000
4500 13 P -184.402100 -10.234944 -91.592499 2.110000 -1.000000 0.000000
4500 14 S -185.340485 -6.689022 -93.036530 1.800000 0.000000 0.000000
4500 15 G -185.679031 -4.991087 -90.106560 2.150000 0.000000 0.000000
4500 16 P -181.629837 -5.573069 -93.105011 2.110000 -1.000000 0.000000
4500 17 S -181.739426 -1.713044 -92.596039 1.800000 0.000000 0.000000
4500 18 C -182.270294 -2.386789 -88.994011 2.150000 0.000000 0.000000
4500 19 P -178.048965 -0.449735 -91.528038 2.110000 -1.000000 0.000000
4500 20 S -180.358215 2.510302 -90.580856 1.800000 0.000000 0.000000
4500 21 A -183.791809 1.155696 -90.304710 2.150000 0.000000 0.000000
4500 22 P -179.296341 2.616122 -86.989700 2.110000 -1.000000 0.000000
4500 23 S -182.673447 2.412305 -85.008194 1.800000 0.000000 0.000000
4500 24 A -184.008286 -0.642102 -85.900856 2.150000 0.000000 0.000000
4500 25 P -183.670258 3.251912 -81.152802 2.110000 -1.000000 0.000000
4500 26 S -187.388107 2.150685 -82.133614 1.800000 0.000000 0.000000
4500 27 G -188.254059 -1.028595 -83.168655 2.150000 0.000000 0.000000
4500 28 P -187.541962 1.311472 -78.290459 2.110000 -1.000000 0.000000
4500 29 S -190.454544 -1.087207 -78.663628 1.800000 0.000000 0.000000
4500 30 C -188.647369 -4.180239 -78.903755 2.150000 0.000000 0.000000
4500 31 P -192.475372 -2.365698 -75.624069 2.110000 -1.000000 0.000000
4500 32 S -193.781693 -5.864436 -76.867477 1.800000 0.000000 0.000000
4500 33 C -190.862656 -7.376831 -76.413139 2.150000 0.000000 0.000000
4500 34 P -195.563736 -7.408643 -73.824295 2.110000 -1.000000 0.000000
4500 35 S -195.187622 -11.170469 -75.107697 1.800000 0.000000 0.000000
4500 36 U -191.984451 -11.130286 -74.113724 2.150000 0.000000 0.000000
4500 37 P -197.076828 -12.589783 -71.999237 2.110000 -1.000000 0.000000
5000 1 P -179.470459 -16.233931 -71.135490 2.110000 -1.000000 1.000000
5000 2 S -181.917953 -17.761505 -73.656967 1.800000 0.000000 0.000000
5000 3 G -183.864990 -14.847480 -73.126801 2.150000 0.000000 0.000000
5000 4 P -180.232788 -16.514023 -76.906937 2.110000 -1.000000 0.000000
5000 5 S -183.786957 -17.043419 -78.569305 1.800000 0.000000 0.000000
5000 6 G -184.449402 -13.611065 -77.390991 2.150000 0.000000 0.000000
5000 7 P -183.100891 -16.513716 -82.318893 2.110000 -1.000000 0.000000
5000 8 S -186.043121 -14.834338 -84.293320 1.800000 0.000000 0.000000
5000 9 G -186.322708 -11.620667 -83.265282 2.150000 0.000000 0.000000
5000 10 P -184.504761 -13.629168 -87.628502 2.110000 -1.000000 0.000000
5000 11 S -187.369919 -11.462131 -89.382141 1.800000 0.000000 0.000000
5000 12 C -186.728851 -8.878130 -87.187958 2.150000 0.000000 0.000000
5000 13 P -184.403793 -10.304942 -91.458466 2.110000 -1.000000 0.000000
5000 14 S -186.058350 -7.171841 -93.072495 1.800000 0.000000 0.000000
5000 15 G -186.525742 -4.768359 -90.464584 2.150000 0.000000 0.000000
5000 16 P -182.507355 -6.065968 -93.521782 2.110000 -1.000000 0.000000
5000 17 S -182.599243 -2.085463 -93.075386 1.800000 0.000000 0.000000
5000 18 C -183.658310 -1.807488 -89.806931 2.150000 0.000000 0.000000
5000 19 P -178.904755 -0.752105 -92.366829 2.110000 -1.000000 0.000000
5000 20 S -181.219391 2.204567 -91.417992 1.800000 0.000000 0.000000
5000 21 A -184.610794 1.699550 -90.685898 2.150000 0.000000 0.000000
5000 22 P -179.474686 2.880339 -87.927246 2.110000 -1.000000 0.000000
5000 23 S -182.685181 2.693884 -85.586433 1.800000 0.000000 0.000000
5000 24 A -182.094604 -0.749790 -85.311462 2.150000 0.000000 0.000000
5000 25 P -183.472290 3.454445 -81.715332 2.110000 -1.000000 0.000000
5000 26 S -187.195053 2.288703 -82.375137 1.800000 0.000000 0.000000
5000 27 G -188.061005 -0.890576 -83.410179 2.150000 0.000000 0.000000
5000 28 P -187.543579 1.484203 -78.634933 2.110000 -1.000000 0.000000
5000 29 S -190.461945 -1.077105 -78.792923 1.800000 0.000000 0.000000
5000 30 C -188.629944 -4.142105 -79.042160 2.150000 0.000000 0.000000
5000 31 P -192.475143 -2.356972 -75.751945 2.110000 -1.000000 0.000000
5000 32 S -193.753906 -5.857854 -77.004547 1.800000 0.000000 0.000000
5000 33 C -190.834869 -7.370250 -76.550209 2.150000 0.000000 0.000000
5000 34 P -195.522202 -7.317357 -73.923737 2.110000 -1.000000 0.000000
5000 35 S -195.184311 -11.131781 -75.014053 1.800000 0.000000 0.000000
5000 36 U -191.981140 -11.091598 -74.020081 2.150000 0.000000 0.000000
5000 37 P -196.322113 -13.575112 -72.309799 2.110000 -1.000000 0.000000
5500 1 P -179.295532 -15.730718 -70.444283 2.110000 -1.000000 1.000000
5500 2 S -181.780640 -17.514841 -72.936981 1.800000 0.000000 0.000000
5500 3 G -183.911850 -14.792538 -72.641441 2.150000 0.000000 0.000000
5500 4 P -180.279648 -16.459082 -76.421577 2.110000 -1.000000 0.000000
5500 5 S -183.765869 -16.941664 -78.419189 1.800000 0.000000 0.000000
5500 6 G -184.419937 -13.525954 -77.274872 2.150000 0.000000 0.000000
5500 7 P -183.071426 -16.428604 -82.202774 2.110000 -1.000000 0.000000
5500 8 S -186.010315 -14.749708 -84.316467 1.800000 0.000000 0.000000
5500 9 G -186.287994 -11.549681 -83.345276 2.150000 0.000000 0.000000
5500 10 P -184.470047 -13.558182 -87.708496 2.110000 -1.000000 0.000000
5500 11 S -187.372604 -11.396105 -89.463623 1.800000 0.000000 0.000000
5500 12 C -186.732101 -8.811627 -87.274063 2.150000 0.000000 0.000000
5500 13 P -184.407043 -10.238440 -91.544571 2.110000 -1.000000 0.000000
5500 14 S -185.988434 -7.076982 -93.221558 1.800000 0.000000 0.000000
5500 15 G -186.392868 -5.486233 -90.286667 2.150000 0.000000 0.000000
5500 16 P -182.047226 -6.491704 -93.416946 2.110000 -1.000000 0.000000
5500 17 S -182.155319 -2.503607 -93.262955 1.800000 0.000000 0.000000
5500 18 C -181.707092 -3.420649 -90.210938 2.150000 0.000000 0.000000
5500 19 P -178.623413 -1.095013 -92.406570 2.110000 -1.000000 0.000000
5500 20 S -180.938950 1.860268 -91.448296 1.800000 0.000000 0.000000
5500 21 A -183.659271 0.206102 -90.071869 2.150000 0.000000 0.000000
5500 22 P -179.274094 2.477580 -87.889549 2.110000 -1.000000 0.000000
5500 23 S -182.844635 2.826865 -85.887733 1.800000 0.000000 0.000000
5500 24 A -181.995865 -0.434668 -84.592819 2.150000 0.000000 0.000000
5500 25 P -183.581055 3.679393 -81.896423 2.110000 -1.000000 0.000000
5500 26 S -187.203995 2.314403 -82.457512 1.800000 0.000000 0.000000
5500 27 G -188.474030 -1.155301 -83.022949 2.150000 0.000000 0.000000
5500 28 P -187.617035 1.484532 -78.569214 2.110000 -1.000000 0.000000
5500 29 S -190.452744 -0.979177 -78.929039 1.800000 0.000000 0.000000
5500 30 C -188.620743 -4.044177 -79.178276 2.150000 0.000000 0.000000
5500 31 P -192.439667 -2.250880 -75.776588 2.110000 -1.000000 0.000000
5500 32 S -193.750290 -5.801970 -76.789566 1.800000 0.000000 0.000000
5500 33 C -190.831253 -7.314365 -76.335228 2.150000 0.000000 0.000000
5500 34 P -195.497467 -7.123543 -73.710388 2.110000 -1.000000 0.000000
5500 35 S -195.187820 -10.930870 -74.442207 1.800000 0.000000 0.000000
5500 36 U -191.984650 -10.890687 -73.448235 2.150000 0.000000 0.000000
5500 37 P -196.654449 -11.958572 -70.934319 2.110000 -1.000000 0.000000
6000 1 P -179.149231 -15.797379 -70.619438 2.110000 -1.000000 1.000000
6000 2 S -181.612579 -17.402042 -73.336395 1.800000 0.000000 0.000000
6000 3 G -183.763733 -14.583625 -73.007401 2.150000 0.000000 0.000000
6000 4 P -180.202164 -16.453722 -76.838074 2.110000 -1.000000 0.000000
6000 5 S -183.743790 -16.958294 -78.457809 1.800000 0.000000 0.000000
6000 6 G -184.431625 -13.541783 -77.449821 2.150000 0.000000 0.000000
6000 7 P -183.083115 -16.444437 -82.377724 2.110000 -1.000000 0.000000
6000 8 S -186.009872 -14.758934 -84.386948 1.800000 0.000000 0.000000
6000 9 G -186.433868 -11.512575 -83.465263 2.150000 0.000000 0.000000
6000 10 P -184.488419 -13.569556 -87.732887 2.110000 -1.000000 0.000000
6000 11 S -187.388214 -11.404439 -89.492828 1.800000 0.000000 0.000000
6000 12 C -186.753281 -8.832678 -87.296989 2.150000 0.000000 0.000000
6000 13 P -184.428223 -10.259490 -91.567497 2.110000 -1.000000 0.000000
6000 14 S -186.154541 -7.319508 -93.216690 1.800000 0.000000 0.000000
6000 15 G -186.434219 -5.242260 -90.429565 2.150000 0.000000 0.000000
6000 16 P -182.738480 -5.480505 -93.695549 2.110000 -1.000000 0.000000
6000 17 S -183.770859 -1.607971 -93.346558 1.800000 0.000000 0.000000
6000 18 C -183.101562 -1.418558 -96.710358 2.150000 0.000000 0.000000
6000 19 P -180.126953 -0.224472 -92.511864 2.110000 -1.000000 0.000000
6000 20 S -182.442490 2.730809 -91.553589 1.800000 0.000000 0.000000
6000 21 A -185.211899 1.041887 -89.835335 2.150000 0.000000 0.000000
6000 22 P -180.726410 3.588834 -88.091003 2.110000 -1.000000 0.000000
6000 23 S -183.745865 2.666894 -85.769043 1.800000 0.000000 0.000000
6000 24 A -184.384552 -0.688853 -85.625648 2.150000 0.000000 0.000000
6000 25 P -183.734467 3.574760 -81.890343 2.110000 -1.000000 0.000000
6000 26 S -187.309402 2.087425 -82.075233 1.800000 0.000000 0.000000
6000 27 G -188.543365 -1.177977 -82.971413 2.150000 0.000000 0.000000
6000 28 P -187.560272 1.308048 -78.252960 2.110000 -1.000000 0.000000
6000 29 S -190.548706 -1.082226 -78.757385 1.800000 0.000000 0.000000
6000 30 C -188.716705 -4.147225 -79.006622 2.150000 0.000000 0.000000
6000 31 P -192.523514 -2.350400 -75.517494 2.110000 -1.000000 0.000000
6000 32 S -193.742386 -5.837827 -76.715652 1.800000 0.000000 0.000000
6000 33 C -190.823349 -7.350223 -76.261314 2.150000 0.000000 0.000000
6000 34 P -195.637466 -7.474616 -73.735756 2.110000 -1.000000 0.000000
6000 35 S -195.250717 -11.230902 -74.517326 1.800000 0.000000 0.000000
6000 36 U -192.047546 -11.190719 -73.523354 2.150000 0.000000 0.000000
6000 37 P -196.503952 -12.104837 -70.939713 2.110000 -1.000000 0.000000
6500 1 P -179.314514 -15.282906 -70.779022 2.110000 -1.000000 1.000000
6500 2 S -181.563797 -17.103571 -73.278641 1.800000 0.000000 0.000000
6500 3 G -183.903595 -14.545313 -73.049042 2.150000 0.000000 0.000000
6500 4 P -180.342026 -16.415405 -76.879715 2.110000 -1.000000 0.000000
6500 5 S -183.792801 -16.914640 -78.591339 1.800000 0.000000 0.000000
6500 6 G -184.494171 -13.493020 -77.560242 2.150000 0.000000 0.000000
6500 7 P -183.145660 -16.395672 -82.488144 2.110000 -1.000000 0.000000
6500 8 S -186.098648 -14.813145 -84.406334 1.800000 0.000000 0.000000
6500 9 G -186.835251 -11.770378 -83.290901 2.150000 0.000000 0.000000
6500 10 P -184.538696 -13.618355 -87.754791 2.110000 -1.000000 0.000000
6500 11 S -187.431198 -11.436693 -89.533424 1.800000 0.000000 0.000000
6500 12 C -186.798004 -8.867098 -87.303398 2.150000 0.000000 0.000000
6500 13 P -184.472946 -10.293910 -91.573906 2.110000 -1.000000 0.000000
6500 14 S -185.963242 -7.194873 -93.388680 1.800000 0.000000 0.000000
6500 15 G -186.807739 -6.102785 -90.168175 2.150000 0.000000 0.000000
6500 16 P -182.054581 -5.753642 -93.171371 2.110000 -1.000000 0.000000
6500 17 S -183.312439 -2.139413 -92.710869 1.800000 0.000000 0.000000
6500 18 C -183.378738 -2.783833 -89.081909 2.150000 0.000000 0.000000
6500 19 P -179.776810 -0.354357 -92.534256 2.110000 -1.000000 0.000000
6500 20 S -182.114746 2.604096 -91.588554 1.800000 0.000000 0.000000
6500 21 A -184.933167 1.065177 -90.198906 2.150000 0.000000 0.000000
6500 22 P -180.435883 3.440569 -88.063301 2.110000 -1.000000 0.000000
6500 23 S -183.984222 2.927948 -86.557930 1.800000 0.000000 0.000000
6500 24 A -184.277634 -0.476412 -86.193054 2.150000 0.000000 0.000000
6500 25 P -184.107224 3.922965 -82.601685 2.110000 -1.000000 0.000000
6500 26 S -187.435226 2.093291 -82.219002 1.800000 0.000000 0.000000
6500 27 G -188.669189 -1.172112 -83.115181 2.150000 0.000000 0.000000
6500 28 P -187.383972 1.393381 -78.466988 2.110000 -1.000000 0.000000
6500 29 S -190.525604 -1.038322 -78.879944 1.800000 0.000000 0.000000
6500 30 C -188.693604 -4.103321 -79.129181 2.150000 0.000000 0.000000
6500 31 P -192.454941 -2.202937 -75.845879 2.110000 -1.000000 0.000000
6500 32 S -193.802185 -5.822257 -76.685661 1.800000 0.000000 0.000000
6500 33 C -190.883148 -7.334652 -76.231323 2.150000 0.000000 0.000000
6500 34 P -195.901001 -7.577168 -74.037575 2.110000 -1.000000 0.000000
6500 35 S -195.462479 -11.392914 -75.054832 1.800000 0.000000 0.000000
6500 36 U -192.178802 -11.227725 -74.032600 2.150000 0.000000 0.000000
6500 37 P -197.200043 -13.740708 -72.591667 2.110000 -1.000000 0.000000
7000 1 P -179.034286 -14.438974 -71.183350 2.110000 -1.000000 1.000000
7000 2 S -181.403458 -16.838560 -73.261757 1.800000 0.000000 0.000000
7000 3 G -183.806656 -14.390206 -73.039833 2.150000 0.000000 0.000000
7000 4 P -180.245087 -16.260296 -76.870506 2.110000 -1.000000 0.000000
7000 5 S -183.758713 -16.856651 -78.545692 1.800000 0.000000 0.000000
7000 6 G -184.413116 -13.425459 -77.477409 2.150000 0.000000 0.000000
7000 7 P -183.064606 -16.328106 -82.405312 2.110000 -1.000000 0.000000
7000 8 S -186.041901 -14.791929 -84.202507 1.800000 0.000000 0.000000
7000 9 G -186.676025 -11.704983 -83.221924 2.150000 0.000000 0.000000
7000 10 P -184.499863 -13.631337 -87.627411 2.110000 -1.000000 0.000000
7000 11 S -187.400085 -11.462392 -89.419235 1.800000 0.000000 0.000000
7000 12 C -186.790115 -8.892045 -87.245880 2.150000 0.000000 0.000000
7000 13 P -184.465057 -10.318857 -91.516388 2.110000 -1.000000 0.000000
7000 14 S -185.785614 -6.989043 -93.390564 1.800000 0.000000 0.000000
7000 15 G -186.853638 -5.455252 -90.454132 2.150000 0.000000 0.000000
7000 16 P -182.595123 -5.088650 -94.063522 2.110000 -1.000000 0.000000
7000 17 S -183.736420 -1.280524 -93.389725 1.800000 0.000000 0.000000
7000 18 C -184.418823 -1.248229 -90.031113 2.150000 0.000000 0.000000
7000 19 P -180.146927 0.332573 -92.968674 2.110000 -1.000000 0.000000
7000 20 S -182.484863 3.291026 -92.022972 1.800000 0.000000 0.000000
7000 21 A -180.619370 5.116930 -94.184715 2.150000 0.000000 0.000000
7000 22 P -180.950409 3.938997 -88.537361 2.110000 -1.000000 0.000000
7000 23 S -183.783005 2.978166 -86.171288 1.800000 0.000000 0.000000
7000 24 A -184.891022 6.246027 -87.487900 2.150000 0.000000 0.000000
7000 25 P -183.866211 3.865716 -82.561119 2.110000 -1.000000 0.000000
7000 26 S -187.366867 2.233563 -82.447479 1.800000 0.000000 0.000000
7000 27 G -188.600830 -1.031839 -83.343658 2.150000 0.000000 0.000000
7000 28 P -187.486359 1.444166 -78.511154 2.110000 -1.000000 0.000000
7000 29 S -190.525833 -0.964159 -78.944191 1.800000 0.000000 0.000000
7000 30 C -188.693832 -4.029158 -79.193428 2.150000 0.000000 0.000000
7000 31 P -192.382599 -2.082756 -75.790039 2.110000 -1.000000 0.000000
7000 32 S -193.737915 -5.745774 -76.601662 1.800000 0.000000 0.000000
7000 33 C -190.818878 -7.258169 -76.147324 2.150000 0.000000 0.000000
7000 34 P -195.898636 -7.676380 -73.902603 2.110000 -1.000000 0.000000
7000 35 S -195.403976 -11.350963 -75.175407 1.800000 0.000000 0.000000
7000 36 U -192.162888 -11.367779 -74.423264 2.150000 0.000000 0.000000
7000 37 P -196.567383 -13.153539 -71.998383 2.110000 -1.000000 0.000000
7500 1 P -178.870316 -13.977941 -72.183296 2.110000 -1.000000 1.000000
7500 2 S -181.405411 -16.792919 -73.007309 1.800000 0.000000 0.000000
7500 3 G -183.910187 -14.454242 -73.051399 2.150000 0.000000 0.000000
7500 4 P -180.348618 -16.324331 -76.882072 2.110000 -1.000000 0.000000
7500 5 S -183.742493 -16.761965 -78.841187 1.800000 0.000000 0.000000
7500 6 G -184.392303 -13.326423 -77.774704 2.150000 0.000000 0.000000
7500 7 P -183.043793 -16.229073 -82.702606 2.110000 -1.000000 0.000000
7500 8 S -186.014359 -14.680067 -84.504982 1.800000 0.000000 0.000000
7500 9 G -186.696976 -11.658864 -83.389000 2.150000 0.000000 0.000000
7500 10 P -184.520813 -13.585218 -87.794487 2.110000 -1.000000 0.000000
7500 11 S -187.443741 -11.491320 -89.368805 1.800000 0.000000 0.000000
7500 12 C -186.786789 -8.873456 -87.186813 2.150000 0.000000 0.000000
7500 13 P -184.461731 -10.300268 -91.457321 2.110000 -1.000000 0.000000
7500 14 S -185.954163 -7.202524 -93.305595 1.800000 0.000000 0.000000
7500 15 G -188.289795 -5.267577 -91.346687 2.150000 0.000000 0.000000
7500 16 P -182.946121 -5.178587 -94.407082 2.110000 -1.000000 0.000000
7500 17 S -184.683853 -1.712519 -93.870216 1.800000 0.000000 0.000000
7500 18 C -184.198898 -1.794441 -90.592476 2.150000 0.000000 0.000000
7500 19 P -181.203568 -0.029944 -93.930717 2.110000 -1.000000 0.000000
7500 20 S -183.566254 2.902976 -92.948380 1.800000 0.000000 0.000000
7500 21 A -185.839554 1.405958 -90.717606 2.150000 0.000000 0.000000
7500 22 P -181.861801 3.807994 -89.502029 2.110000 -1.000000 0.000000
7500 23 S -184.495850 2.722767 -86.809731 1.800000 0.000000 0.000000
7500 24 A -182.623734 -0.236887 -86.691925 2.150000 0.000000 0.000000
7500 25 P -183.566055 3.996262 -82.965790 2.110000 -1.000000 0.000000
7500 26 S -186.967209 2.270447 -82.332672 1.800000 0.000000 0.000000
7500 27 G -187.421097 -0.521357 -84.204132 2.150000 0.000000 0.000000
7500 28 P -187.508484 1.459872 -78.556168 2.110000 -1.000000 0.000000
7500 29 S -190.504944 -0.946039 -78.973381 1.800000 0.000000 0.000000
7500 30 C -188.672943 -4.011037 -79.222618 2.150000 0.000000 0.000000
7500 31 P -192.413605 -2.121759 -75.976936 2.110000 -1.000000 0.000000
7500 32 S -193.767807 -5.744548 -76.803192 1.800000 0.000000 0.000000
7500 33 C -190.848770 -7.256944 -76.348854 2.150000 0.000000 0.000000
7500 34 P -195.976578 -7.707442 -74.163223 2.110000 -1.000000 0.000000
7500 35 S -195.459885 -11.429440 -75.321671 1.800000 0.000000 0.000000
7500 36 U -192.218796 -11.446256 -74.569527 2.150000 0.000000 0.000000
7500 37 P -196.707672 -13.644231 -72.536087 2.110000 -1.000000 0.000000
8000 1 P -181.554062 -20.103281 -72.121140 2.110000 -1.000000 1.000000
8000 2 S -181.087296 -16.330198 -73.244431 1.800000 0.000000 0.000000
8000 3 G -184.035629 -14.945408 -73.014885 2.150000 0.000000 0.000000
8000 4 P -180.197098 -16.315668 -77.033127 2.110000 -1.000000 0.000000
8000 5 S -183.615219 -16.782181 -78.642563 1.800000 0.000000 0.000000
8000 6 G -184.295807 -13.341530 -77.493683 2.150000 0.000000 0.000000
8000 7 P -182.947296 -16.244183 -82.421585 2.110000 -1.000000 0.000000
8000 8 S -185.965637 -14.672235 -84.248688 1.800000 0.000000 0.000000
8000 9 G -186.675476 -11.655289 -83.273506 2.150000 0.000000 0.000000
8000 10 P -184.499313 -13.581643 -87.678993 2.110000 -1.000000 0.000000
8000 11 S -187.467194 -11.510033 -89.352440 1.800000 0.000000 0.000000
8000 12 C -187.004288 -8.869690 -87.137489 2.150000 0.000000 0.000000
8000 13 P -184.517227 -10.298244 -91.478905 2.110000 -1.000000 0.000000
8000 14 S -186.246994 -7.128387 -93.267426 1.800000 0.000000 0.000000
8000 15 G -185.587173 -4.277710 -90.967346 2.150000 0.000000 0.000000
8000 16 P -183.641068 -4.623937 -94.665375 2.110000 -1.000000 0.000000
8000 17 S -184.300507 -0.826438 -94.097763 1.800000 0.000000 0.000000
8000 18 C -185.335617 -0.058778 -90.693146 2.150000 0.000000 0.000000
8000 19 P -180.633987 0.558141 -93.785988 2.110000 -1.000000 0.000000
8000 20 S -182.938812 3.543957 -92.814262 1.800000 0.000000 0.000000
8000 21 A -180.622787 5.660408 -94.576355 2.150000 0.000000 0.000000
8000 22 P -180.948120 4.366147 -89.417252 2.110000 -1.000000 0.000000
8000 23 S -183.164642 2.796085 -86.358200 1.800000 0.000000 0.000000
8000 24 A -182.916031 -0.538888 -85.748596 2.150000 0.000000 0.000000
8000 25 P -183.514587 3.732313 -82.541756 2.110000 -1.000000 0.000000
8000 26 S -187.203217 2.343737 -82.389557 1.800000 0.000000 0.000000
8000 27 G -187.822647 -0.589604 -83.993080 2.150000 0.000000 0.000000
8000 28 P -187.561401 1.518386 -78.607376 2.110000 -1.000000 0.000000
8000 29 S -190.428986 -0.933469 -78.918495 1.800000 0.000000 0.000000
8000 30 C -188.596985 -3.998468 -79.167732 2.150000 0.000000 0.000000
8000 31 P -192.357635 -2.110147 -75.878479 2.110000 -1.000000 0.000000
8000 32 S -193.690292 -5.745030 -76.686180 1.800000 0.000000 0.000000
8000 33 C -190.771255 -7.257426 -76.231842 2.150000 0.000000 0.000000
8000 34 P -195.897263 -7.726801 -74.240776 2.110000 -1.000000 0.000000
8000 35 S -195.293884 -11.358006 -75.548828 1.800000 0.000000 0.000000
8000 36 U -192.063400 -11.276510 -74.378609 2.150000 0.000000 0.000000
8000 37 P -196.995270 -14.176872 -73.486671 2.110000 -1.000000 0.000000
8500 1 P -178.747833 -14.361379 -71.137619 2.110000 -1.000000 1.000000
8500 2 S -181.195099 -16.715794 -72.960388 1.800000 0.000000 0.000000
8500 3 G -184.049179 -15.032030 -72.753120 2.150000 0.000000 0.000000
8500 4 P -180.210648 -16.402298 -76.771362 2.110000 -1.000000 0.000000
8500 5 S -183.688751 -16.870136 -78.502281 1.800000 0.000000 0.000000
8500 6 G -184.359314 -13.456644 -77.436737 2.150000 0.000000 0.000000
8500 7 P -183.010803 -16.359303 -82.364639 2.110000 -1.000000 0.000000
8500 8 S -185.983429 -14.777518 -84.194389 1.800000 0.000000 0.000000
8500 9 G -186.646927 -11.664184 -83.222023 2.150000 0.000000 0.000000
8500 10 P -184.482605 -13.629353 -87.600189 2.110000 -1.000000 0.000000
8500 11 S -187.468063 -11.540751 -89.309441 1.800000 0.000000 0.000000
8500 12 C -186.993835 -8.893014 -87.118553 2.150000 0.000000 0.000000
8500 13 P -184.506775 -10.321568 -91.459969 2.110000 -1.000000 0.000000
8500 14 S -185.470810 -7.398936 -93.671577 1.800000 0.000000 0.000000
8500 15 G -185.719193 -5.751736 -90.815620 2.150000 0.000000 0.000000
8500 16 P -182.117798 -5.325557 -94.432953 2.110000 -1.000000 0.000000
8500 17 S -183.229568 -1.653697 -93.620781 1.800000 0.000000 0.000000
8500 18 C -184.711624 0.452247 -95.946602 2.150000 0.000000 0.000000
8500 19 P -179.723328 -0.145108 -93.155205 2.110000 -1.000000 0.000000
8500 20 S -182.025482 2.827917 -92.177055 1.800000 0.000000 0.000000
8500 21 A -184.880386 0.598181 -91.383484 2.150000 0.000000 0.000000
8500 22 P -180.696838 3.914350 -88.732262 2.110000 -1.000000 0.000000
8500 23 S -183.663437 2.732477 -86.230377 1.800000 0.000000 0.000000
8500 24 A -185.151611 -0.277235 -86.908249 2.150000 0.000000 0.000000
8500 25 P -183.904724 3.801474 -82.559570 2.110000 -1.000000 0.000000
8500 26 S -187.468140 2.199174 -82.135025 1.800000 0.000000 0.000000
8500 27 G -188.087570 -0.734166 -83.738548 2.150000 0.000000 0.000000
8500 28 P -187.501083 1.326328 -78.370598 2.110000 -1.000000 0.000000
8500 29 S -190.529572 -1.089365 -78.586494 1.800000 0.000000 0.000000
8500 30 C -188.697571 -4.154364 -78.835732 2.150000 0.000000 0.000000
8500 31 P -192.405273 -2.241911 -75.545708 2.110000 -1.000000 0.000000
8500 32 S -193.777649 -5.890374 -76.413536 1.800000 0.000000 0.000000
8500 33 C -190.877640 -7.398950 -76.198288 2.150000 0.000000 0.000000
8500 34 P -195.705536 -7.467231 -73.505966 2.110000 -1.000000 0.000000
8500 35 S -195.381989 -11.202024 -74.731987 1.800000 0.000000 0.000000
8500 36 U -192.248581 -11.542281 -73.337280 2.150000 0.000000 0.000000
8500 37 P -196.844711 -13.415228 -71.815636 2.110000 -1.000000 0.000000
9000 1 P -179.049652 -14.659297 -70.650093 2.110000 -1.000000 1.000000
9000 2 S -181.135925 -16.520311 -73.552795 1.800000 0.000000 0.000000
9000 3 G -183.863907 -14.529542 -73.241058 2.150000 0.000000 0.000000
9000 4 P -180.133148 -16.163404 -77.329041 2.110000 -1.000000 0.000000
9000 5 S -183.662048 -16.745356 -78.950996 1.800000 0.000000 0.000000
9000 6 G -184.328003 -13.324215 -77.791092 2.150000 0.000000 0.000000
9000 7 P -182.979492 -16.226871 -82.718994 2.110000 -1.000000 0.000000
9000 8 S -185.964615 -14.665838 -84.329559 1.800000 0.000000 0.000000
9000 9 G -186.630554 -11.553989 -83.272972 2.150000 0.000000 0.000000
9000 10 P -184.466232 -13.519158 -87.651138 2.110000 -1.000000 0.000000
9000 11 S -187.453018 -11.429886 -89.348969 1.800000 0.000000 0.000000
9000 12 C -186.973190 -8.770495 -87.253563 2.150000 0.000000 0.000000
9000 13 P -184.486130 -10.199049 -91.594978 2.110000 -1.000000 0.000000
9000 14 S -186.204605 -7.658771 -93.753723 1.800000 0.000000 0.000000
9000 15 G -187.030212 -6.641953 -90.729515 2.150000 0.000000 0.000000
9000 16 P -183.078522 -5.642481 -94.814957 2.110000 -1.000000 0.000000
9000 17 S -183.933243 -1.976300 -93.844276 1.800000 0.000000 0.000000
9000 18 C -183.679764 -3.761029 -90.912857 2.150000 0.000000 0.000000
9000 19 P -180.378220 -0.392920 -93.519112 2.110000 -1.000000 0.000000
9000 20 S -182.684784 2.585324 -92.535728 1.800000 0.000000 0.000000
9000 21 A -183.945862 0.262387 -90.165108 2.150000 0.000000 0.000000
9000 22 P -180.704147 4.202028 -89.622314 2.110000 -1.000000 0.000000
9000 23 S -183.503510 3.129117 -87.026627 1.800000 0.000000 0.000000
9000 24 A -183.480331 -0.365875 -86.527039 2.150000 0.000000 0.000000
9000 25 P -183.621857 4.124004 -83.283142 2.110000 -1.000000 0.000000
9000 26 S -187.176453 2.462913 -82.504730 1.800000 0.000000 0.000000
9000 27 G -187.590012 -0.476997 -83.963081 2.150000 0.000000 0.000000
9000 28 P -187.614685 1.572457 -78.785439 2.110000 -1.000000 0.000000
9000 29 S -190.636505 -1.024813 -78.672905 1.800000 0.000000 0.000000
9000 30 C -188.804504 -4.089812 -78.922142 2.150000 0.000000 0.000000
9000 31 P -192.442520 -2.250616 -75.309196 2.110000 -1.000000 0.000000
9000 32 S -193.748856 -5.760221 -76.722374 1.800000 0.000000 0.000000
9000 33 C -190.813492 -7.296036 -76.288132 2.150000 0.000000 0.000000
9000 34 P -195.771378 -7.484355 -73.929970 2.110000 -1.000000 0.000000
9000 35 S -195.352982 -11.120300 -75.179680 1.800000 0.000000 0.000000
9000 36 U -192.219574 -11.460558 -73.784973 2.150000 0.000000 0.000000
9000 37 P -197.072495 -13.954001 -72.849556 2.110000 -1.000000 0.000000
9500 1 P -178.720734 -14.390059 -72.084190 2.110000 -1.000000 1.000000
9500 2 S -181.278824 -16.924454 -73.353798 1.800000 0.000000 0.000000
9500 3 G -183.994202 -14.795093 -72.905212 2.150000 0.000000 0.000000
9500 4 P -180.263443 -16.428955 -76.993195 2.110000 -1.000000 0.000000
9500 5 S -183.615128 -16.751087 -78.801414 1.800000 0.000000 0.000000
9500 6 G -184.342651 -13.331210 -77.764931 2.150000 0.000000 0.000000
9500 7 P -182.994141 -16.233866 -82.692833 2.110000 -1.000000 0.000000
9500 8 S -185.979782 -14.666401 -84.322556 1.800000 0.000000 0.000000
9500 9 G -186.639862 -11.513982 -83.373848 2.150000 0.000000 0.000000
9500 10 P -184.465225 -13.514334 -87.634689 2.110000 -1.000000 0.000000
9500 11 S -187.452057 -11.425347 -89.312576 1.800000 0.000000 0.000000
9500 12 C -186.972504 -8.765506 -87.240341 2.150000 0.000000 0.000000
9500 13 P -184.485443 -10.194059 -91.581757 2.110000 -1.000000 0.000000
9500 14 S -186.369904 -7.423837 -93.699371 1.800000 0.000000 0.000000
9500 15 G -188.109390 -6.281305 -90.709236 2.150000 0.000000 0.000000
9500 16 P -182.861206 -5.673213 -94.449417 2.110000 -1.000000 0.000000
9500 17 S -184.199936 -1.854923 -93.961693 1.800000 0.000000 0.000000
9500 18 C -185.761078 -2.880443 -91.112343 2.150000 0.000000 0.000000
9500 19 P -180.704788 -0.233156 -93.495140 2.110000 -1.000000 0.000000
9500 20 S -183.004868 2.721724 -92.485184 1.800000 0.000000 0.000000
9500 21 A -185.978424 2.256527 -90.950462 2.150000 0.000000 0.000000
9500 22 P -180.801849 4.050227 -89.340775 2.110000 -1.000000 0.000000
9500 23 S -183.985168 3.247358 -87.033020 1.800000 0.000000 0.000000
9500 24 A -183.491608 -0.143566 -86.730515 2.150000 0.000000 0.000000
9500 25 P -183.858261 4.167144 -83.223503 2.110000 -1.000000 0.000000
9500 26 S -187.357681 2.461140 -82.596306 1.800000 0.000000 0.000000
9500 27 G -187.771240 -0.478769 -84.054657 2.150000 0.000000 0.000000
9500 28 P -187.551041 1.525416 -78.670334 2.110000 -1.000000 0.000000
9500 29 S -190.645584 -0.966665 -78.811569 1.800000 0.000000 0.000000
9500 30 C -188.813583 -4.031664 -79.060806 2.150000 0.000000 0.000000
9500 31 P -192.421997 -2.166126 -75.531044 2.110000 -1.000000 0.000000
9500 32 S -193.692154 -5.665599 -76.923958 1.800000 0.000000 0.000000
9500 33 C -190.756790 -7.201415 -76.489716 2.150000 0.000000 0.000000
9500 34 P -195.698318 -7.304996 -74.155769 2.110000 -1.000000 0.000000
9500 35 S -195.368225 -11.116543 -75.061432 1.800000 0.000000 0.000000
9500 36 U -192.006607 -11.320255 -74.704414 2.150000 0.000000 0.000000
9500 37 P -196.361877 -12.661691 -71.941315 2.110000 -1.000000 0.000000
10000 1 P -178.591217 -13.681489 -71.629837 2.110000 -1.000000 1.000000
10000 2 S -181.154648 -16.381472 -72.801117 1.800000 0.000000 0.000000
10000 3 G -183.978455 -14.827225 -73.129898 2.150000 0.000000 0.000000
10000 4 P -180.235916 -16.201340 -76.613487 2.110000 -1.000000 0.000000
10000 5 S -183.547470 -16.611599 -78.496475 1.800000 0.000000 0.000000
10000 6 G -184.368378 -13.271441 -77.530754 2.150000 0.000000 0.000000
10000 7 P -182.937790 -16.083664 -82.336670 2.110000 -1.000000 0.000000
10000 8 S -185.882095 -14.537604 -84.250870 1.800000 0.000000 0.000000
10000 9 G -186.570450 -11.417543 -83.380142 2.150000 0.000000 0.000000
10000 10 P -184.395813 -13.417895 -87.640984 2.110000 -1.000000 0.000000
10000 11 S -187.376205 -11.350557 -89.331535 1.800000 0.000000 0.000000
10000 12 C -186.964874 -8.787662 -87.155037 2.150000 0.000000 0.000000
10000 13 P -184.477814 -10.216215 -91.496452 2.110000 -1.000000 0.000000
10000 14 S -185.940674 -7.292662 -93.551926 1.800000 0.000000 0.000000
10000 15 G -184.960770 -10.179686 -95.737816 2.150000 0.000000 0.000000
10000 16 P -182.551895 -5.727501 -94.281662 2.110000 -1.000000 0.000000
10000 17 S -183.848862 -2.173619 -93.483025 1.800000 0.000000 0.000000
10000 18 C -184.567368 -0.398016 -96.512207 2.150000 0.000000 0.000000
10000 19 P -180.393463 -0.734147 -92.675529 2.110000 -1.000000 0.000000
10000 20 S -182.682968 2.222498 -91.625893 1.800000 0.000000 0.000000
10000 21 A -183.666031 0.183052 -89.072144 2.150000 0.000000 0.000000
10000 22 P -180.879227 3.404543 -88.559776 2.110000 -1.000000 0.000000
10000 23 S -184.148590 2.871593 -86.522667 1.800000 0.000000 0.000000
10000 24 A -185.832962 4.979333 -88.776604 2.150000 0.000000 0.000000
10000 25 P -184.080048 4.018204 -82.750465 2.110000 -1.000000 0.000000
10000 26 S -187.573044 2.353312 -82.422371 1.800000 0.000000 0.000000
10000 27 G -187.986603 -0.586597 -83.880722 2.150000 0.000000 0.000000
10000 28 P -187.760468 1.483902 -78.673218 2.110000 -1.000000 0.000000
10000 29 S -190.867554 -0.830691 -79.051758 1.800000 0.000000 0.000000
10000 30 C -189.035553 -3.895690 -79.300995 2.150000 0.000000 0.000000
10000 31 P -192.448227 -2.023795 -75.669243 2.110000 -1.000000 0.000000
10000 32 S -193.711151 -5.422092 -76.986847 1.800000 0.000000 0.000000
10000 33 C -190.775787 -6.957907 -76.552605 2.150000 0.000000 0.000000
10000 34 P -195.742645 -7.101906 -74.164230 2.110000 -1.000000 0.000000
10000 35 S -195.456558 -10.884146 -74.877075 1.800000 0.000000 0.000000
10000 36 U -192.140564 -11.155532 -74.249779 2.150000 0.000000 0.000000
10000 37 P -197.368240 -11.533742 -71.390594 2.110000 -1.000000 0.000000
