500 1 P -178.966949 -15.092685 -72.082214 2.110000 -1.000000 1.000000
500 2 S -181.763168 -17.394680 -73.416222 1.800000 0.000000 0.000000
500 3 G -184.468002 -15.254354 -72.486702 2.150000 0.000000 0.000000
500 4 P -180.700684 -16.947315 -77.084747 2.110000 -1.000000 0.000000
500 5 S -184.374191 -17.186016 -78.688599 1.800000 0.000000 0.000000
500 6 G -185.583664 -14.439162 -77.623444 2.150000 0.000000 0.000000
500 7 P -183.552307 -16.584194 -82.494125 2.110000 -1.000000 0.000000
500 8 S -186.620377 -15.256794 -84.356667 1.800000 0.000000 0.000000
500 9 G -186.926666 -12.277827 -82.650551 2.150000 0.000000 0.000000
500 10 P -185.006241 -13.890861 -87.697723 2.110000 -1.000000 0.000000
500 11 S -187.735123 -11.687315 -89.327705 1.800000 0.000000 0.000000
500 12 C -186.942520 -9.181404 -87.187263 2.150000 0.000000 0.000000
500 13 P -184.771545 -10.619735 -91.328300 2.110000 -1.000000 0.000000
500 14 S -185.987961 -7.363450 -93.286461 1.800000 0.000000 0.000000
500 15 G -187.642075 -5.272183 -91.196754 2.150000 0.000000 0.000000
500 16 P -182.527206 -6.238520 -93.689522 2.110000 -1.000000 0.000000
500 17 S -182.651398 -2.151370 -93.540321 1.800000 0.000000 0.000000
500 18 C -184.127304 -2.300951 -90.318962 2.150000 0.000000 0.000000
500 19 P -179.131073 -1.627128 -91.741768 2.110000 -1.000000 0.000000
500 20 S -181.420593 1.345641 -90.765945 1.800000 0.000000 0.000000
500 21 A -179.667068 2.360785 -93.603455 2.150000 0.000000 0.000000
500 22 P -179.330017 2.433978 -87.562378 2.110000 -1.000000 0.000000
500 23 S -182.742355 2.255346 -85.543976 1.800000 0.000000 0.000000
500 24 A -183.231415 -1.284327 -84.913086 2.150000 0.000000 0.000000
500 25 P -183.235992 3.046630 -81.820618 2.110000 -1.000000 0.000000
500 26 S -186.901062 1.930830 -82.186172 1.800000 0.000000 0.000000
500 27 G -188.031372 -1.144001 -83.430359 2.150000 0.000000 0.000000
500 28 P -187.406113 1.107651 -78.404602 2.110000 -1.000000 0.000000
500 29 S -190.566513 -0.979156 -79.258820 1.800000 0.000000 0.000000
500 30 C -189.147964 -4.152082 -79.915001 2.150000 0.000000 0.000000
500 31 P -192.478058 -2.382807 -76.105507 2.110000 -1.000000 0.000000
500 32 S -193.875702 -5.565897 -77.816925 1.800000 0.000000 0.000000
500 33 C -190.915298 -7.289779 -76.576935 2.150000 0.000000 0.000000
500 34 P -195.341583 -7.087261 -74.749855 2.110000 -1.000000 0.000000
500 35 S -195.212311 -10.802463 -75.867966 1.800000 0.000000 0.000000
500 36 U -192.147079 -11.089613 -74.091743 2.150000 0.000000 0.000000
500 37 P -197.172226 -12.646832 -73.127716 2.110000 -1.000000 0.000000
1000 1 P -179.438538 -15.395159 -72.012856 2.110000 -1.000000 1.000000
1000 2 S -182.041199 -17.559965 -73.917023 1.800000 0.000000 0.000000
1000 3 G -184.591888 -15.286714 -72.980270 2.150000 0.000000 0.000000
1000 4 P -180.824570 -16.979673 -77.578316 2.110000 -1.000000 0.000000
1000 5 S -184.387665 -17.297649 -78.933693 1.800000 0.000000 0.000000
1000 6 G -185.262848 -14.116229 -78.122902 2.150000 0.000000 0.000000
1000 7 P -183.534729 -16.567514 -82.673134 2.110000 -1.000000 0.000000
1000 8 S -186.613663 -15.259645 -84.588531 1.800000 0.000000 0.000000
1000 9 G -186.886581 -12.244712 -82.813087 2.150000 0.000000 0.000000
1000 10 P -184.966156 -13.857745 -87.860260 2.110000 -1.000000 0.000000
1000 11 S -187.702774 -11.642193 -89.467079 1.800000 0.000000 0.000000
1000 12 C -186.931335 -9.158696 -87.254265 2.150000 0.000000 0.000000
1000 13 P -184.760361 -10.597027 -91.395302 2.110000 -1.000000 0.000000
1000 14 S -185.883301 -7.438863 -93.488335 1.800000 0.000000 0.000000
1000 15 G -187.020706 -6.377080 -90.308784 2.150000 0.000000 0.000000
1000 16 P -182.126648 -6.834483 -93.174934 2.110000 -1.000000 0.000000
1000 17 S -182.221466 -2.920646 -92.802292 1.800000 0.000000 0.000000
1000 18 C -184.118347 -2.609602 -89.984192 2.150000 0.000000 0.000000
1000 19 P -178.693344 -2.224136 -91.393692 2.110000 -1.000000 0.000000
1000 20 S -180.969147 0.744154 -90.455879 1.800000 0.000000 0.000000
1000 21 A -180.028076 2.945125 -92.972771 2.150000 0.000000 0.000000
1000 22 P -178.967224 1.931362 -87.092606 2.110000 -1.000000 0.000000
1000 23 S -182.647888 2.156133 -85.558228 1.800000 0.000000 0.000000
1000 24 A -183.468765 -1.071865 -85.294052 2.150000 0.000000 0.000000
1000 25 P -183.173828 3.093879 -81.960403 2.110000 -1.000000 0.000000
1000 26 S -187.024109 1.820078 -81.976357 1.800000 0.000000 0.000000
1000 27 G -188.150757 -1.163705 -83.362396 2.150000 0.000000 0.000000
1000 28 P -187.529160 0.996899 -78.194786 2.110000 -1.000000 0.000000
1000 29 S -190.540588 -1.104212 -79.229965 1.800000 0.000000 0.000000
1000 30 C -189.327209 -4.205379 -80.091393 2.150000 0.000000 0.000000
1000 31 P -192.458954 -2.349797 -76.327194 2.110000 -1.000000 0.000000
1000 32 S -193.830795 -5.497103 -78.112976 1.800000 0.000000 0.000000
1000 33 C -190.870392 -7.220985 -76.872986 2.150000 0.000000 0.000000
1000 34 P -195.507736 -7.182254 -75.073944 2.110000 -1.000000 0.000000
1000 35 S -195.449356 -10.889579 -76.064911 1.800000 0.000000 0.000000
1000 36 U -192.455963 -11.372339 -74.634277 2.150000 0.000000 0.000000
1000 37 P -197.444763 -12.729239 -73.317093 2.110000 -1.000000 0.000000
1500 1 P -182.737213 -21.296803 -73.302162 2.110000 -1.000000 1.000000
1500 2 S -181.786148 -17.458822 -73.501228 1.800000 0.000000 0.000000
1500 3 G -184.549728 -15.484729 -73.089409 2.150000 0.000000 0.000000
1500 4 P -180.932449 -17.106070 -77.243637 2.110000 -1.000000 0.000000
1500 5 S -184.479858 -17.437191 -78.782486 1.800000 0.000000 0.000000
1500 6 G -185.753586 -14.594099 -77.522957 2.150000 0.000000 0.000000
1500 7 P -183.628799 -16.705093 -82.538437 2.110000 -1.000000 0.000000
1500 8 S -186.743835 -15.415384 -84.451561 1.800000 0.000000 0.000000
1500 9 G -186.664734 -12.096118 -83.291527 2.150000 0.000000 0.000000
1500 10 P -185.127045 -14.007213 -87.743797 2.110000 -1.000000 0.000000
1500 11 S -187.813934 -11.752881 -89.386627 1.800000 0.000000 0.000000
1500 12 C -186.947067 -9.204894 -87.230408 2.150000 0.000000 0.000000
1500 13 P -184.776093 -10.643225 -91.371445 2.110000 -1.000000 0.000000
1500 14 S -185.777161 -7.294220 -93.126816 1.800000 0.000000 0.000000
1500 15 G -186.612259 -5.307004 -90.431969 2.150000 0.000000 0.000000
1500 16 P -182.258255 -6.680807 -92.978264 2.110000 -1.000000 0.000000
1500 17 S -182.818542 -2.681648 -92.860527 1.800000 0.000000 0.000000
1500 18 C -182.597916 -1.226603 -95.986961 2.150000 0.000000 0.000000
1500 19 P -179.078735 -1.843975 -91.784966 2.110000 -1.000000 0.000000
1500 20 S -181.361374 1.122342 -90.866875 1.800000 0.000000 0.000000
1500 21 A -183.997894 -0.857276 -89.781502 2.150000 0.000000 0.000000
1500 22 P -179.604675 2.001819 -87.633385 2.110000 -1.000000 0.000000
1500 23 S -183.022751 2.216673 -85.942062 1.800000 0.000000 0.000000
1500 24 A -183.548370 -0.908805 -84.817551 2.150000 0.000000 0.000000
1500 25 P -183.082794 3.101787 -82.204620 2.110000 -1.000000 0.000000
1500 26 S -186.871613 1.827616 -82.086792 1.800000 0.000000 0.000000
1500 27 G -187.998260 -1.156167 -83.472832 2.150000 0.000000 0.000000
1500 28 P -187.433640 0.938054 -78.284157 2.110000 -1.000000 0.000000
1500 29 S -190.605133 -1.210121 -79.200661 1.800000 0.000000 0.000000
1500 30 C -189.391754 -4.311287 -80.062088 2.150000 0.000000 0.000000
1500 31 P -192.527390 -2.445840 -76.056969 2.110000 -1.000000 0.000000
1500 32 S -193.841751 -5.574085 -77.962952 1.800000 0.000000 0.000000
1500 33 C -190.881348 -7.297966 -76.722961 2.150000 0.000000 0.000000
1500 34 P -195.487885 -7.117655 -74.932480 2.110000 -1.000000 0.000000
1500 35 S -195.445465 -10.892976 -75.904633 1.800000 0.000000 0.000000
1500 36 U -192.226852 -11.225110 -75.026901 2.150000 0.000000 0.000000
1500 37 P -196.650574 -11.185225 -72.297142 2.110000 -1.000000 0.000000
2000 1 P -179.125732 -15.129914 -72.338051 2.110000 -1.000000 1.000000
2000 2 S -181.940338 -17.579020 -73.585648 1.800000 0.000000 0.000000
2000 3 G -184.448303 -15.290578 -73.086830 2.150000 0.000000 0.000000
2000 4 P -180.831024 -16.911922 -77.241058 2.110000 -1.000000 0.000000
2000 5 S -184.475662 -17.447910 -78.709999 1.800000 0.000000 0.000000
2000 6 G -185.740250 -14.616833 -77.552361 2.150000 0.000000 0.000000
2000 7 P -183.615463 -16.727829 -82.567841 2.110000 -1.000000 0.000000
2000 8 S -186.708633 -15.417063 -84.413185 1.800000 0.000000 0.000000
2000 9 G -186.659164 -12.150079 -83.169807 2.150000 0.000000 0.000000
2000 10 P -185.121475 -14.061173 -87.622078 2.110000 -1.000000 0.000000
2000 11 S -187.808365 -11.806842 -89.264908 1.800000 0.000000 0.000000
2000 12 C -187.253922 -9.377243 -86.851540 2.150000 0.000000 0.000000
2000 13 P -184.800980 -10.695524 -91.193253 2.110000 -1.000000 0.000000
2000 14 S -185.964844 -7.631283 -93.173355 1.800000 0.000000 0.000000
2000 15 G -187.038406 -6.101802 -90.287819 2.150000 0.000000 0.000000
2000 16 P -182.195953 -6.814299 -93.020950 2.110000 -1.000000 0.000000
2000 17 S -182.592850 -2.876606 -92.940796 1.800000 0.000000 0.000000
2000 18 C -184.580963 -2.691920 -90.045105 2.150000 0.000000 0.000000
2000 19 P -178.872116 -2.061750 -91.771530 2.110000 -1.000000 0.000000
2000 20 S -181.154129 0.904748 -90.857712 1.800000 0.000000 0.000000
2000 21 A -179.695099 3.167049 -93.196213 2.150000 0.000000 0.000000
2000 22 P -179.168762 2.247819 -87.866333 2.110000 -1.000000 0.000000
2000 23 S -182.829727 2.241356 -86.231789 1.800000 0.000000 0.000000
2000 24 A -183.593552 -1.019839 -86.191620 2.150000 0.000000 0.000000
2000 25 P -183.264069 3.138283 -82.257683 2.110000 -1.000000 0.000000
2000 26 S -187.060684 1.979125 -82.490028 1.800000 0.000000 0.000000
2000 27 G -187.823990 -1.174301 -83.478111 2.150000 0.000000 0.000000
2000 28 P -187.486954 1.081313 -78.771004 2.110000 -1.000000 0.000000
2000 29 S -190.703964 -1.302527 -79.143143 1.800000 0.000000 0.000000
2000 30 C -189.490585 -4.403693 -80.004570 2.150000 0.000000 0.000000
2000 31 P -192.627426 -2.534200 -76.043427 2.110000 -1.000000 0.000000
2000 32 S -193.876770 -5.637106 -77.913567 1.800000 0.000000 0.000000
2000 33 C -190.916367 -7.360988 -76.673576 2.150000 0.000000 0.000000
2000 34 P -195.556427 -7.179366 -74.808517 2.110000 -1.000000 0.000000
2000 35 S -195.496582 -11.023594 -75.828529 1.800000 0.000000 0.000000
2000 36 U -192.277969 -11.355728 -74.950798 2.150000 0.000000 0.000000
2000 37 P -197.400345 -11.611811 -72.378868 2.110000 -1.000000 0.000000
2500 1 P -179.434402 -15.511668 -71.416466 2.110000 -1.000000 1.000000
2500 2 S -182.075470 -17.708101 -73.202782 1.800000 0.000000 0.000000
2500 3 G -184.511612 -15.362233 -72.702957 2.150000 0.000000 0.000000
2500 4 P -180.894333 -16.983582 -76.857185 2.110000 -1.000000 0.000000
2500 5 S -184.479172 -17.534754 -78.389847 1.800000 0.000000 0.000000
2500 6 G -185.825470 -14.709580 -77.155472 2.150000 0.000000 0.000000
2500 7 P -183.700684 -16.820580 -82.170952 2.110000 -1.000000 0.000000
2500 8 S -186.736801 -15.448484 -84.285110 1.800000 0.000000 0.000000
2500 9 G -186.523697 -12.140849 -83.102753 2.150000 0.000000 0.000000
2500 10 P -185.148392 -14.094610 -87.485481 2.110000 -1.000000 0.000000
2500 11 S -187.835724 -11.840031 -89.135086 1.800000 0.000000 0.000000
2500 12 C -187.290344 -9.396269 -86.711708 2.150000 0.000000 0.000000
2500 13 P -184.837402 -10.714550 -91.053421 2.110000 -1.000000 0.000000
2500 14 S -185.777664 -7.584424 -93.223381 1.800000 0.000000 0.000000
2500 15 G -185.412994 -5.559073 -90.293991 2.150000 0.000000 0.000000
2500 16 P -182.283463 -6.309648 -93.823807 2.110000 -1.000000 0.000000
2500 17 S -182.211594 -2.297154 -93.415138 1.800000 0.000000 0.000000
2500 18 C -181.139618 -2.379985 -96.769615 2.150000 0.000000 0.000000
2500 19 P -178.687729 -1.535295 -91.960251 2.110000 -1.000000 0.000000
2500 20 S -180.981491 1.434682 -91.072441 1.800000 0.000000 0.000000
2500 21 A -182.403046 -1.277167 -89.309853 2.150000 0.000000 0.000000
2500 22 P -179.338486 2.711416 -87.838028 2.110000 -1.000000 0.000000
2500 23 S -182.669174 2.281188 -85.576851 1.800000 0.000000 0.000000
2500 24 A -182.165939 -1.286039 -85.207687 2.150000 0.000000 0.000000
2500 25 P -183.582520 3.145755 -81.869453 2.110000 -1.000000 0.000000
2500 26 S -187.296463 1.926160 -82.220375 1.800000 0.000000 0.000000
2500 27 G -188.059769 -1.227266 -83.208458 2.150000 0.000000 0.000000
2500 28 P -187.754944 0.961039 -78.581650 2.110000 -1.000000 0.000000
2500 29 S -190.750366 -1.365480 -79.050842 1.800000 0.000000 0.000000
2500 30 C -189.536987 -4.466646 -79.912270 2.150000 0.000000 0.000000
2500 31 P -192.669128 -2.592530 -76.012413 2.110000 -1.000000 0.000000
2500 32 S -194.042633 -5.795221 -77.644592 1.800000 0.000000 0.000000
2500 33 C -191.082230 -7.519103 -76.404602 2.150000 0.000000 0.000000
2500 34 P -195.691010 -7.182425 -74.424355 2.110000 -1.000000 0.000000
2500 35 S -195.544479 -10.952330 -75.282181 1.800000 0.000000 0.000000
2500 36 U -192.325867 -11.284464 -74.404449 2.150000 0.000000 0.000000
2500 37 P -196.296082 -12.847866 -71.947304 2.110000 -1.000000 0.000000
3000 1 P -179.584518 -15.865978 -70.852951 2.110000 -1.000000 1.000000
3000 2 S -182.092819 -17.763546 -73.098503 1.800000 0.000000 0.000000
3000 3 G -184.553146 -15.436535 -72.553604 2.150000 0.000000 0.000000
3000 4 P -180.935867 -17.057877 -76.707832 2.110000 -1.000000 0.000000
3000 5 S -184.421951 -17.508345 -78.446571 1.800000 0.000000 0.000000
3000 6 G -185.720291 -14.656203 -77.274292 2.150000 0.000000 0.000000
3000 7 P -183.595505 -16.767197 -82.289772 2.110000 -1.000000 0.000000
3000 8 S -186.630463 -15.395249 -84.381821 1.800000 0.000000 0.000000
3000 9 G -187.097153 -12.421315 -82.855179 2.150000 0.000000 0.000000
3000 10 P -185.058914 -14.042666 -87.588402 2.110000 -1.000000 0.000000
3000 11 S -187.835754 -11.843307 -89.144714 1.800000 0.000000 0.000000
3000 12 C -187.293365 -9.421661 -86.697586 2.150000 0.000000 0.000000
3000 13 P -184.840424 -10.739943 -91.039299 2.110000 -1.000000 0.000000
3000 14 S -185.688873 -7.670284 -93.299385 1.800000 0.000000 0.000000
3000 15 G -187.493942 -6.384726 -90.604408 2.150000 0.000000 0.000000
3000 16 P -181.964355 -6.662864 -93.031769 2.110000 -1.000000 0.000000
3000 17 S -181.785248 -2.733073 -92.592308 1.800000 0.000000 0.000000
3000 18 C -183.296921 -1.960151 -89.765289 2.150000 0.000000 0.000000
3000 19 P -177.934906 -1.922002 -91.680901 2.110000 -1.000000 0.000000
3000 20 S -180.239197 1.025655 -90.795639 1.800000 0.000000 0.000000
3000 21 A -177.867859 3.018031 -92.571762 2.150000 0.000000 0.000000
3000 22 P -178.758514 2.274095 -87.346413 2.110000 -1.000000 0.000000
3000 23 S -182.375031 2.100588 -85.848534 1.800000 0.000000 0.000000
3000 24 A -184.073303 -0.916789 -86.150932 2.150000 0.000000 0.000000
3000 25 P -183.256851 3.013026 -82.014679 2.110000 -1.000000 0.000000
3000 26 S -187.042496 1.791861 -81.950645 1.800000 0.000000 0.000000
3000 27 G -187.821045 -1.309398 -83.047722 2.150000 0.000000 0.000000
3000 28 P -187.719696 0.821651 -78.393074 2.110000 -1.000000 0.000000
3000 29 S -190.807678 -1.410820 -78.870323 1.800000 0.000000 0.000000
3000 30 C -189.594299 -4.511987 -79.731750 2.150000 0.000000 0.000000
3000 31 P -192.687393 -2.620799 -75.752892 2.110000 -1.000000 0.000000
3000 32 S -194.036301 -5.838114 -77.463997 1.800000 0.000000 0.000000
3000 33 C -191.075897 -7.561996 -76.224007 2.150000 0.000000 0.000000
3000 34 P -195.741791 -7.240204 -74.231934 2.110000 -1.000000 0.000000
3000 35 S -195.773773 -11.264074 -74.639053 1.800000 0.000000 0.000000
3000 36 U -192.555161 -11.596209 -73.761322 2.150000 0.000000 0.000000
3000 37 P -196.206024 -12.195292 -70.767380 2.110000 -1.000000 0.000000
3500 1 P -179.920029 -16.084393 -70.470062 2.110000 -1.000000 1.000000
3500 2 S -182.482193 -18.148012 -72.770432 1.800000 0.000000 0.000000
3500 3 G -184.835373 -15.629329 -72.182297 2.150000 0.000000 0.000000
3500 4 P -181.218094 -17.250666 -76.336525 2.110000 -1.000000 0.000000
3500 5 S -184.643112 -17.706703 -77.978065 1.800000 0.000000 0.000000
3500 6 G -185.870819 -14.776785 -76.837692 2.150000 0.000000 0.000000
3500 7 P -183.746033 -16.887772 -81.853172 2.110000 -1.000000 0.000000
3500 8 S -186.806992 -15.533905 -84.105782 1.800000 0.000000 0.000000
3500 9 G -187.060242 -12.410074 -82.710716 2.150000 0.000000 0.000000
3500 10 P -185.022003 -14.031425 -87.443939 2.110000 -1.000000 0.000000
3500 11 S -187.802261 -11.845735 -89.008720 1.800000 0.000000 0.000000
3500 12 C -187.286682 -9.422565 -86.631119 2.150000 0.000000 0.000000
3500 13 P -184.833740 -10.740847 -90.972832 2.110000 -1.000000 0.000000
3500 14 S -186.062958 -7.536206 -92.661736 1.800000 0.000000 0.000000
3500 15 G -187.099533 -5.848429 -89.754456 2.150000 0.000000 0.000000
3500 16 P -182.250931 -6.758922 -92.382515 2.110000 -1.000000 0.000000
3500 17 S -182.730820 -2.704157 -92.117882 1.800000 0.000000 0.000000
3500 18 C -184.742096 -1.976586 -89.288300 2.150000 0.000000 0.000000
3500 19 P -179.057907 -1.780305 -90.736267 2.110000 -1.000000 0.000000
3500 20 S -181.398636 1.121680 -89.792709 1.800000 0.000000 0.000000
3500 21 A -179.840134 3.483371 -91.768913 2.150000 0.000000 0.000000
3500 22 P -179.480072 2.140917 -86.624153 2.110000 -1.000000 0.000000
3500 23 S -183.184097 2.197546 -85.137878 1.800000 0.000000 0.000000
3500 24 A -184.068695 -1.034195 -85.152206 2.150000 0.000000 0.000000
3500 25 P -184.107056 3.050328 -81.344551 2.110000 -1.000000 0.000000
3500 26 S -187.722595 1.704972 -81.775200 1.800000 0.000000 0.000000
3500 27 G -188.501144 -1.396286 -82.872276 2.150000 0.000000 0.000000
3500 28 P -187.813110 0.576481 -77.852921 2.110000 -1.000000 0.000000
3500 29 S -190.975952 -1.560907 -78.553787 1.800000 0.000000 0.000000
3500 30 C -189.762573 -4.662074 -79.415215 2.150000 0.000000 0.000000
3500 31 P -192.827118 -2.782115 -75.366623 2.110000 -1.000000 0.000000
3500 32 S -194.055679 -5.857149 -77.295631 1.800000 0.000000 0.000000
3500 33 C -191.095276 -7.581031 -76.055641 2.150000 0.000000 0.000000
3500 34 P -195.920502 -7.416572 -74.498398 2.110000 -1.000000 0.000000
3500 35 S -195.866425 -11.281856 -74.881119 1.800000 0.000000 0.000000
3500 36 U -192.647812 -11.613990 -74.003387 2.150000 0.000000 0.000000
3500 37 P -197.471207 -12.025036 -71.338799 2.110000 -1.000000 0.000000
4000 1 P -179.158340 -14.844799 -72.008331 2.110000 -1.000000 1.000000
4000 2 S -182.111649 -17.611256 -72.607475 1.800000 0.000000 0.000000
4000 3 G -184.746323 -15.550542 -72.235413 2.150000 0.000000 0.000000
4000 4 P -181.129044 -17.171879 -76.389641 2.110000 -1.000000 0.000000
4000 5 S -184.553513 -17.632284 -78.069122 1.800000 0.000000 0.000000
4000 6 G -185.866257 -14.729973 -76.829445 2.150000 0.000000 0.000000
4000 7 P -183.741470 -16.840958 -81.844925 2.110000 -1.000000 0.000000
4000 8 S -186.789337 -15.520815 -83.937584 1.800000 0.000000 0.000000
4000 9 G -187.704086 -12.500343 -82.963806 2.150000 0.000000 0.000000
4000 10 P -185.004349 -14.018335 -87.275742 2.110000 -1.000000 0.000000
4000 11 S -187.834824 -11.836456 -88.889091 1.800000 0.000000 0.000000
4000 12 C -187.315598 -9.393558 -86.523628 2.150000 0.000000 0.000000
4000 13 P -184.862656 -10.711839 -90.865341 2.110000 -1.000000 0.000000
4000 14 S -186.036880 -7.479328 -92.771423 1.800000 0.000000 0.000000
4000 15 G -186.775772 -5.971115 -89.543633 2.150000 0.000000 0.000000
4000 16 P -182.607040 -6.001467 -93.106621 2.110000 -1.000000 0.000000
4000 17 S -183.816788 -2.184672 -93.144753 1.800000 0.000000 0.000000
4000 18 C -184.552475 -1.923806 -89.768227 2.150000 0.000000 0.000000
4000 19 P -180.092117 -1.181223 -92.231407 2.110000 -1.000000 0.000000
4000 20 S -182.445984 1.732576 -91.311150 1.800000 0.000000 0.000000
4000 21 A -180.486877 3.843524 -93.248901 2.150000 0.000000 0.000000
4000 22 P -180.483765 2.817010 -88.232712 2.110000 -1.000000 0.000000
4000 23 S -183.835846 2.133063 -86.113747 1.800000 0.000000 0.000000
4000 24 A -185.347229 4.716455 -87.574432 2.150000 0.000000 0.000000
4000 25 P -183.633591 3.309801 -82.091949 2.110000 -1.000000 0.000000
4000 26 S -187.296402 1.934278 -82.142227 1.800000 0.000000 0.000000
4000 27 G -187.869919 -1.056828 -83.377251 2.150000 0.000000 0.000000
4000 28 P -187.438370 0.803301 -78.514229 2.110000 -1.000000 0.000000
4000 29 S -190.636963 -1.390436 -78.986305 1.800000 0.000000 0.000000
4000 30 C -189.204819 -4.306261 -79.916382 2.150000 0.000000 0.000000
4000 31 P -192.483627 -2.606496 -75.821259 2.110000 -1.000000 0.000000
4000 32 S -194.057388 -5.787737 -77.483353 1.800000 0.000000 0.000000
4000 33 C -191.096985 -7.511619 -76.243362 2.150000 0.000000 0.000000
4000 34 P -196.018860 -7.507935 -74.544441 2.110000 -1.000000 0.000000
4000 35 S -195.773575 -11.389563 -75.168854 1.800000 0.000000 0.000000
4000 36 U -192.554962 -11.721697 -74.291122 2.150000 0.000000 0.000000
4000 37 P -196.965225 -12.369368 -71.590866 2.110000 -1.000000 0.000000
4500 1 P -179.350098 -15.173134 -71.763496 2.110000 -1.000000 1.000000
4500 2 S -182.100525 -17.683680 -72.819435 1.800000 0.000000 0.000000
4500 3 G -184.799957 -15.466955 -72.361206 2.150000 0.000000 0.000000
4500 4 P -181.182678 -17.088293 -76.515434 2.110000 -1.000000 0.000000
4500 5 S -184.704086 -17.740671 -78.127762 1.800000 0.000000 0.000000
4500 6 G -185.974670 -14.760055 -76.842476 2.150000 0.000000 0.000000
4500 7 P -183.849884 -16.871038 -81.857956 2.110000 -1.000000 0.000000
4500 8 S -186.804901 -15.440162 -83.973022 1.800000 0.000000 0.000000
4500 9 G -187.803406 -12.538651 -82.862587 2.150000 0.000000 0.000000
4500 10 P -185.103668 -14.056643 -87.174522 2.110000 -1.000000 0.000000
4500 11 S -187.933594 -11.875490 -88.794220 1.800000 0.000000 0.000000
4500 12 C -187.411896 -9.430091 -86.431694 2.150000 0.000000 0.000000
4500 13 P -184.958954 -10.748372 -90.773407 2.110000 -1.000000 0.000000
4500 14 S -185.892838 -7.893040 -92.915634 1.800000 0.000000 0.000000
4500 15 G -185.973434 -6.500983 -89.766953 2.150000 0.000000 0.000000
4500 16 P -182.326569 -6.403761 -92.938782 2.110000 -1.000000 0.000000
4500 17 S -182.484344 -2.409230 -92.635139 1.800000 0.000000 0.000000
4500 18 C -181.761139 -1.572489 -95.914749 2.150000 0.000000 0.000000
4500 19 P -178.700851 -1.699508 -91.389923 2.110000 -1.000000 0.000000
4500 20 S -181.083466 1.222399 -90.502327 1.800000 0.000000 0.000000
4500 21 A -182.737518 -1.294433 -88.844810 2.150000 0.000000 0.000000
4500 22 P -179.351013 2.801890 -87.496613 2.110000 -1.000000 0.000000
4500 23 S -182.797073 2.156324 -85.768318 1.800000 0.000000 0.000000
4500 24 A -181.892685 -0.738542 -84.206657 2.150000 0.000000 0.000000
4500 25 P -183.580566 3.234604 -82.099960 2.110000 -1.000000 0.000000
4500 26 S -187.315063 2.030157 -82.321304 1.800000 0.000000 0.000000
4500 27 G -187.888580 -0.960949 -83.556328 2.150000 0.000000 0.000000
4500 28 P -187.561478 0.787547 -78.623283 2.110000 -1.000000 0.000000
4500 29 S -190.747635 -1.245050 -79.249344 1.800000 0.000000 0.000000
4500 30 C -189.315491 -4.160875 -80.179420 2.150000 0.000000 0.000000
4500 31 P -192.576523 -2.467552 -76.159286 2.110000 -1.000000 0.000000
4500 32 S -194.138824 -5.770717 -77.530151 1.800000 0.000000 0.000000
4500 33 C -191.126236 -7.500941 -76.470352 2.150000 0.000000 0.000000
4500 34 P -196.018799 -7.442064 -74.675468 2.110000 -1.000000 0.000000
4500 35 S -195.650543 -11.227311 -75.758064 1.800000 0.000000 0.000000
4500 36 U -192.505890 -11.921397 -75.197655 2.150000 0.000000 0.000000
4500 37 P -196.792023 -11.824653 -71.857872 2.110000 -1.000000 0.000000
5000 1 P -179.811325 -15.043602 -71.043961 2.110000 -1.000000 1.000000
5000 2 S -182.237411 -17.732710 -72.916748 1.800000 0.000000 0.000000
5000 3 G -184.840240 -15.442492 -72.502693 2.150000 0.000000 0.000000
5000 4 P -181.222961 -17.063829 -76.656921 2.110000 -1.000000 0.000000
5000 5 S -184.807388 -17.754686 -78.037079 1.800000 0.000000 0.000000
5000 6 G -186.060806 -14.826054 -76.749641 2.150000 0.000000 0.000000
5000 7 P -183.936020 -16.937037 -81.765121 2.110000 -1.000000 0.000000
5000 8 S -186.844650 -15.457350 -83.916481 1.800000 0.000000 0.000000
5000 9 G -187.247131 -12.533837 -82.374329 2.150000 0.000000 0.000000
5000 10 P -185.152496 -14.076867 -87.115509 2.110000 -1.000000 0.000000
5000 11 S -187.992722 -11.897943 -88.671852 1.800000 0.000000 0.000000
5000 12 C -187.452820 -9.465371 -86.269234 2.150000 0.000000 0.000000
5000 13 P -184.999878 -10.783652 -90.610947 2.110000 -1.000000 0.000000
5000 14 S -185.899841 -7.666060 -92.846306 1.800000 0.000000 0.000000
5000 15 G -185.887741 -6.042300 -89.588493 2.150000 0.000000 0.000000
5000 16 P -182.076004 -6.534460 -92.717903 2.110000 -1.000000 0.000000
5000 17 S -181.708206 -2.641416 -92.145752 1.800000 0.000000 0.000000
5000 18 C -182.862183 -2.561939 -88.894531 2.150000 0.000000 0.000000
5000 19 P -177.974060 -2.099553 -90.811867 2.110000 -1.000000 0.000000
5000 20 S -180.330048 0.836591 -89.916458 1.800000 0.000000 0.000000
5000 21 A -178.560776 2.692105 -92.447220 2.150000 0.000000 0.000000
5000 22 P -178.589188 2.094653 -86.623466 2.110000 -1.000000 0.000000
5000 23 S -182.292984 1.795402 -85.073357 1.800000 0.000000 0.000000
5000 24 A -183.054977 4.258394 -87.691246 2.150000 0.000000 0.000000
5000 25 P -183.379425 2.917726 -81.556129 2.110000 -1.000000 0.000000
5000 26 S -187.084229 1.884004 -81.844879 1.800000 0.000000 0.000000
5000 27 G -187.545776 -1.134208 -83.017090 2.150000 0.000000 0.000000
5000 28 P -187.548355 0.676283 -78.280289 2.110000 -1.000000 0.000000
5000 29 S -190.852203 -1.317648 -79.067932 1.800000 0.000000 0.000000
5000 30 C -189.420059 -4.233471 -79.998009 2.150000 0.000000 0.000000
5000 31 P -192.680557 -2.542058 -76.005341 2.110000 -1.000000 0.000000
5000 32 S -194.293961 -5.846906 -77.363647 1.800000 0.000000 0.000000
5000 33 C -191.281372 -7.577130 -76.303848 2.150000 0.000000 0.000000
5000 34 P -196.157547 -7.537483 -74.534355 2.110000 -1.000000 0.000000
5000 35 S -195.886475 -11.259873 -75.431946 1.800000 0.000000 0.000000
5000 36 U -192.741821 -11.953959 -74.871536 2.150000 0.000000 0.000000
5000 37 P -197.477417 -13.462407 -72.721024 2.110000 -1.000000 0.000000
5500 1 P -180.364105 -15.872933 -70.243637 2.110000 -1.000000 1.000000
5500 2 S -182.568527 -18.218700 -72.426483 1.800000 0.000000 0.000000
5500 3 G -185.173416 -15.811727 -72.252235 2.150000 0.000000 0.000000
5500 4 P -181.679916 -17.552917 -76.232346 2.110000 -1.000000 0.000000
5500 5 S -185.200470 -17.971733 -77.905121 1.800000 0.000000 0.000000
5500 6 G -186.414566 -15.019443 -76.660393 2.150000 0.000000 0.000000
5500 7 P -184.289780 -17.130426 -81.675873 2.110000 -1.000000 0.000000
5500 8 S -187.194962 -15.647609 -83.697380 1.800000 0.000000 0.000000
5500 9 G -187.601212 -12.719093 -82.156364 2.150000 0.000000 0.000000
5500 10 P -185.506577 -14.262123 -86.897545 2.110000 -1.000000 0.000000
5500 11 S -188.287491 -12.051968 -88.343903 1.800000 0.000000 0.000000
5500 12 C -187.757202 -9.603122 -85.849358 2.150000 0.000000 0.000000
5500 13 P -185.156754 -10.840692 -90.428459 2.110000 -1.000000 0.000000
5500 14 S -186.062332 -7.443015 -92.443558 1.800000 0.000000 0.000000
5500 15 G -186.155746 -5.061460 -90.045395 2.150000 0.000000 0.000000
5500 16 P -182.141479 -6.762019 -92.596725 2.110000 -1.000000 0.000000
5500 17 S -182.345505 -2.810668 -92.358475 1.800000 0.000000 0.000000
5500 18 C -183.121490 -2.440892 -89.054871 2.150000 0.000000 0.000000
5500 19 P -178.520004 -2.189306 -91.097885 2.110000 -1.000000 0.000000
5500 20 S -180.875961 0.746591 -90.202217 1.800000 0.000000 0.000000
5500 21 A -179.447021 3.548600 -91.867218 2.150000 0.000000 0.000000
5500 22 P -179.100708 1.631011 -86.834267 2.110000 -1.000000 0.000000
5500 23 S -182.796707 1.909113 -85.366928 1.800000 0.000000 0.000000
5500 24 A -184.315994 -1.219063 -84.869225 2.150000 0.000000 0.000000
5500 25 P -183.666885 2.890862 -81.437424 2.110000 -1.000000 0.000000
5500 26 S -187.575455 1.808214 -81.701042 1.800000 0.000000 0.000000
5500 27 G -188.037003 -1.209997 -82.873253 2.150000 0.000000 0.000000
5500 28 P -187.725449 0.586398 -78.008987 2.110000 -1.000000 0.000000
5500 29 S -190.968964 -1.399656 -79.007973 1.800000 0.000000 0.000000
5500 30 C -189.536819 -4.315479 -79.938049 2.150000 0.000000 0.000000
5500 31 P -192.784882 -2.639772 -75.783859 2.110000 -1.000000 0.000000
5500 32 S -194.271576 -5.784501 -77.432030 1.800000 0.000000 0.000000
5500 33 C -191.258987 -7.514725 -76.372231 2.150000 0.000000 0.000000
5500 34 P -196.141327 -7.537719 -74.478767 2.110000 -1.000000 0.000000
5500 35 S -195.889236 -11.341342 -75.523216 1.800000 0.000000 0.000000
5500 36 U -192.682434 -11.985850 -75.147301 2.150000 0.000000 0.000000
5500 37 P -197.254715 -12.470699 -71.908432 2.110000 -1.000000 0.000000
6000 1 P -180.307968 -15.668642 -70.063171 2.110000 -1.000000 1.000000
6000 2 S -182.538406 -18.233496 -72.118080 1.800000 0.000000 0.000000
6000 3 G -185.279922 -15.957510 -71.983238 2.150000 0.000000 0.000000
6000 4 P -181.871964 -17.866573 -75.931282 2.110000 -1.000000 0.000000
6000 5 S -185.339493 -18.192675 -77.610825 1.800000 0.000000 0.000000
6000 6 G -186.572495 -15.197460 -76.413513 2.150000 0.000000 0.000000
6000 7 P -184.447708 -17.308441 -81.428993 2.110000 -1.000000 0.000000
6000 8 S -187.391510 -15.792556 -83.274353 1.800000 0.000000 0.000000
6000 9 G -187.398911 -12.788285 -81.830124 2.150000 0.000000 0.000000
6000 10 P -185.694122 -14.426086 -86.505722 2.110000 -1.000000 0.000000
6000 11 S -188.312424 -12.093050 -88.211189 1.800000 0.000000 0.000000
6000 12 C -187.770477 -9.636609 -85.753288 2.150000 0.000000 0.000000
6000 13 P -185.170029 -10.874179 -90.332390 2.110000 -1.000000 0.000000
6000 14 S -186.283737 -7.637368 -92.165611 1.800000 0.000000 0.000000
6000 15 G -186.816757 -5.161732 -89.513657 2.150000 0.000000 0.000000
6000 16 P -182.395309 -6.765386 -92.469742 2.110000 -1.000000 0.000000
6000 17 S -182.387848 -2.856841 -91.929276 1.800000 0.000000 0.000000
6000 18 C -182.431702 -1.402708 -95.043320 2.150000 0.000000 0.000000
6000 19 P -178.667343 -1.875623 -91.368225 2.110000 -1.000000 0.000000
6000 20 S -180.997208 1.063677 -90.490204 1.800000 0.000000 0.000000
6000 21 A -183.769485 -0.442185 -88.697945 2.150000 0.000000 0.000000
6000 22 P -178.976517 2.147025 -87.460144 2.110000 -1.000000 0.000000
6000 23 S -182.621109 2.228261 -85.898926 1.800000 0.000000 0.000000
6000 24 A -183.016708 -1.060607 -84.428848 2.150000 0.000000 0.000000
6000 25 P -183.759888 3.179569 -82.103027 2.110000 -1.000000 0.000000
6000 26 S -187.523712 1.861454 -81.864586 1.800000 0.000000 0.000000
6000 27 G -187.222092 -1.022091 -83.301430 2.150000 0.000000 0.000000
6000 28 P -187.640427 0.688528 -78.338097 2.110000 -1.000000 0.000000
6000 29 S -190.889587 -1.363901 -79.166725 1.800000 0.000000 0.000000
6000 30 C -188.734741 -4.162992 -79.942932 2.150000 0.000000 0.000000
6000 31 P -192.602066 -2.573545 -75.975357 2.110000 -1.000000 0.000000
6000 32 S -194.157837 -5.777553 -77.666885 1.800000 0.000000 0.000000
6000 33 C -191.061096 -7.499281 -76.912903 2.150000 0.000000 0.000000
6000 34 P -195.978470 -7.531772 -74.748390 2.110000 -1.000000 0.000000
6000 35 S -195.617798 -11.274657 -76.162750 1.800000 0.000000 0.000000
6000 36 U -192.444687 -12.211161 -75.774483 2.150000 0.000000 0.000000
6000 37 P -196.335510 -13.200410 -72.705711 2.110000 -1.000000 0.000000
6500 1 P -180.431366 -16.030144 -69.638344 2.110000 -1.000000 1.000000
6500 2 S -182.701202 -18.316303 -71.881149 1.800000 0.000000 0.000000
6500 3 G -185.193146 -15.889298 -71.862587 2.150000 0.000000 0.000000
6500 4 P -181.785187 -17.798361 -75.810631 2.110000 -1.000000 0.000000
6500 5 S -185.239655 -18.142138 -77.522408 1.800000 0.000000 0.000000
6500 6 G -186.588699 -15.230046 -76.277542 2.150000 0.000000 0.000000
6500 7 P -184.463913 -17.341028 -81.293022 2.110000 -1.000000 0.000000
6500 8 S -187.462433 -15.819719 -83.093750 1.800000 0.000000 0.000000
6500 9 G -187.992401 -12.859911 -81.634888 2.150000 0.000000 0.000000
6500 10 P -185.763290 -14.452291 -86.301865 2.110000 -1.000000 0.000000
6500 11 S -188.338318 -12.103081 -88.061806 1.800000 0.000000 0.000000
6500 12 C -187.802933 -9.655580 -85.623596 2.150000 0.000000 0.000000
6500 13 P -185.202484 -10.893149 -90.202698 2.110000 -1.000000 0.000000
6500 14 S -186.892517 -7.762794 -91.703690 1.800000 0.000000 0.000000
6500 15 G -187.733261 -6.314593 -88.527672 2.150000 0.000000 0.000000
6500 16 P -183.114166 -6.694750 -92.344276 2.110000 -1.000000 0.000000
6500 17 S -183.372711 -2.807498 -91.802040 1.800000 0.000000 0.000000
6500 18 C -183.569550 -3.423461 -88.430008 2.150000 0.000000 0.000000
6500 19 P -179.664474 -1.904389 -90.620399 2.110000 -1.000000 0.000000
6500 20 S -181.991409 1.034220 -89.762131 1.800000 0.000000 0.000000
6500 21 A -180.913483 1.250137 -93.073151 2.150000 0.000000 0.000000
6500 22 P -179.662796 2.154076 -86.849518 2.110000 -1.000000 0.000000
6500 23 S -183.149963 2.043517 -85.045151 1.800000 0.000000 0.000000
6500 24 A -184.655136 4.199104 -87.325096 2.150000 0.000000 0.000000
6500 25 P -183.986633 3.120966 -81.369072 2.110000 -1.000000 0.000000
6500 26 S -187.729126 1.765928 -81.556168 1.800000 0.000000 0.000000
6500 27 G -187.427505 -1.117617 -82.993011 2.150000 0.000000 0.000000
6500 28 P -187.878601 0.498093 -77.913055 2.110000 -1.000000 0.000000
6500 29 S -190.943771 -1.398055 -78.986473 1.800000 0.000000 0.000000
6500 30 C -188.788925 -4.197145 -79.762680 2.150000 0.000000 0.000000
6500 31 P -192.711060 -2.678800 -75.732140 2.110000 -1.000000 0.000000
6500 32 S -194.258148 -5.840160 -77.181969 1.800000 0.000000 0.000000
6500 33 C -191.351013 -7.679714 -76.733070 2.150000 0.000000 0.000000
6500 34 P -196.081726 -7.593853 -74.238045 2.110000 -1.000000 0.000000
6500 35 S -195.747330 -11.268414 -75.620422 1.800000 0.000000 0.000000
6500 36 U -192.529510 -12.117442 -75.295441 2.150000 0.000000 0.000000
6500 37 P -196.905365 -13.391959 -72.516151 2.110000 -1.000000 0.000000
7000 1 P -180.287781 -16.107576 -69.665009 2.110000 -1.000000 1.000000
7000 2 S -182.534470 -18.232098 -71.996231 1.800000 0.000000 0.000000
7000 3 G -185.047134 -15.837296 -71.919601 2.150000 0.000000 0.000000
7000 4 P -181.639175 -17.746357 -75.867645 2.110000 -1.000000 0.000000
7000 5 S -185.057938 -18.068649 -77.610535 1.800000 0.000000 0.000000
7000 6 G -186.425308 -15.181067 -76.379227 2.150000 0.000000 0.000000
7000 7 P -184.300522 -17.292048 -81.394707 2.110000 -1.000000 0.000000
7000 8 S -187.435333 -15.836493 -83.111954 1.800000 0.000000 0.000000
7000 9 G -188.112640 -12.976457 -81.551445 2.150000 0.000000 0.000000
7000 10 P -185.754471 -14.466888 -86.316383 2.110000 -1.000000 0.000000
7000 11 S -188.320663 -12.110491 -88.073807 1.800000 0.000000 0.000000
7000 12 C -188.059021 -9.613331 -85.708435 2.150000 0.000000 0.000000
7000 13 P -185.197266 -10.902841 -90.213676 2.110000 -1.000000 0.000000
7000 14 S -186.691818 -7.945029 -92.109886 1.800000 0.000000 0.000000
7000 15 G -187.247375 -6.202461 -89.080574 2.150000 0.000000 0.000000
7000 16 P -183.191666 -6.374838 -93.138710 2.110000 -1.000000 0.000000
7000 17 S -183.104279 -2.413910 -92.744225 1.800000 0.000000 0.000000
7000 18 C -183.491180 -1.800449 -96.110886 2.150000 0.000000 0.000000
7000 19 P -179.078735 -1.865206 -91.355156 2.110000 -1.000000 0.000000
7000 20 S -181.402802 1.063519 -90.456429 1.800000 0.000000 0.000000
7000 21 A -183.697632 -1.430419 -89.266655 2.150000 0.000000 0.000000
7000 22 P -179.370926 2.313328 -87.174423 2.110000 -1.000000 0.000000
7000 23 S -182.597641 1.703080 -84.993118 1.800000 0.000000 0.000000
7000 24 A -182.761490 -1.696682 -84.951874 2.150000 0.000000 0.000000
7000 25 P -183.598267 2.817883 -81.288055 2.110000 -1.000000 0.000000
7000 26 S -187.574677 1.845762 -81.681740 1.800000 0.000000 0.000000
7000 27 G -187.273056 -1.037783 -83.118584 2.150000 0.000000 0.000000
7000 28 P -187.890381 0.504709 -78.022163 2.110000 -1.000000 0.000000
7000 29 S -191.069046 -1.496347 -78.784302 1.800000 0.000000 0.000000
7000 30 C -188.914200 -4.295438 -79.560509 2.150000 0.000000 0.000000
7000 31 P -192.810196 -2.788882 -75.474236 2.110000 -1.000000 0.000000
7000 32 S -194.261444 -5.908035 -77.198784 1.800000 0.000000 0.000000
7000 33 C -191.354309 -7.747589 -76.749886 2.150000 0.000000 0.000000
7000 34 P -196.084015 -7.608953 -74.071266 2.110000 -1.000000 0.000000
7000 35 S -195.857010 -11.314201 -75.211365 1.800000 0.000000 0.000000
7000 36 U -192.501633 -11.747669 -74.640518 2.150000 0.000000 0.000000
7000 37 P -196.985046 -12.840610 -71.854691 2.110000 -1.000000 0.000000
7500 1 P -179.877930 -15.623707 -70.732010 2.110000 -1.000000 1.000000
7500 2 S -182.497482 -18.213860 -72.316605 1.800000 0.000000 0.000000
7500 3 G -184.979996 -15.797358 -72.104973 2.150000 0.000000 0.000000
7500 4 P -181.572037 -17.706419 -76.053017 2.110000 -1.000000 0.000000
7500 5 S -185.098923 -18.109501 -77.710968 1.800000 0.000000 0.000000
7500 6 G -186.474350 -15.227002 -76.482254 2.150000 0.000000 0.000000
7500 7 P -184.349564 -17.337984 -81.497734 2.110000 -1.000000 0.000000
7500 8 S -187.410950 -15.829363 -83.210915 1.800000 0.000000 0.000000
7500 9 G -188.095978 -12.985748 -81.611183 2.150000 0.000000 0.000000
7500 10 P -185.737808 -14.476180 -86.376122 2.110000 -1.000000 0.000000
7500 11 S -188.312424 -12.099661 -88.196182 1.800000 0.000000 0.000000
7500 12 C -188.018402 -9.591331 -85.856522 2.150000 0.000000 0.000000
7500 13 P -185.156647 -10.880841 -90.361763 2.110000 -1.000000 0.000000
7500 14 S -186.589905 -7.690726 -92.010010 1.800000 0.000000 0.000000
7500 15 G -188.477402 -5.396672 -90.235947 2.150000 0.000000 0.000000
7500 16 P -183.193420 -5.934496 -92.726440 2.110000 -1.000000 0.000000
7500 17 S -183.847015 -1.994875 -92.176132 1.800000 0.000000 0.000000
7500 18 C -183.743408 -3.796831 -89.189224 2.150000 0.000000 0.000000
7500 19 P -180.176590 -1.144123 -91.425781 2.110000 -1.000000 0.000000
7500 20 S -182.471954 1.790246 -90.559547 1.800000 0.000000 0.000000
7500 21 A -181.010681 4.553658 -91.948608 2.150000 0.000000 0.000000
7500 22 P -180.314697 2.768649 -87.303032 2.110000 -1.000000 0.000000
7500 23 S -183.489853 1.921216 -85.358932 1.800000 0.000000 0.000000
7500 24 A -183.733307 -1.531893 -85.335556 2.150000 0.000000 0.000000
7500 25 P -183.748413 2.957555 -81.676003 2.110000 -1.000000 0.000000
7500 26 S -187.361618 1.688185 -81.347862 1.800000 0.000000 0.000000
7500 27 G -187.567291 -1.224544 -82.728523 2.150000 0.000000 0.000000
7500 28 P -187.753540 0.364652 -77.587860 2.110000 -1.000000 0.000000
7500 29 S -191.198395 -1.653633 -78.334976 1.800000 0.000000 0.000000
7500 30 C -189.043549 -4.452724 -79.111183 2.150000 0.000000 0.000000
7500 31 P -192.924698 -2.931321 -75.004951 2.110000 -1.000000 0.000000
7500 32 S -194.297150 -5.939507 -77.051987 1.800000 0.000000 0.000000
7500 33 C -191.390015 -7.779060 -76.603088 2.150000 0.000000 0.000000
7500 34 P -196.073105 -7.592388 -73.951569 2.110000 -1.000000 0.000000
7500 35 S -195.959808 -11.381753 -75.114601 1.800000 0.000000 0.000000
7500 36 U -192.604431 -11.815221 -74.543755 2.150000 0.000000 0.000000
7500 37 P -196.186279 -13.751569 -72.319626 2.110000 -1.000000 0.000000
8000 1 P -180.060303 -16.305050 -70.564606 2.110000 -1.000000 1.000000
8000 2 S -182.549942 -18.271589 -72.601311 1.800000 0.000000 0.000000
8000 3 G -185.042191 -15.959903 -72.299431 2.150000 0.000000 0.000000
8000 4 P -181.480072 -17.609009 -76.312210 2.110000 -1.000000 0.000000
8000 5 S -185.040680 -18.055712 -78.068329 1.800000 0.000000 0.000000
8000 6 G -185.987915 -14.823954 -76.928642 2.150000 0.000000 0.000000
8000 7 P -184.291901 -17.284155 -81.856155 2.110000 -1.000000 0.000000
8000 8 S -187.420074 -15.747567 -83.378189 1.800000 0.000000 0.000000
8000 9 G -188.117981 -12.947004 -81.779633 2.150000 0.000000 0.000000
8000 10 P -185.704895 -14.431618 -86.573151 2.110000 -1.000000 0.000000
8000 11 S -188.264313 -12.057605 -88.268219 1.800000 0.000000 0.000000
8000 12 C -188.160278 -9.595135 -85.929008 2.150000 0.000000 0.000000
8000 13 P -185.105377 -10.834073 -90.436722 2.110000 -1.000000 0.000000
8000 14 S -186.536743 -7.630003 -92.136513 1.800000 0.000000 0.000000
8000 15 G -186.529541 -6.597856 -88.989296 2.150000 0.000000 0.000000
8000 16 P -182.881744 -6.286189 -92.964615 2.110000 -1.000000 0.000000
8000 17 S -183.560059 -2.507265 -92.297874 1.800000 0.000000 0.000000
8000 18 C -182.207642 -1.475518 -95.383339 2.150000 0.000000 0.000000
8000 19 P -180.054688 -1.607513 -91.171036 2.110000 -1.000000 0.000000
8000 20 S -182.319565 1.347442 -90.329956 1.800000 0.000000 0.000000
8000 21 A -184.465271 -0.431416 -88.013702 2.150000 0.000000 0.000000
8000 22 P -180.081711 2.361522 -87.226677 2.110000 -1.000000 0.000000
8000 23 S -183.516968 1.941821 -85.186180 1.800000 0.000000 0.000000
8000 24 A -185.086319 4.804346 -86.647316 2.150000 0.000000 0.000000
8000 25 P -184.284958 3.093003 -81.555931 2.110000 -1.000000 0.000000
8000 26 S -187.989014 1.743637 -81.485359 1.800000 0.000000 0.000000
8000 27 G -187.761444 -1.326473 -82.583328 2.150000 0.000000 0.000000
8000 28 P -187.830887 0.426689 -77.824020 2.110000 -1.000000 0.000000
8000 29 S -191.027451 -1.560836 -78.683716 1.800000 0.000000 0.000000
8000 30 C -188.872604 -4.359928 -79.459923 2.150000 0.000000 0.000000
8000 31 P -192.679977 -2.762124 -75.440804 2.110000 -1.000000 0.000000
8000 32 S -194.138901 -5.821937 -77.213371 1.800000 0.000000 0.000000
8000 33 C -191.231766 -7.661490 -76.764473 2.150000 0.000000 0.000000
8000 34 P -195.946381 -7.438891 -74.063202 2.110000 -1.000000 0.000000
8000 35 S -195.876007 -11.196483 -75.264046 1.800000 0.000000 0.000000
8000 36 U -192.520630 -11.629951 -74.693199 2.150000 0.000000 0.000000
8000 37 P -196.407639 -13.553328 -72.577499 2.110000 -1.000000 0.000000
8500 1 P -179.924515 -16.091068 -71.404053 2.110000 -1.000000 1.000000
8500 2 S -182.766129 -18.373886 -72.676888 1.800000 0.000000 0.000000
8500 3 G -185.238892 -16.006989 -72.428825 2.150000 0.000000 0.000000
8500 4 P -181.676773 -17.656094 -76.441605 2.110000 -1.000000 0.000000
8500 5 S -185.255356 -18.132185 -78.102837 1.800000 0.000000 0.000000
8500 6 G -186.178467 -14.946722 -77.073685 2.150000 0.000000 0.000000
8500 7 P -184.482452 -17.406925 -82.001198 2.110000 -1.000000 0.000000
8500 8 S -187.531738 -15.781027 -83.420784 1.800000 0.000000 0.000000
8500 9 G -188.130234 -12.992590 -81.645103 2.150000 0.000000 0.000000
8500 10 P -185.799484 -14.454962 -86.536842 2.110000 -1.000000 0.000000
8500 11 S -188.325424 -12.077781 -88.244553 1.800000 0.000000 0.000000
8500 12 C -188.217056 -9.603154 -85.882027 2.150000 0.000000 0.000000
8500 13 P -185.162155 -10.842093 -90.389740 2.110000 -1.000000 0.000000
8500 14 S -186.145844 -7.606610 -92.381035 1.800000 0.000000 0.000000
8500 15 G -187.164627 -5.675515 -89.571800 2.150000 0.000000 0.000000
8500 16 P -182.604858 -6.640496 -93.070259 2.110000 -1.000000 0.000000
8500 17 S -183.381973 -2.754319 -92.601227 1.800000 0.000000 0.000000
8500 18 C -184.412613 -2.999522 -89.469620 2.150000 0.000000 0.000000
8500 19 P -179.911621 -1.655609 -91.648102 2.110000 -1.000000 0.000000
8500 20 S -182.195526 1.256185 -90.762482 1.800000 0.000000 0.000000
8500 21 A -184.760986 0.738090 -88.748932 2.150000 0.000000 0.000000
8500 22 P -180.390961 2.239102 -87.452316 2.110000 -1.000000 0.000000
8500 23 S -183.657883 2.228914 -85.595833 1.800000 0.000000 0.000000
8500 24 A -183.962173 -1.171209 -84.711418 2.150000 0.000000 0.000000
8500 25 P -184.531815 3.264163 -81.875412 2.110000 -1.000000 0.000000
8500 26 S -188.203659 1.833436 -81.678314 1.800000 0.000000 0.000000
8500 27 G -187.976089 -1.236674 -82.776283 2.150000 0.000000 0.000000
8500 28 P -187.877579 0.487283 -77.890564 2.110000 -1.000000 0.000000
8500 29 S -191.051117 -1.553416 -78.848930 1.800000 0.000000 0.000000
8500 30 C -188.896271 -4.352509 -79.625137 2.150000 0.000000 0.000000
8500 31 P -192.779694 -2.794903 -75.669708 2.110000 -1.000000 0.000000
8500 32 S -194.140366 -5.758111 -77.743546 1.800000 0.000000 0.000000
8500 33 C -191.233231 -7.597665 -77.294647 2.150000 0.000000 0.000000
8500 34 P -195.891418 -7.308523 -74.636887 2.110000 -1.000000 0.000000
8500 35 S -195.901215 -11.091022 -75.620499 1.800000 0.000000 0.000000
8500 36 U -192.545837 -11.524490 -75.049652 2.150000 0.000000 0.000000
8500 37 P -197.398056 -13.500468 -72.720154 2.110000 -1.000000 0.000000
9000 1 P -179.555893 -15.456180 -72.030930 2.110000 -1.000000 1.000000
9000 2 S -182.367065 -17.918123 -73.555954 1.800000 0.000000 0.000000
9000 3 G -184.943100 -15.787775 -73.264595 2.150000 0.000000 0.000000
9000 4 P -181.362534 -17.352062 -77.169525 2.110000 -1.000000 0.000000
9000 5 S -184.984909 -17.859007 -78.773697 1.800000 0.000000 0.000000
9000 6 G -185.958435 -14.748087 -77.860023 2.150000 0.000000 0.000000
9000 7 P -184.290710 -17.235306 -82.478050 2.110000 -1.000000 0.000000
9000 8 S -187.436172 -15.664877 -83.866539 1.800000 0.000000 0.000000
9000 9 G -188.000580 -12.828417 -82.148071 2.150000 0.000000 0.000000
9000 10 P -185.669830 -14.290789 -87.039810 2.110000 -1.000000 0.000000
9000 11 S -188.255386 -11.955853 -88.620468 1.800000 0.000000 0.000000
9000 12 C -188.147186 -9.479972 -86.253685 2.150000 0.000000 0.000000
9000 13 P -185.092285 -10.718910 -90.761398 2.110000 -1.000000 0.000000
9000 14 S -186.248230 -7.334091 -92.394936 1.800000 0.000000 0.000000
9000 15 G -186.626312 -5.363290 -89.496155 2.150000 0.000000 0.000000
9000 16 P -182.360092 -6.376683 -92.816971 2.110000 -1.000000 0.000000
9000 17 S -182.107834 -2.589531 -92.572792 1.800000 0.000000 0.000000
9000 18 C -181.769333 -0.331770 -95.453583 2.150000 0.000000 0.000000
9000 19 P -178.650452 -1.697545 -91.459053 2.110000 -1.000000 0.000000
9000 20 S -180.934357 1.214249 -90.573433 1.800000 0.000000 0.000000
9000 21 A -183.399124 -0.720360 -89.335274 2.150000 0.000000 0.000000
9000 22 P -179.077972 2.010964 -87.350800 2.110000 -1.000000 0.000000
9000 23 S -182.665787 2.038080 -85.750626 1.800000 0.000000 0.000000
9000 24 A -183.081665 -1.292591 -85.346481 2.150000 0.000000 0.000000
9000 25 P -184.065353 3.165651 -82.098412 2.110000 -1.000000 0.000000
9000 26 S -187.852005 2.012086 -82.266022 1.800000 0.000000 0.000000
9000 27 G -187.624435 -1.058024 -83.363991 2.150000 0.000000 0.000000
9000 28 P -187.992905 0.656772 -78.423355 2.110000 -1.000000 0.000000
9000 29 S -191.013748 -1.449099 -79.147331 1.800000 0.000000 0.000000
9000 30 C -188.858902 -4.248191 -79.923538 2.150000 0.000000 0.000000
9000 31 P -192.726257 -2.695837 -76.155594 2.110000 -1.000000 0.000000
9000 32 S -194.189209 -5.773011 -77.743767 1.800000 0.000000 0.000000
9000 33 C -191.282074 -7.612565 -77.294868 2.150000 0.000000 0.000000
9000 34 P -195.950058 -7.285555 -74.668556 2.110000 -1.000000 0.000000
9000 35 S -195.925110 -10.964319 -75.362099 1.800000 0.000000 0.000000
9000 36 U -192.569733 -11.397787 -74.791252 2.150000 0.000000 0.000000
9000 37 P -196.961868 -12.080909 -71.886055 2.110000 -1.000000 0.000000
9500 1 P -179.567123 -15.396049 -72.130913 2.110000 -1.000000 1.000000
9500 2 S -182.251495 -17.761271 -73.614082 1.800000 0.000000 0.000000
9500 3 G -184.811447 -15.561688 -73.216835 2.150000 0.000000 0.000000
9500 4 P -181.326599 -17.339857 -77.243607 2.110000 -1.000000 0.000000
9500 5 S -184.979889 -17.862888 -78.659019 1.800000 0.000000 0.000000
9500 6 G -185.917496 -14.647702 -78.204247 2.150000 0.000000 0.000000
9500 7 P -184.285690 -17.239187 -82.363373 2.110000 -1.000000 0.000000
9500 8 S -187.404007 -15.667117 -83.870186 1.800000 0.000000 0.000000
9500 9 G -187.967239 -12.832256 -82.150871 2.150000 0.000000 0.000000
9500 10 P -185.636490 -14.294628 -87.042610 2.110000 -1.000000 0.000000
9500 11 S -188.224808 -11.918128 -88.630898 1.800000 0.000000 0.000000
9500 12 C -188.107178 -9.425007 -86.229294 2.150000 0.000000 0.000000
9500 13 P -185.052277 -10.663945 -90.737007 2.110000 -1.000000 0.000000
9500 14 S -185.524704 -7.296929 -92.759956 1.800000 0.000000 0.000000
9500 15 G -185.657394 -5.062543 -90.055176 2.150000 0.000000 0.000000
9500 16 P -182.054413 -5.852129 -93.758583 2.110000 -1.000000 0.000000
9500 17 S -182.538651 -1.851539 -93.542213 1.800000 0.000000 0.000000
9500 18 C -184.160538 -1.357490 -90.549271 2.150000 0.000000 0.000000
9500 19 P -178.835373 -1.178695 -92.287239 2.110000 -1.000000 0.000000
9500 20 S -181.119232 1.734152 -91.447250 1.800000 0.000000 0.000000
9500 21 A -178.191315 3.149966 -92.723236 2.150000 0.000000 0.000000
9500 22 P -180.030319 2.567900 -87.934273 2.110000 -1.000000 0.000000
9500 23 S -183.202164 2.102598 -85.742165 1.800000 0.000000 0.000000
9500 24 A -183.704788 -1.471694 -85.443542 2.150000 0.000000 0.000000
9500 25 P -183.733032 2.986237 -81.915977 2.110000 -1.000000 0.000000
9500 26 S -187.515015 2.046227 -82.298088 1.800000 0.000000 0.000000
9500 27 G -187.287445 -1.023883 -83.396057 2.150000 0.000000 0.000000
9500 28 P -187.808121 0.710960 -78.612724 2.110000 -1.000000 0.000000
9500 29 S -191.033951 -1.419729 -79.216118 1.800000 0.000000 0.000000
9500 30 C -188.879105 -4.218822 -79.992325 2.150000 0.000000 0.000000
9500 31 P -192.745148 -2.664934 -76.207779 2.110000 -1.000000 0.000000
9500 32 S -194.217941 -5.747361 -77.726860 1.800000 0.000000 0.000000
9500 33 C -191.310806 -7.586915 -77.277962 2.150000 0.000000 0.000000
9500 34 P -195.890198 -7.144558 -74.457565 2.110000 -1.000000 0.000000
9500 35 S -195.944031 -11.009460 -75.217125 1.800000 0.000000 0.000000
9500 36 U -192.588654 -11.442928 -74.646278 2.150000 0.000000 0.000000
9500 37 P -196.767685 -12.624470 -71.741364 2.110000 -1.000000 0.000000
10000 1 P -180.020844 -16.061041 -70.741364 2.110000 -1.000000 1.000000
10000 2 S -182.381393 -17.816994 -73.143982 1.800000 0.000000 0.000000
10000 3 G -184.968018 -15.660921 -72.997597 2.150000 0.000000 0.000000
10000 4 P -181.483170 -17.439085 -77.024368 2.110000 -1.000000 0.000000
10000 5 S -185.199799 -17.974373 -78.315643 1.800000 0.000000 0.000000
10000 6 G -186.061111 -14.705941 -77.917191 2.150000 0.000000 0.000000
10000 7 P -184.429306 -17.297422 -82.076317 2.110000 -1.000000 0.000000
10000 8 S -187.557693 -15.735137 -83.518501 1.800000 0.000000 0.000000
10000 9 G -188.108551 -12.903185 -81.748833 2.150000 0.000000 0.000000
10000 10 P -185.777802 -14.365557 -86.640572 2.110000 -1.000000 0.000000
10000 11 S -188.379959 -12.000412 -88.231369 1.800000 0.000000 0.000000
10000 12 C -188.261810 -9.506504 -85.837959 2.150000 0.000000 0.000000
10000 13 P -185.206909 -10.745442 -90.345673 2.110000 -1.000000 0.000000
10000 14 S -186.780518 -7.271876 -92.023491 1.800000 0.000000 0.000000
10000 15 G -186.187744 -4.654095 -89.771103 2.150000 0.000000 0.000000
10000 16 P -183.124527 -6.682065 -92.949852 2.110000 -1.000000 0.000000
10000 17 S -183.634842 -2.582101 -92.862686 1.800000 0.000000 0.000000
10000 18 C -185.677185 -1.172218 -90.301880 2.150000 0.000000 0.000000
10000 19 P -179.952866 -1.732530 -92.328094 2.110000 -1.000000 0.000000
10000 20 S -182.277252 1.081320 -91.093346 1.800000 0.000000 0.000000
10000 21 A -181.900909 3.838228 -93.372513 2.150000 0.000000 0.000000
10000 22 P -180.095932 1.761919 -88.045418 2.110000 -1.000000 0.000000
10000 23 S -183.432877 2.160547 -85.990852 1.800000 0.000000 0.000000
10000 24 A -183.865509 -1.102166 -85.636818 2.150000 0.000000 0.000000
10000 25 P -183.425858 2.970433 -82.109085 2.110000 -1.000000 0.000000
10000 26 S -187.262756 1.861915 -81.632011 1.800000 0.000000 0.000000
10000 27 G -187.035187 -1.208196 -82.729980 2.150000 0.000000 0.000000
10000 28 P -187.836441 0.613474 -78.070999 2.110000 -1.000000 0.000000
10000 29 S -191.002838 -1.462000 -79.013954 1.800000 0.000000 0.000000
10000 30 C -188.847992 -4.261092 -79.790161 2.150000 0.000000 0.000000
10000 31 P -192.697739 -2.679617 -75.808777 2.110000 -1.000000 0.000000
10000 32 S -194.184296 -5.704650 -77.675415 1.800000 0.000000 0.000000
10000 33 C -191.277161 -7.544204 -77.226517 2.150000 0.000000 0.000000
10000 34 P -195.714783 -6.942953 -74.417229 2.110000 -1.000000 0.000000
10000 35 S -195.723740 -10.704919 -75.626045 1.800000 0.000000 0.000000
10000 36 U -192.368362 -11.138387 -75.055199 2.150000 0.000000 0.000000
10000 37 P -196.319931 -12.736904 -72.463982 2.110000 -1.000000 0.000000
