500 1 P -179.884338 -14.773637 -71.315063 2.110000 -1.000000 1.000000
500 2 S -182.281082 -17.130791 -73.512199 1.800000 0.000000 0.000000
500 3 G -185.538376 -16.244032 -72.751190 2.150000 0.000000 0.000000
500 4 P -181.162292 -16.988770 -77.378517 2.110000 -1.000000 0.000000
500 5 S -184.793182 -17.636894 -78.870628 1.800000 0.000000 0.000000
500 6 G -186.055878 -14.637793 -77.423096 2.150000 0.000000 0.000000
500 7 P -183.837326 -16.644007 -82.707581 2.110000 -1.000000 0.000000
500 8 S -186.586731 -15.013175 -84.617752 1.800000 0.000000 0.000000
500 9 G -186.690750 -11.850429 -83.121414 2.150000 0.000000 0.000000
500 10 P -184.922211 -13.732939 -87.940346 2.110000 -1.000000 0.000000
500 11 S -187.750839 -11.682150 -89.318512 1.800000 0.000000 0.000000
500 12 C -187.435974 -9.263032 -87.047256 2.150000 0.000000 0.000000
500 13 P -184.759293 -10.627476 -91.256821 2.110000 -1.000000 0.000000
500 14 S -185.767105 -7.548928 -93.167816 1.800000 0.000000 0.000000
500 15 G -185.660812 -5.680672 -90.075127 2.150000 0.000000 0.000000
500 16 P -182.080154 -7.205804 -93.284813 2.110000 -1.000000 0.000000
500 17 S -181.899963 -3.342434 -92.664688 1.800000 0.000000 0.000000
500 18 C -181.974136 -2.111812 -95.908470 2.150000 0.000000 0.000000
500 19 P -178.518097 -2.613595 -91.590111 2.110000 -1.000000 0.000000
500 20 S -180.807404 0.366068 -90.575348 1.800000 0.000000 0.000000
500 21 A -182.486557 -1.986783 -88.858032 2.150000 0.000000 0.000000
500 22 P -179.034821 1.686320 -87.498413 2.110000 -1.000000 0.000000
500 23 S -182.557922 2.360800 -85.820427 1.800000 0.000000 0.000000
500 24 A -185.541641 3.800354 -87.619301 2.150000 0.000000 0.000000
500 25 P -183.417679 3.257434 -82.320251 2.110000 -1.000000 0.000000
500 26 S -186.934616 1.873634 -81.998924 1.800000 0.000000 0.000000
500 27 G -188.064926 -1.201197 -83.243111 2.150000 0.000000 0.000000
500 28 P -187.283173 1.223013 -78.210716 2.110000 -1.000000 0.000000
500 29 S -190.427429 -0.929335 -78.867912 1.800000 0.000000 0.000000
500 30 C -189.237534 -4.145819 -79.611572 2.150000 0.000000 0.000000
500 31 P -192.553757 -2.474935 -75.925644 2.110000 -1.000000 0.000000
500 32 S -194.228165 -5.586343 -77.576996 1.800000 0.000000 0.000000
500 33 C -191.431427 -7.532030 -77.647751 2.150000 0.000000 0.000000
500 34 P -196.015320 -7.530411 -74.769669 2.110000 -1.000000 0.000000
500 35 S -196.011642 -11.254631 -76.195259 1.800000 0.000000 0.000000
500 36 U -192.966995 -11.460124 -74.372910 2.150000 0.000000 0.000000
500 37 P -197.839737 -12.962455 -73.367088 2.110000 -1.000000 0.000000
1000 1 P -179.696609 -15.429270 -71.376396 2.110000 -1.000000 1.000000
1000 2 S -182.140381 -17.499146 -73.700836 1.800000 0.000000 0.000000
1000 3 G -185.411621 -16.378168 -72.869110 2.150000 0.000000 0.000000
1000 4 P -181.035538 -17.122906 -77.496437 2.110000 -1.000000 0.000000
1000 5 S -184.716537 -17.653587 -78.639519 1.800000 0.000000 0.000000
1000 6 G -186.001465 -14.672502 -77.128204 2.150000 0.000000 0.000000
1000 7 P -183.782913 -16.678720 -82.412689 2.110000 -1.000000 0.000000
1000 8 S -186.542053 -15.053905 -84.518936 1.800000 0.000000 0.000000
1000 9 G -186.651352 -11.892946 -83.091423 2.150000 0.000000 0.000000
1000 10 P -184.882812 -13.775456 -87.910355 2.110000 -1.000000 0.000000
1000 11 S -187.678116 -11.671811 -89.395950 1.800000 0.000000 0.000000
1000 12 C -187.357895 -9.227100 -87.128166 2.150000 0.000000 0.000000
1000 13 P -184.681213 -10.591544 -91.337730 2.110000 -1.000000 0.000000
1000 14 S -185.646255 -7.167696 -93.293106 1.800000 0.000000 0.000000
1000 15 G -186.803085 -5.204104 -90.477783 2.150000 0.000000 0.000000
1000 16 P -181.983627 -6.659706 -93.620934 2.110000 -1.000000 0.000000
1000 17 S -181.823273 -2.817089 -93.043076 1.800000 0.000000 0.000000
1000 18 C -180.838089 -0.958805 -95.814568 2.150000 0.000000 0.000000
1000 19 P -178.061157 -2.279895 -91.624458 2.110000 -1.000000 0.000000
1000 20 S -180.358719 0.711050 -90.663300 1.800000 0.000000 0.000000
1000 21 A -182.798996 -1.356083 -89.482277 2.150000 0.000000 0.000000
1000 22 P -178.629364 1.694813 -87.527283 2.110000 -1.000000 0.000000
1000 23 S -182.200867 2.170070 -85.623451 1.800000 0.000000 0.000000
1000 24 A -181.539291 -1.256831 -85.396477 2.150000 0.000000 0.000000
1000 25 P -183.229904 3.025606 -81.973534 2.110000 -1.000000 0.000000
1000 26 S -187.106018 1.871984 -82.033371 1.800000 0.000000 0.000000
1000 27 G -188.236328 -1.202847 -83.277557 2.150000 0.000000 0.000000
1000 28 P -187.270599 1.241380 -78.258400 2.110000 -1.000000 0.000000
1000 29 S -190.364914 -0.907673 -79.023758 1.800000 0.000000 0.000000
1000 30 C -189.175018 -4.124157 -79.767418 2.150000 0.000000 0.000000
1000 31 P -192.479568 -2.464992 -75.973518 2.110000 -1.000000 0.000000
1000 32 S -194.104355 -5.587441 -77.753181 1.800000 0.000000 0.000000
1000 33 C -191.307617 -7.533128 -77.823936 2.150000 0.000000 0.000000
1000 34 P -195.843231 -7.455724 -74.870697 2.110000 -1.000000 0.000000
1000 35 S -195.763138 -11.047060 -76.347931 1.800000 0.000000 0.000000
1000 36 U -192.423981 -11.315298 -75.081718 2.150000 0.000000 0.000000
1000 37 P -196.899567 -11.701210 -72.756271 2.110000 -1.000000 0.000000
1500 1 P -182.974854 -21.203928 -71.855293 2.110000 -1.000000 1.000000
1500 2 S -182.220505 -17.457832 -72.966904 1.800000 0.000000 0.000000
1500 3 G -185.500778 -16.641365 -73.028618 2.150000 0.000000 0.000000
1500 4 P -181.117630 -17.097828 -77.167015 2.110000 -1.000000 0.000000
1500 5 S -184.735336 -17.794411 -78.602287 1.800000 0.000000 0.000000
1500 6 G -186.025940 -14.780714 -77.034271 2.150000 0.000000 0.000000
1500 7 P -183.807388 -16.786926 -82.318756 2.110000 -1.000000 0.000000
1500 8 S -186.550064 -15.053083 -84.532623 1.800000 0.000000 0.000000
1500 9 G -186.658340 -11.893927 -83.099091 2.150000 0.000000 0.000000
1500 10 P -184.889801 -13.776437 -87.918022 2.110000 -1.000000 0.000000
1500 11 S -187.660782 -11.676240 -89.372543 1.800000 0.000000 0.000000
1500 12 C -187.476425 -9.287366 -86.995209 2.150000 0.000000 0.000000
1500 13 P -184.663452 -10.594749 -91.337517 2.110000 -1.000000 0.000000
1500 14 S -185.782837 -7.411977 -93.284317 1.800000 0.000000 0.000000
1500 15 G -186.138947 -6.832893 -89.645767 2.150000 0.000000 0.000000
1500 16 P -182.213333 -6.303862 -93.697243 2.110000 -1.000000 0.000000
1500 17 S -182.206299 -2.275463 -93.359863 1.800000 0.000000 0.000000
1500 18 C -183.945770 -2.470624 -90.226639 2.150000 0.000000 0.000000
1500 19 P -178.975510 -1.771144 -91.394081 2.110000 -1.000000 0.000000
1500 20 S -181.279663 1.192175 -90.430168 1.800000 0.000000 0.000000
1500 21 A -180.029709 3.202549 -93.019470 2.150000 0.000000 0.000000
1500 22 P -179.400436 2.421855 -87.288261 2.110000 -1.000000 0.000000
1500 23 S -182.872009 2.307015 -85.249054 1.800000 0.000000 0.000000
1500 24 A -183.464981 -1.278626 -85.081474 2.150000 0.000000 0.000000
1500 25 P -183.930328 2.937630 -81.316429 2.110000 -1.000000 0.000000
1500 26 S -187.647888 1.743692 -81.845917 1.800000 0.000000 0.000000
1500 27 G -188.778198 -1.331139 -83.090103 2.150000 0.000000 0.000000
1500 28 P -187.723785 1.099547 -78.098114 2.110000 -1.000000 0.000000
1500 29 S -190.664383 -1.123129 -78.705162 1.800000 0.000000 0.000000
1500 30 C -189.474487 -4.339614 -79.448822 2.150000 0.000000 0.000000
1500 31 P -192.838333 -2.761028 -75.838448 2.110000 -1.000000 0.000000
1500 32 S -194.382645 -5.912945 -77.701736 1.800000 0.000000 0.000000
1500 33 C -191.543442 -7.790302 -77.532433 2.150000 0.000000 0.000000
1500 34 P -196.101578 -7.764377 -74.750824 2.110000 -1.000000 0.000000
1500 35 S -196.016571 -11.384200 -76.224174 1.800000 0.000000 0.000000
1500 36 U -192.677414 -11.652438 -74.957962 2.150000 0.000000 0.000000
1500 37 P -197.243912 -13.212775 -72.721542 2.110000 -1.000000 0.000000
2000 1 P -180.386078 -15.413405 -69.988174 2.110000 -1.000000 1.000000
2000 2 S -182.076492 -17.034822 -73.304985 1.800000 0.000000 0.000000
2000 3 G -185.615997 -16.547028 -73.130096 2.150000 0.000000 0.000000
2000 4 P -181.223526 -17.082741 -77.101830 2.110000 -1.000000 0.000000
2000 5 S -184.827026 -17.743599 -78.737381 1.800000 0.000000 0.000000
2000 6 G -185.911636 -14.703003 -77.385002 2.150000 0.000000 0.000000
2000 7 P -183.793518 -16.799671 -82.461044 2.110000 -1.000000 0.000000
2000 8 S -186.549347 -15.024275 -84.600548 1.800000 0.000000 0.000000
2000 9 G -187.180557 -12.135400 -82.864670 2.150000 0.000000 0.000000
2000 10 P -184.875671 -13.769445 -87.952599 2.110000 -1.000000 0.000000
2000 11 S -187.640228 -11.661476 -89.478455 1.800000 0.000000 0.000000
2000 12 C -187.508331 -9.301113 -86.993546 2.150000 0.000000 0.000000
2000 13 P -184.695358 -10.608497 -91.335854 2.110000 -1.000000 0.000000
2000 14 S -185.525879 -7.383441 -93.525658 1.800000 0.000000 0.000000
2000 15 G -186.865189 -4.832035 -91.449463 2.150000 0.000000 0.000000
2000 16 P -181.992523 -6.343345 -93.948242 2.110000 -1.000000 0.000000
2000 17 S -182.284256 -2.389863 -94.068451 1.800000 0.000000 0.000000
2000 18 C -180.466095 -3.312043 -97.276169 2.150000 0.000000 0.000000
2000 19 P -178.903015 -1.955239 -92.369087 2.110000 -1.000000 0.000000
2000 20 S -181.323608 0.887058 -91.073120 1.800000 0.000000 0.000000
2000 21 A -184.040848 -0.847224 -89.642120 2.150000 0.000000 0.000000
2000 22 P -179.711090 2.103641 -87.766312 2.110000 -1.000000 0.000000
2000 23 S -183.133865 2.068674 -85.784142 1.800000 0.000000 0.000000
2000 24 A -182.300064 -0.535291 -83.843201 2.150000 0.000000 0.000000
2000 25 P -183.534668 2.950012 -81.850746 2.110000 -1.000000 0.000000
2000 26 S -187.243301 1.838644 -82.065552 1.800000 0.000000 0.000000
2000 27 G -188.373611 -1.236187 -83.309738 2.150000 0.000000 0.000000
2000 28 P -187.577072 1.026372 -78.133232 2.110000 -1.000000 0.000000
2000 29 S -190.654861 -1.198629 -78.757820 1.800000 0.000000 0.000000
2000 30 C -189.076096 -4.152879 -79.522682 2.150000 0.000000 0.000000
2000 31 P -192.829834 -2.829168 -75.861252 2.110000 -1.000000 0.000000
2000 32 S -194.394531 -5.899771 -77.531242 1.800000 0.000000 0.000000
2000 33 C -191.576965 -7.794292 -77.334320 2.150000 0.000000 0.000000
2000 34 P -196.152969 -7.536635 -74.503281 2.110000 -1.000000 0.000000
2000 35 S -196.118271 -11.197564 -76.001480 1.800000 0.000000 0.000000
2000 36 U -192.779114 -11.465802 -74.735268 2.150000 0.000000 0.000000
2000 37 P -197.065765 -12.975298 -72.510223 2.110000 -1.000000 0.000000
2500 1 P -182.338867 -20.783077 -72.846008 2.110000 -1.000000 1.000000
2500 2 S -182.127106 -17.102621 -73.153412 1.800000 0.000000 0.000000
2500 3 G -185.584930 -16.534838 -73.096252 2.150000 0.000000 0.000000
2500 4 P -181.192459 -17.070551 -77.067986 2.110000 -1.000000 0.000000
2500 5 S -184.517502 -17.557203 -79.172386 1.800000 0.000000 0.000000
2500 6 G -185.724854 -14.437410 -78.619034 2.150000 0.000000 0.000000
2500 7 P -183.494141 -16.599577 -82.755104 2.110000 -1.000000 0.000000
2500 8 S -186.558868 -14.997258 -84.601540 1.800000 0.000000 0.000000
2500 9 G -186.921310 -12.068361 -82.854340 2.150000 0.000000 0.000000
2500 10 P -184.881973 -13.750328 -87.950256 2.110000 -1.000000 0.000000
2500 11 S -187.664307 -11.656425 -89.454018 1.800000 0.000000 0.000000
2500 12 C -187.556137 -9.324316 -86.871864 2.150000 0.000000 0.000000
2500 13 P -184.743164 -10.631700 -91.214172 2.110000 -1.000000 0.000000
2500 14 S -185.683899 -7.340644 -93.218651 1.800000 0.000000 0.000000
2500 15 G -186.752319 -5.764781 -90.205009 2.150000 0.000000 0.000000
2500 16 P -182.297195 -5.863520 -93.626656 2.110000 -1.000000 0.000000
2500 17 S -182.747635 -1.907193 -93.650276 1.800000 0.000000 0.000000
2500 18 C -183.681168 -2.411164 -90.272079 2.150000 0.000000 0.000000
2500 19 P -179.156418 -1.197180 -92.283173 2.110000 -1.000000 0.000000
2500 20 S -181.641830 1.624315 -90.920815 1.800000 0.000000 0.000000
2500 21 A -180.813202 4.120736 -92.897766 2.150000 0.000000 0.000000
2500 22 P -179.860184 2.771201 -87.752205 2.110000 -1.000000 0.000000
2500 23 S -183.171967 2.277411 -85.911064 1.800000 0.000000 0.000000
2500 24 A -182.906342 -1.329841 -85.333801 2.150000 0.000000 0.000000
2500 25 P -183.681305 3.139665 -81.938286 2.110000 -1.000000 0.000000
2500 26 S -187.466202 1.873901 -82.130600 1.800000 0.000000 0.000000
2500 27 G -188.596512 -1.200930 -83.374786 2.150000 0.000000 0.000000
2500 28 P -187.568954 1.043423 -78.227768 2.110000 -1.000000 0.000000
2500 29 S -190.794876 -1.292364 -78.752625 1.800000 0.000000 0.000000
2500 30 C -189.334579 -4.239525 -79.466675 2.150000 0.000000 0.000000
2500 31 P -192.943237 -2.923855 -75.915474 2.110000 -1.000000 0.000000
2500 32 S -194.516052 -5.997447 -77.733551 1.800000 0.000000 0.000000
2500 33 C -191.673737 -7.931980 -77.269569 2.150000 0.000000 0.000000
2500 34 P -196.328079 -7.707073 -74.693497 2.110000 -1.000000 0.000000
2500 35 S -196.253143 -11.433355 -75.935234 1.800000 0.000000 0.000000
2500 36 U -192.952927 -11.860782 -74.871002 2.150000 0.000000 0.000000
2500 37 P -197.639343 -13.613605 -72.777206 2.110000 -1.000000 0.000000
3000 1 P -182.854385 -21.328167 -73.419739 2.110000 -1.000000 1.000000
3000 2 S -182.412201 -17.518517 -72.847969 1.800000 0.000000 0.000000
3000 3 G -185.768509 -16.612698 -72.698639 2.150000 0.000000 0.000000
3000 4 P -181.376038 -17.148411 -76.670372 2.110000 -1.000000 0.000000
3000 5 S -184.547165 -17.523596 -78.974213 1.800000 0.000000 0.000000
3000 6 G -185.790756 -14.430770 -78.434074 2.150000 0.000000 0.000000
3000 7 P -183.560043 -16.592936 -82.570145 2.110000 -1.000000 0.000000
3000 8 S -186.624832 -15.051442 -84.403381 1.800000 0.000000 0.000000
3000 9 G -187.004166 -12.148399 -82.668686 2.150000 0.000000 0.000000
3000 10 P -184.964828 -13.830366 -87.764603 2.110000 -1.000000 0.000000
3000 11 S -187.796906 -11.779154 -89.196083 1.800000 0.000000 0.000000
3000 12 C -187.656815 -9.424876 -86.631096 2.150000 0.000000 0.000000
3000 13 P -184.747543 -10.612499 -91.214424 2.110000 -1.000000 0.000000
3000 14 S -186.074356 -7.208152 -92.606232 1.800000 0.000000 0.000000
3000 15 G -186.730606 -4.758534 -90.146973 2.150000 0.000000 0.000000
3000 16 P -182.680161 -5.448851 -93.296028 2.110000 -1.000000 0.000000
3000 17 S -182.835648 -1.530375 -93.218063 1.800000 0.000000 0.000000
3000 18 C -183.765976 -1.692408 -89.995300 2.150000 0.000000 0.000000
3000 19 P -179.668167 -0.912271 -91.586082 2.110000 -1.000000 0.000000
3000 20 S -182.134064 1.919024 -90.221741 1.800000 0.000000 0.000000
3000 21 A -180.341599 4.196259 -92.262062 2.150000 0.000000 0.000000
3000 22 P -179.852051 2.772177 -87.174370 2.110000 -1.000000 0.000000
3000 23 S -183.309418 2.009370 -85.256958 1.800000 0.000000 0.000000
3000 24 A -181.944153 -1.093616 -84.407501 2.150000 0.000000 0.000000
3000 25 P -184.186859 2.961858 -81.457054 2.110000 -1.000000 0.000000
3000 26 S -187.786575 1.793103 -81.944580 1.800000 0.000000 0.000000
3000 27 G -188.712311 -1.165790 -83.356720 2.150000 0.000000 0.000000
3000 28 P -187.915405 1.027059 -78.234856 2.110000 -1.000000 0.000000
3000 29 S -190.941452 -1.295890 -78.753487 1.800000 0.000000 0.000000
3000 30 C -189.481155 -4.243051 -79.467537 2.150000 0.000000 0.000000
3000 31 P -192.939789 -2.868445 -75.710907 2.110000 -1.000000 0.000000
3000 32 S -194.436386 -5.878284 -77.811806 1.800000 0.000000 0.000000
3000 33 C -191.535172 -7.706854 -77.455688 2.150000 0.000000 0.000000
3000 34 P -196.202286 -7.578704 -74.853867 2.110000 -1.000000 0.000000
3000 35 S -196.191757 -11.291379 -75.999092 1.800000 0.000000 0.000000
3000 36 U -192.891541 -11.718805 -74.934860 2.150000 0.000000 0.000000
3000 37 P -197.456024 -12.626878 -72.530273 2.110000 -1.000000 0.000000
3500 1 P -179.643234 -14.817108 -72.074478 2.110000 -1.000000 1.000000
3500 2 S -182.242752 -17.343912 -73.405388 1.800000 0.000000 0.000000
3500 3 G -185.100174 -15.868870 -73.809448 2.150000 0.000000 0.000000
3500 4 P -181.231644 -16.969646 -77.075905 2.110000 -1.000000 0.000000
3500 5 S -184.561371 -17.475790 -79.098381 1.800000 0.000000 0.000000
3500 6 G -185.781235 -14.362179 -78.497040 2.150000 0.000000 0.000000
3500 7 P -183.550522 -16.524342 -82.633110 2.110000 -1.000000 0.000000
3500 8 S -186.765518 -15.134903 -84.203659 1.800000 0.000000 0.000000
3500 9 G -187.145584 -12.261764 -82.447464 2.150000 0.000000 0.000000
3500 10 P -185.106247 -13.943730 -87.543381 2.110000 -1.000000 0.000000
3500 11 S -187.938324 -11.892518 -88.974861 1.800000 0.000000 0.000000
3500 12 C -187.660553 -9.438802 -86.586182 2.150000 0.000000 0.000000
3500 13 P -184.751282 -10.626425 -91.169510 2.110000 -1.000000 0.000000
3500 14 S -185.544388 -6.908389 -92.493767 1.800000 0.000000 0.000000
3500 15 G -186.039719 -5.490636 -89.592133 2.150000 0.000000 0.000000
3500 16 P -181.858810 -5.929002 -92.892632 2.110000 -1.000000 0.000000
3500 17 S -182.388123 -1.934887 -93.029793 1.800000 0.000000 0.000000
3500 18 C -184.815750 -1.251242 -90.828056 2.150000 0.000000 0.000000
3500 19 P -178.913452 -1.421146 -91.274353 2.110000 -1.000000 0.000000
3500 20 S -181.432587 1.365375 -89.802582 1.800000 0.000000 0.000000
3500 21 A -179.478241 3.944700 -91.444885 2.150000 0.000000 0.000000
3500 22 P -179.839523 1.681766 -86.277344 2.110000 -1.000000 0.000000
3500 23 S -183.549866 1.703381 -84.704033 1.800000 0.000000 0.000000
3500 24 A -184.198715 -1.543732 -84.084770 2.150000 0.000000 0.000000
3500 25 P -183.845963 2.748950 -81.001831 2.110000 -1.000000 0.000000
3500 26 S -187.636337 1.697945 -81.658981 1.800000 0.000000 0.000000
3500 27 G -188.562073 -1.260948 -83.071121 2.150000 0.000000 0.000000
3500 28 P -188.005905 0.892850 -77.897095 2.110000 -1.000000 0.000000
3500 29 S -190.998093 -1.248488 -78.874290 1.800000 0.000000 0.000000
3500 30 C -189.537796 -4.195649 -79.588341 2.150000 0.000000 0.000000
3500 31 P -192.978989 -2.742682 -75.906197 2.110000 -1.000000 0.000000
3500 32 S -194.474838 -5.912461 -77.444786 1.800000 0.000000 0.000000
3500 33 C -191.573624 -7.741031 -77.088669 2.150000 0.000000 0.000000
3500 34 P -196.260101 -7.582328 -74.336617 2.110000 -1.000000 0.000000
3500 35 S -196.268356 -11.290992 -75.470474 1.800000 0.000000 0.000000
3500 36 U -192.968140 -11.718418 -74.406242 2.150000 0.000000 0.000000
3500 37 P -197.412140 -14.160184 -73.108582 2.110000 -1.000000 0.000000
4000 1 P -179.637268 -15.077240 -72.087357 2.110000 -1.000000 1.000000
4000 2 S -182.373276 -17.536846 -73.457031 1.800000 0.000000 0.000000
4000 3 G -185.101074 -15.878734 -73.810249 2.150000 0.000000 0.000000
4000 4 P -181.232544 -16.979513 -77.076706 2.110000 -1.000000 0.000000
4000 5 S -184.518600 -17.428619 -79.040779 1.800000 0.000000 0.000000
4000 6 G -185.709717 -14.304263 -78.411026 2.150000 0.000000 0.000000
4000 7 P -183.479004 -16.466427 -82.547096 2.110000 -1.000000 0.000000
4000 8 S -186.708023 -15.134079 -84.079262 1.800000 0.000000 0.000000
4000 9 G -187.083755 -12.224460 -82.401474 2.150000 0.000000 0.000000
4000 10 P -185.044418 -13.906426 -87.497391 2.110000 -1.000000 0.000000
4000 11 S -187.941559 -11.850156 -88.969894 1.800000 0.000000 0.000000
4000 12 C -187.658997 -9.427836 -86.466949 2.150000 0.000000 0.000000
4000 13 P -184.749725 -10.615459 -91.050278 2.110000 -1.000000 0.000000
4000 14 S -185.595276 -7.013894 -92.322250 1.800000 0.000000 0.000000
4000 15 G -185.796356 -4.724107 -89.807068 2.150000 0.000000 0.000000
4000 16 P -182.060654 -5.737553 -92.936493 2.110000 -1.000000 0.000000
4000 17 S -182.094772 -1.735919 -93.083366 1.800000 0.000000 0.000000
4000 18 C -180.592239 -1.700041 -96.608452 2.150000 0.000000 0.000000
4000 19 P -178.413086 -1.192338 -91.689133 2.110000 -1.000000 0.000000
4000 20 S -181.050247 1.450166 -89.934181 1.800000 0.000000 0.000000
4000 21 A -182.465469 -1.515218 -88.816399 2.150000 0.000000 0.000000
4000 22 P -179.299774 1.976713 -86.673416 2.110000 -1.000000 0.000000
4000 23 S -182.885071 1.718309 -84.917572 1.800000 0.000000 0.000000
4000 24 A -183.124191 -1.629199 -84.367989 2.150000 0.000000 0.000000
4000 25 P -183.514267 2.685116 -81.136620 2.110000 -1.000000 0.000000
4000 26 S -187.436218 1.640641 -81.416801 1.800000 0.000000 0.000000
4000 27 G -188.361954 -1.318252 -82.828941 2.150000 0.000000 0.000000
4000 28 P -187.949173 0.900327 -77.805603 2.110000 -1.000000 0.000000
4000 29 S -191.085922 -1.330989 -78.653305 1.800000 0.000000 0.000000
4000 30 C -189.625626 -4.278151 -79.367355 2.150000 0.000000 0.000000
4000 31 P -193.064178 -2.829466 -75.638412 2.110000 -1.000000 0.000000
4000 32 S -194.523178 -5.968915 -77.299957 1.800000 0.000000 0.000000
4000 33 C -191.621964 -7.797486 -76.943840 2.150000 0.000000 0.000000
4000 34 P -196.368805 -7.684412 -74.354507 2.110000 -1.000000 0.000000
4000 35 S -196.299484 -11.403537 -75.381859 1.800000 0.000000 0.000000
4000 36 U -192.889618 -11.582454 -74.463844 2.150000 0.000000 0.000000
4000 37 P -197.017029 -11.476482 -71.626053 2.110000 -1.000000 0.000000
4500 1 P -182.986084 -21.659903 -73.233894 2.110000 -1.000000 1.000000
4500 2 S -182.384262 -17.741295 -73.302338 1.800000 0.000000 0.000000
4500 3 G -185.044128 -15.879292 -73.481987 2.150000 0.000000 0.000000
4500 4 P -181.146027 -16.963512 -76.921921 2.110000 -1.000000 0.000000
4500 5 S -184.493256 -17.455278 -78.943962 1.800000 0.000000 0.000000
4500 6 G -185.641296 -14.306405 -78.250542 2.150000 0.000000 0.000000
4500 7 P -183.429733 -16.457291 -82.422348 2.110000 -1.000000 0.000000
4500 8 S -186.689362 -15.160540 -84.019958 1.800000 0.000000 0.000000
4500 9 G -186.647293 -12.074030 -82.469040 2.150000 0.000000 0.000000
4500 10 P -185.059692 -13.929263 -87.343369 2.110000 -1.000000 0.000000
4500 11 S -187.934402 -11.854204 -88.821335 1.800000 0.000000 0.000000
4500 12 C -187.647385 -9.394169 -86.524521 2.150000 0.000000 0.000000
4500 13 P -184.738113 -10.581792 -91.107849 2.110000 -1.000000 0.000000
4500 14 S -185.890717 -7.095267 -92.094467 1.800000 0.000000 0.000000
4500 15 G -185.885162 -5.070713 -89.381187 2.150000 0.000000 0.000000
4500 16 P -182.329666 -5.872453 -92.490280 2.110000 -1.000000 0.000000
4500 17 S -182.446198 -1.969570 -92.611771 1.800000 0.000000 0.000000
4500 18 C -181.921814 -0.624959 -95.748138 2.150000 0.000000 0.000000
4500 19 P -178.893906 -1.295922 -91.452744 2.110000 -1.000000 0.000000
4500 20 S -181.531067 1.346582 -89.697792 1.800000 0.000000 0.000000
4500 21 A -183.976151 -0.988614 -88.460030 2.150000 0.000000 0.000000
4500 22 P -179.478851 1.922628 -86.530830 2.110000 -1.000000 0.000000
4500 23 S -183.108337 1.682234 -84.881462 1.800000 0.000000 0.000000
4500 24 A -182.653900 -1.803605 -84.155014 2.150000 0.000000 0.000000
4500 25 P -183.750168 2.827488 -81.338654 2.110000 -1.000000 0.000000
4500 26 S -187.519104 1.677084 -81.447929 1.800000 0.000000 0.000000
4500 27 G -188.444839 -1.281809 -82.860069 2.150000 0.000000 0.000000
4500 28 P -187.955627 0.825122 -77.598206 2.110000 -1.000000 0.000000
4500 29 S -191.042328 -1.406428 -78.462730 1.800000 0.000000 0.000000
4500 30 C -189.582031 -4.353590 -79.176781 2.150000 0.000000 0.000000
4500 31 P -193.075974 -3.013633 -75.405693 2.110000 -1.000000 0.000000
4500 32 S -194.491989 -5.993239 -77.341469 1.800000 0.000000 0.000000
4500 33 C -191.590775 -7.821810 -76.985352 2.150000 0.000000 0.000000
4500 34 P -196.206421 -7.624666 -74.303627 2.110000 -1.000000 0.000000
4500 35 S -196.142700 -11.353565 -75.385338 1.800000 0.000000 0.000000
4500 36 U -192.904404 -11.793835 -74.716736 2.150000 0.000000 0.000000
4500 37 P -197.443985 -12.724822 -71.916687 2.110000 -1.000000 0.000000
5000 1 P -182.903015 -21.464561 -73.032562 2.110000 -1.000000 1.000000
5000 2 S -182.167496 -17.519247 -73.430962 1.800000 0.000000 0.000000
5000 3 G -184.902191 -15.810735 -73.631165 2.150000 0.000000 0.000000
5000 4 P -181.004089 -16.894955 -77.071098 2.110000 -1.000000 0.000000
5000 5 S -184.371323 -17.330379 -79.198967 1.800000 0.000000 0.000000
5000 6 G -185.518250 -14.174085 -78.549942 2.150000 0.000000 0.000000
5000 7 P -183.306686 -16.324970 -82.721748 2.110000 -1.000000 0.000000
5000 8 S -186.547409 -14.992489 -84.316505 1.800000 0.000000 0.000000
5000 9 G -186.591492 -11.834516 -82.927689 2.150000 0.000000 0.000000
5000 10 P -184.925278 -13.759416 -87.630608 2.110000 -1.000000 0.000000
5000 11 S -187.725662 -11.622764 -89.235909 1.800000 0.000000 0.000000
5000 12 C -187.438644 -9.162728 -86.939095 2.150000 0.000000 0.000000
5000 13 P -184.529373 -10.350351 -91.522423 2.110000 -1.000000 0.000000
5000 14 S -185.700775 -7.002654 -92.933952 1.800000 0.000000 0.000000
5000 15 G -187.085403 -4.511866 -90.681183 2.150000 0.000000 0.000000
5000 16 P -182.192032 -5.649454 -92.900398 2.110000 -1.000000 0.000000
5000 17 S -181.831879 -1.630384 -93.112717 1.800000 0.000000 0.000000
5000 18 C -180.988464 -1.862604 -96.222595 2.150000 0.000000 0.000000
5000 19 P -178.150497 -1.197251 -91.500008 2.110000 -1.000000 0.000000
5000 20 S -180.784897 1.446167 -89.751984 1.800000 0.000000 0.000000
5000 21 A -182.255310 -1.431959 -88.550179 2.150000 0.000000 0.000000
5000 22 P -178.839752 2.232921 -86.386002 2.110000 -1.000000 0.000000
5000 23 S -182.571182 1.669492 -84.804695 1.800000 0.000000 0.000000
5000 24 A -180.216049 -1.142916 -84.287544 2.150000 0.000000 0.000000
5000 25 P -183.192245 2.756777 -81.123337 2.110000 -1.000000 0.000000
5000 26 S -187.119400 1.823411 -81.649567 1.800000 0.000000 0.000000
5000 27 G -188.159042 -1.103641 -83.128120 2.150000 0.000000 0.000000
5000 28 P -187.775757 1.021654 -77.934204 2.110000 -1.000000 0.000000
5000 29 S -190.857162 -1.189741 -78.819321 1.800000 0.000000 0.000000
5000 30 C -189.396866 -4.136902 -79.533371 2.150000 0.000000 0.000000
5000 31 P -192.957687 -2.775514 -76.027061 2.110000 -1.000000 0.000000
5000 32 S -194.459412 -5.884433 -77.726479 1.800000 0.000000 0.000000
5000 33 C -191.558197 -7.713004 -77.370361 2.150000 0.000000 0.000000
5000 34 P -196.167725 -7.688369 -74.545662 2.110000 -1.000000 0.000000
5000 35 S -196.059998 -11.436677 -75.380440 1.800000 0.000000 0.000000
5000 36 U -192.725784 -11.651428 -74.775261 2.150000 0.000000 0.000000
5000 37 P -197.605087 -12.662287 -71.815582 2.110000 -1.000000 0.000000
5500 1 P -182.713776 -21.050440 -73.274986 2.110000 -1.000000 1.000000
5500 2 S -181.985138 -17.197252 -73.979279 1.800000 0.000000 0.000000
5500 3 G -184.744919 -15.552242 -74.234360 2.150000 0.000000 0.000000
5500 4 P -180.846817 -16.636456 -77.674294 2.110000 -1.000000 0.000000
5500 5 S -184.330154 -17.173811 -79.311363 1.800000 0.000000 0.000000
5500 6 G -185.769653 -14.170018 -79.069725 2.150000 0.000000 0.000000
5500 7 P -183.242889 -16.151066 -82.920181 2.110000 -1.000000 0.000000
5500 8 S -186.482178 -14.848458 -84.377502 1.800000 0.000000 0.000000
5500 9 G -186.616989 -11.842132 -82.882233 2.150000 0.000000 0.000000
5500 10 P -184.950775 -13.767032 -87.585152 2.110000 -1.000000 0.000000
5500 11 S -187.731094 -11.626069 -89.123535 1.800000 0.000000 0.000000
5500 12 C -187.428024 -9.157489 -86.800194 2.150000 0.000000 0.000000
5500 13 P -184.518753 -10.345112 -91.383522 2.110000 -1.000000 0.000000
5500 14 S -185.322754 -6.855285 -92.618851 1.800000 0.000000 0.000000
5500 15 G -185.765518 -7.927307 -95.826202 2.150000 0.000000 0.000000
5500 16 P -181.793701 -5.679806 -92.891579 2.110000 -1.000000 0.000000
5500 17 S -181.862747 -1.826248 -92.880859 1.800000 0.000000 0.000000
5500 18 C -181.846085 -0.634048 -96.152863 2.150000 0.000000 0.000000
5500 19 P -178.373077 -0.923533 -91.883728 2.110000 -1.000000 0.000000
5500 20 S -181.008118 1.706428 -90.125702 1.800000 0.000000 0.000000
5500 21 A -181.881729 -0.935597 -88.116554 2.150000 0.000000 0.000000
5500 22 P -179.415695 2.276050 -86.732597 2.110000 -1.000000 0.000000
5500 23 S -183.153839 1.922814 -84.884300 1.800000 0.000000 0.000000
5500 24 A -183.294312 -1.235567 -83.622467 2.150000 0.000000 0.000000
5500 25 P -183.690643 3.017608 -81.232918 2.110000 -1.000000 0.000000
5500 26 S -187.531387 1.778762 -81.468788 1.800000 0.000000 0.000000
5500 27 G -188.571030 -1.148289 -82.947342 2.150000 0.000000 0.000000
5500 28 P -187.798279 1.008872 -77.702827 2.110000 -1.000000 0.000000
5500 29 S -190.883728 -1.304058 -78.374565 1.800000 0.000000 0.000000
5500 30 C -189.423431 -4.251220 -79.088615 2.150000 0.000000 0.000000
5500 31 P -193.044250 -2.946006 -75.610725 2.110000 -1.000000 0.000000
5500 32 S -194.585892 -5.895269 -77.554329 1.800000 0.000000 0.000000
5500 33 C -191.684677 -7.723840 -77.198212 2.150000 0.000000 0.000000
5500 34 P -196.326889 -7.712066 -74.430176 2.110000 -1.000000 0.000000
5500 35 S -196.128616 -11.543897 -75.706917 1.800000 0.000000 0.000000
5500 36 U -192.744385 -11.808452 -75.536636 2.150000 0.000000 0.000000
5500 37 P -196.712463 -13.983592 -72.362862 2.110000 -1.000000 0.000000
6000 1 P -182.182098 -20.660843 -73.626663 2.110000 -1.000000 1.000000
6000 2 S -181.819138 -16.881695 -74.004547 1.800000 0.000000 0.000000
6000 3 G -184.877670 -15.962120 -74.456757 2.150000 0.000000 0.000000
6000 4 P -180.884109 -16.649130 -77.674530 2.110000 -1.000000 0.000000
6000 5 S -184.436508 -17.272009 -79.428421 1.800000 0.000000 0.000000
6000 6 G -185.900040 -14.278925 -79.066902 2.150000 0.000000 0.000000
6000 7 P -183.373276 -16.259968 -82.917358 2.110000 -1.000000 0.000000
6000 8 S -186.537979 -14.823863 -84.424263 1.800000 0.000000 0.000000
6000 9 G -186.629272 -11.850183 -82.921730 2.150000 0.000000 0.000000
6000 10 P -184.994995 -13.755562 -87.635696 2.110000 -1.000000 0.000000
6000 11 S -187.779114 -11.638575 -89.175781 1.800000 0.000000 0.000000
6000 12 C -187.456085 -9.176505 -86.804588 2.150000 0.000000 0.000000
6000 13 P -184.546814 -10.364128 -91.387917 2.110000 -1.000000 0.000000
6000 14 S -185.979523 -6.877550 -92.611687 1.800000 0.000000 0.000000
6000 15 G -187.652771 -5.959309 -89.602211 2.150000 0.000000 0.000000
6000 16 P -182.252640 -6.809759 -91.928154 2.110000 -1.000000 0.000000
6000 17 S -181.400665 -3.067376 -91.874741 1.800000 0.000000 0.000000
6000 18 C -181.514847 -1.266304 -94.950630 2.150000 0.000000 0.000000
6000 19 P -177.919388 -2.390379 -90.197876 2.110000 -1.000000 0.000000
6000 20 S -180.556671 0.226146 -88.440254 1.800000 0.000000 0.000000
6000 21 A -182.687744 -2.391644 -88.199829 2.150000 0.000000 0.000000
6000 22 P -178.564362 0.816869 -85.104240 2.110000 -1.000000 0.000000
6000 23 S -182.491379 1.561450 -84.162392 1.800000 0.000000 0.000000
6000 24 A -182.249130 5.179644 -84.773216 2.150000 0.000000 0.000000
6000 25 P -184.004608 2.747242 -80.597855 2.110000 -1.000000 0.000000
6000 26 S -187.729660 1.817245 -81.661705 1.800000 0.000000 0.000000
6000 27 G -188.501923 -1.300221 -82.843948 2.150000 0.000000 0.000000
6000 28 P -187.943481 1.056058 -77.849251 2.110000 -1.000000 0.000000
6000 29 S -190.924606 -1.395706 -78.289917 1.800000 0.000000 0.000000
6000 30 C -189.464310 -4.342867 -79.003967 2.150000 0.000000 0.000000
6000 31 P -193.055115 -3.020303 -75.407120 2.110000 -1.000000 0.000000
6000 32 S -194.592667 -5.953162 -77.343071 1.800000 0.000000 0.000000
6000 33 C -191.691452 -7.781733 -76.986954 2.150000 0.000000 0.000000
6000 34 P -196.357483 -7.883242 -74.472771 2.110000 -1.000000 0.000000
6000 35 S -196.165039 -11.565578 -75.500626 1.800000 0.000000 0.000000
6000 36 U -192.780807 -11.830133 -75.330345 2.150000 0.000000 0.000000
6000 37 P -196.771805 -14.521476 -73.005226 2.110000 -1.000000 0.000000
6500 1 P -181.730713 -20.093813 -73.708694 2.110000 -1.000000 1.000000
6500 2 S -181.460251 -16.114920 -74.285492 1.800000 0.000000 0.000000
6500 3 G -184.691147 -15.615710 -74.895981 2.150000 0.000000 0.000000
6500 4 P -180.625000 -16.183578 -78.101013 2.110000 -1.000000 0.000000
6500 5 S -184.240356 -17.094990 -79.338448 1.800000 0.000000 0.000000
6500 6 G -185.739288 -14.131790 -79.093460 2.150000 0.000000 0.000000
6500 7 P -183.212524 -16.112835 -82.943916 2.110000 -1.000000 0.000000
6500 8 S -186.472748 -14.788239 -84.466499 1.800000 0.000000 0.000000
6500 9 G -186.902664 -11.848300 -83.085701 2.150000 0.000000 0.000000
6500 10 P -184.929764 -13.719937 -87.677933 2.110000 -1.000000 0.000000
6500 11 S -187.744278 -11.569876 -89.360497 1.800000 0.000000 0.000000
6500 12 C -187.409195 -9.171407 -86.837357 2.150000 0.000000 0.000000
6500 13 P -184.513443 -10.295134 -91.569153 2.110000 -1.000000 0.000000
6500 14 S -185.913055 -6.871638 -93.005661 1.800000 0.000000 0.000000
6500 15 G -187.304321 -4.862660 -90.480896 2.150000 0.000000 0.000000
6500 16 P -182.257675 -6.424215 -92.452248 2.110000 -1.000000 0.000000
6500 17 S -181.878998 -2.304143 -92.838013 1.800000 0.000000 0.000000
6500 18 C -183.928986 -2.328347 -90.076035 2.150000 0.000000 0.000000
6500 19 P -178.594589 -1.813321 -90.823166 2.110000 -1.000000 0.000000
6500 20 S -181.231873 0.803204 -89.065544 1.800000 0.000000 0.000000
6500 21 A -180.256729 3.708894 -90.783226 2.150000 0.000000 0.000000
6500 22 P -179.263855 1.563335 -85.628540 2.110000 -1.000000 0.000000
6500 23 S -183.115616 1.931486 -84.551483 1.800000 0.000000 0.000000
6500 24 A -184.713394 -1.017549 -85.018806 2.150000 0.000000 0.000000
6500 25 P -184.012817 2.870489 -80.778793 2.110000 -1.000000 0.000000
6500 26 S -187.559982 1.857930 -81.683823 1.800000 0.000000 0.000000
6500 27 G -188.332245 -1.259536 -82.866066 2.150000 0.000000 0.000000
6500 28 P -187.935593 1.091178 -77.925415 2.110000 -1.000000 0.000000
6500 29 S -190.946991 -1.253364 -78.654030 1.800000 0.000000 0.000000
6500 30 C -189.376862 -4.135648 -79.375259 2.150000 0.000000 0.000000
6500 31 P -193.004898 -2.795828 -75.798080 2.110000 -1.000000 0.000000
6500 32 S -194.552444 -5.848247 -77.621452 1.800000 0.000000 0.000000
6500 33 C -191.651230 -7.676817 -77.265335 2.150000 0.000000 0.000000
6500 34 P -196.131485 -7.537708 -74.664803 2.110000 -1.000000 0.000000
6500 35 S -196.050140 -11.299884 -75.632545 1.800000 0.000000 0.000000
6500 36 U -192.696808 -11.727635 -75.225365 2.150000 0.000000 0.000000
6500 37 P -197.254181 -13.455967 -72.652924 2.110000 -1.000000 0.000000
7000 1 P -179.426971 -14.418849 -72.498215 2.110000 -1.000000 1.000000
7000 2 S -181.702087 -16.741184 -74.754715 1.800000 0.000000 0.000000
7000 3 G -184.734467 -15.558377 -74.853401 2.150000 0.000000 0.000000
7000 4 P -180.652847 -16.053429 -78.401093 2.110000 -1.000000 0.000000
7000 5 S -184.216599 -16.885401 -79.678932 1.800000 0.000000 0.000000
7000 6 G -185.709106 -13.934996 -79.276482 2.150000 0.000000 0.000000
7000 7 P -183.182343 -15.916042 -83.126938 2.110000 -1.000000 0.000000
7000 8 S -186.450516 -14.644422 -84.780815 1.800000 0.000000 0.000000
7000 9 G -186.874115 -11.705723 -83.391914 2.150000 0.000000 0.000000
7000 10 P -184.901215 -13.577360 -87.984146 2.110000 -1.000000 0.000000
7000 11 S -187.713425 -11.454906 -89.534218 1.800000 0.000000 0.000000
7000 12 C -187.384308 -9.057389 -87.016357 2.150000 0.000000 0.000000
7000 13 P -184.488556 -10.181116 -91.748154 2.110000 -1.000000 0.000000
7000 14 S -185.582077 -6.795410 -93.380974 1.800000 0.000000 0.000000
7000 15 G -186.024155 -5.828662 -90.174850 2.150000 0.000000 0.000000
7000 16 P -182.152847 -5.603984 -92.950287 2.110000 -1.000000 0.000000
7000 17 S -181.850189 -1.810928 -93.294785 1.800000 0.000000 0.000000
7000 18 C -184.179077 -0.557253 -91.198448 2.150000 0.000000 0.000000
7000 19 P -178.608734 -1.015067 -91.662025 2.110000 -1.000000 0.000000
7000 20 S -181.233276 1.578939 -89.881477 1.800000 0.000000 0.000000
7000 21 A -179.792526 4.546671 -91.654022 2.150000 0.000000 0.000000
7000 22 P -179.425323 2.373570 -86.443047 2.110000 -1.000000 0.000000
7000 23 S -183.248398 1.988310 -85.337502 1.800000 0.000000 0.000000
7000 24 A -183.174744 -1.282090 -83.865440 2.150000 0.000000 0.000000
7000 25 P -184.102875 3.399746 -81.783638 2.110000 -1.000000 0.000000
7000 26 S -187.827591 2.095182 -82.157669 1.800000 0.000000 0.000000
7000 27 G -188.599854 -1.022284 -83.339912 2.150000 0.000000 0.000000
7000 28 P -188.090668 1.279003 -78.391068 2.110000 -1.000000 0.000000
7000 29 S -191.125092 -1.127048 -79.002487 1.800000 0.000000 0.000000
7000 30 C -189.554962 -4.009332 -79.723717 2.150000 0.000000 0.000000
7000 31 P -192.999512 -2.679277 -75.805313 2.110000 -1.000000 0.000000
7000 32 S -194.604767 -5.804345 -77.510384 1.800000 0.000000 0.000000
7000 33 C -191.703552 -7.632916 -77.154266 2.150000 0.000000 0.000000
7000 34 P -196.188370 -7.560341 -74.261009 2.110000 -1.000000 0.000000
7000 35 S -196.081436 -11.281055 -75.576492 1.800000 0.000000 0.000000
7000 36 U -192.818497 -11.793920 -75.269745 2.150000 0.000000 0.000000
7000 37 P -196.736908 -13.373068 -72.341492 2.110000 -1.000000 0.000000
7500 1 P -179.667389 -14.577582 -72.058823 2.110000 -1.000000 1.000000
7500 2 S -181.906097 -16.980686 -74.191109 1.800000 0.000000 0.000000
7500 3 G -184.537079 -14.841230 -74.321259 2.150000 0.000000 0.000000
7500 4 P -180.782944 -16.314568 -77.955437 2.110000 -1.000000 0.000000
7500 5 S -184.349045 -17.050772 -79.311302 1.800000 0.000000 0.000000
7500 6 G -185.739166 -13.981018 -79.075981 2.150000 0.000000 0.000000
7500 7 P -183.212402 -15.962065 -82.926437 2.110000 -1.000000 0.000000
7500 8 S -186.522034 -14.688115 -84.674667 1.800000 0.000000 0.000000
7500 9 G -186.918442 -11.735960 -83.332413 2.150000 0.000000 0.000000
7500 10 P -184.945541 -13.607597 -87.924644 2.110000 -1.000000 0.000000
7500 11 S -187.757477 -11.481456 -89.499550 1.800000 0.000000 0.000000
7500 12 C -187.428436 -9.085824 -86.980865 2.150000 0.000000 0.000000
7500 13 P -184.532684 -10.209551 -91.712662 2.110000 -1.000000 0.000000
7500 14 S -185.377167 -6.693018 -93.337326 1.800000 0.000000 0.000000
7500 15 G -184.976349 -5.884380 -89.991989 2.150000 0.000000 0.000000
7500 16 P -181.873062 -5.836188 -92.637184 2.110000 -1.000000 0.000000
7500 17 S -181.297897 -1.846018 -92.792664 1.800000 0.000000 0.000000
7500 18 C -182.345413 -1.707686 -89.571815 2.150000 0.000000 0.000000
7500 19 P -177.953903 -1.000558 -91.171661 2.110000 -1.000000 0.000000
7500 20 S -180.582047 1.593711 -89.391983 1.800000 0.000000 0.000000
7500 21 A -177.975800 3.721392 -90.535545 2.150000 0.000000 0.000000
7500 22 P -179.173447 2.133559 -85.762917 2.110000 -1.000000 0.000000
7500 23 S -183.058990 2.080743 -84.912750 1.800000 0.000000 0.000000
7500 24 A -183.315353 -1.282584 -84.702309 2.150000 0.000000 0.000000
7500 25 P -184.209396 3.296870 -81.523735 2.110000 -1.000000 0.000000
7500 26 S -187.924469 2.061076 -82.106270 1.800000 0.000000 0.000000
7500 27 G -188.696732 -1.056391 -83.288513 2.150000 0.000000 0.000000
7500 28 P -188.187546 1.244897 -78.339668 2.110000 -1.000000 0.000000
7500 29 S -191.157211 -1.137030 -78.980865 1.800000 0.000000 0.000000
7500 30 C -189.587082 -4.019314 -79.702095 2.150000 0.000000 0.000000
7500 31 P -193.005325 -2.691945 -75.794716 2.110000 -1.000000 0.000000
7500 32 S -194.637085 -5.843272 -77.506447 1.800000 0.000000 0.000000
7500 33 C -191.735870 -7.671843 -77.150330 2.150000 0.000000 0.000000
7500 34 P -196.218201 -7.608822 -74.375893 2.110000 -1.000000 0.000000
7500 35 S -196.099411 -11.286581 -75.646484 1.800000 0.000000 0.000000
7500 36 U -192.836472 -11.799445 -75.339737 2.150000 0.000000 0.000000
7500 37 P -196.803284 -12.532764 -72.002914 2.110000 -1.000000 0.000000
8000 1 P -179.797821 -15.175364 -71.753784 2.110000 -1.000000 1.000000
8000 2 S -182.046204 -17.277431 -74.143761 1.800000 0.000000 0.000000
8000 3 G -184.662384 -15.186380 -74.060913 2.150000 0.000000 0.000000
8000 4 P -180.900696 -16.481367 -77.733360 2.110000 -1.000000 0.000000
8000 5 S -184.486450 -17.207443 -79.063538 1.800000 0.000000 0.000000
8000 6 G -186.002502 -14.291231 -78.519608 2.150000 0.000000 0.000000
8000 7 P -183.332901 -16.150396 -82.756172 2.110000 -1.000000 0.000000
8000 8 S -186.656967 -14.894730 -84.487030 1.800000 0.000000 0.000000
8000 9 G -187.026093 -11.867946 -83.229034 2.150000 0.000000 0.000000
8000 10 P -185.053192 -13.739583 -87.821266 2.110000 -1.000000 0.000000
8000 11 S -187.821823 -11.562128 -89.477684 1.800000 0.000000 0.000000
8000 12 C -187.411331 -9.028218 -87.285378 2.150000 0.000000 0.000000
8000 13 P -184.586014 -10.292500 -91.688774 2.110000 -1.000000 0.000000
8000 14 S -185.372223 -6.627007 -92.917862 1.800000 0.000000 0.000000
8000 15 G -186.869034 -4.964793 -90.035530 2.150000 0.000000 0.000000
8000 16 P -181.844742 -5.827409 -91.760841 2.110000 -1.000000 0.000000
8000 17 S -182.416000 -2.039198 -92.359055 1.800000 0.000000 0.000000
8000 18 C -183.487518 -1.785203 -89.226578 2.150000 0.000000 0.000000
8000 19 P -178.990997 -1.109009 -90.776138 2.110000 -1.000000 0.000000
8000 20 S -181.647522 1.465759 -89.030487 1.800000 0.000000 0.000000
8000 21 A -180.017700 4.250755 -89.701530 2.150000 0.000000 0.000000
8000 22 P -180.321136 1.743158 -85.482384 2.110000 -1.000000 0.000000
8000 23 S -184.187836 1.645572 -84.846344 1.800000 0.000000 0.000000
8000 24 A -184.582581 -1.579113 -83.069733 2.150000 0.000000 0.000000
8000 25 P -184.268661 3.134363 -81.225777 2.110000 -1.000000 0.000000
8000 26 S -187.996017 1.907364 -81.937294 1.800000 0.000000 0.000000
8000 27 G -188.768280 -1.210103 -83.119537 2.150000 0.000000 0.000000
8000 28 P -188.262772 1.055993 -78.131393 2.110000 -1.000000 0.000000
8000 29 S -191.234833 -1.324011 -78.751015 1.800000 0.000000 0.000000
8000 30 C -189.664703 -4.206295 -79.472244 2.150000 0.000000 0.000000
8000 31 P -193.062714 -2.683202 -75.700546 2.110000 -1.000000 0.000000
8000 32 S -194.630875 -5.787887 -77.360733 1.800000 0.000000 0.000000
8000 33 C -191.729660 -7.616457 -77.004616 2.150000 0.000000 0.000000
8000 34 P -196.327393 -7.739080 -74.402267 2.110000 -1.000000 0.000000
8000 35 S -196.118683 -11.377669 -75.691887 1.800000 0.000000 0.000000
8000 36 U -192.897705 -12.030820 -75.399361 2.150000 0.000000 0.000000
8000 37 P -196.937775 -13.316308 -72.026939 2.110000 -1.000000 0.000000
8500 1 P -182.676559 -21.322273 -74.348526 2.110000 -1.000000 1.000000
8500 2 S -182.142517 -17.348969 -74.271523 1.800000 0.000000 0.000000
8500 3 G -185.050385 -15.870663 -74.165909 2.150000 0.000000 0.000000
8500 4 P -180.943695 -16.434385 -77.822166 2.110000 -1.000000 0.000000
8500 5 S -184.545593 -17.240589 -79.114357 1.800000 0.000000 0.000000
8500 6 G -186.040894 -14.318896 -78.535233 2.150000 0.000000 0.000000
8500 7 P -183.371292 -16.178062 -82.771797 2.110000 -1.000000 0.000000
8500 8 S -186.650146 -14.929970 -84.431183 1.800000 0.000000 0.000000
8500 9 G -187.014572 -11.886968 -83.178780 2.150000 0.000000 0.000000
8500 10 P -185.041672 -13.758605 -87.771011 2.110000 -1.000000 0.000000
8500 11 S -187.829132 -11.616561 -89.436905 1.800000 0.000000 0.000000
8500 12 C -187.372452 -9.015412 -87.298424 2.150000 0.000000 0.000000
8500 13 P -184.547134 -10.279694 -91.701820 2.110000 -1.000000 0.000000
8500 14 S -185.071335 -6.650092 -92.887367 1.800000 0.000000 0.000000
8500 15 G -186.275726 -5.010959 -90.108177 2.150000 0.000000 0.000000
8500 16 P -181.566132 -5.380389 -92.410538 2.110000 -1.000000 0.000000
8500 17 S -182.046539 -1.574532 -93.178909 1.800000 0.000000 0.000000
8500 18 C -183.660141 -1.297288 -90.310287 2.150000 0.000000 0.000000
8500 19 P -178.499741 -0.494046 -92.193642 2.110000 -1.000000 0.000000
8500 20 S -181.128799 2.100117 -90.457985 1.800000 0.000000 0.000000
8500 21 A -180.434845 5.375729 -91.430626 2.150000 0.000000 0.000000
8500 22 P -180.085556 2.392561 -86.939163 2.110000 -1.000000 0.000000
8500 23 S -183.913345 1.853662 -85.603851 1.800000 0.000000 0.000000
8500 24 A -183.911789 -1.762821 -86.459312 2.150000 0.000000 0.000000
8500 25 P -184.087418 3.323569 -81.820946 2.110000 -1.000000 0.000000
8500 26 S -187.808456 2.105223 -82.346375 1.800000 0.000000 0.000000
8500 27 G -188.200027 -1.057927 -83.319603 2.150000 0.000000 0.000000
8500 28 P -188.057861 1.320315 -78.707489 2.110000 -1.000000 0.000000
8500 29 S -191.132965 -1.177328 -79.050087 1.800000 0.000000 0.000000
8500 30 C -189.562836 -4.059610 -79.771317 2.150000 0.000000 0.000000
8500 31 P -192.948853 -2.526555 -75.905357 2.110000 -1.000000 0.000000
8500 32 S -194.513779 -5.661285 -77.561646 1.800000 0.000000 0.000000
8500 33 C -191.612564 -7.489856 -77.205528 2.150000 0.000000 0.000000
8500 34 P -196.240570 -7.546320 -74.649055 2.110000 -1.000000 0.000000
8500 35 S -196.076935 -11.120022 -75.991409 1.800000 0.000000 0.000000
8500 36 U -192.850983 -11.777248 -75.771935 2.150000 0.000000 0.000000
8500 37 P -197.006180 -12.605351 -72.435669 2.110000 -1.000000 0.000000
9000 1 P -182.421295 -20.774084 -74.031235 2.110000 -1.000000 1.000000
9000 2 S -182.006516 -16.729849 -73.974770 1.800000 0.000000 0.000000
9000 3 G -185.181076 -15.863156 -74.052269 2.150000 0.000000 0.000000
9000 4 P -181.074387 -16.426874 -77.708527 2.110000 -1.000000 0.000000
9000 5 S -184.537628 -17.171869 -79.433060 1.800000 0.000000 0.000000
9000 6 G -185.866989 -14.167509 -78.798401 2.150000 0.000000 0.000000
9000 7 P -183.301620 -16.106567 -82.972038 2.110000 -1.000000 0.000000
9000 8 S -186.620972 -14.858145 -84.675804 1.800000 0.000000 0.000000
9000 9 G -187.003799 -11.880219 -83.235771 2.150000 0.000000 0.000000
9000 10 P -185.030899 -13.751856 -87.828003 2.110000 -1.000000 0.000000
9000 11 S -187.855972 -11.646572 -89.442665 1.800000 0.000000 0.000000
9000 12 C -187.422043 -9.097138 -87.158432 2.150000 0.000000 0.000000
9000 13 P -184.596725 -10.361420 -91.561829 2.110000 -1.000000 0.000000
9000 14 S -185.961182 -6.811662 -92.731384 1.800000 0.000000 0.000000
9000 15 G -187.140076 -5.873908 -89.544876 2.150000 0.000000 0.000000
9000 16 P -182.564896 -5.205867 -92.610985 2.110000 -1.000000 0.000000
9000 17 S -182.472794 -1.372338 -93.079071 1.800000 0.000000 0.000000
9000 18 C -181.966797 -1.522605 -96.357285 2.150000 0.000000 0.000000
9000 19 P -178.966583 -0.179161 -92.560509 2.110000 -1.000000 0.000000
9000 20 S -181.595642 2.415003 -90.824852 1.800000 0.000000 0.000000
9000 21 A -179.258240 4.446747 -92.777496 2.150000 0.000000 0.000000
9000 22 P -179.646774 3.045560 -87.830940 2.110000 -1.000000 0.000000
9000 23 S -183.315002 2.212324 -86.205574 1.800000 0.000000 0.000000
9000 24 A -184.422989 -1.104203 -86.129715 2.150000 0.000000 0.000000
9000 25 P -184.129623 3.653947 -82.843239 2.110000 -1.000000 0.000000
9000 26 S -187.934494 2.277743 -82.831024 1.800000 0.000000 0.000000
9000 27 G -188.326065 -0.885408 -83.804253 2.150000 0.000000 0.000000
9000 28 P -188.183105 1.458419 -79.039719 2.110000 -1.000000 0.000000
9000 29 S -191.156052 -1.048942 -79.410683 1.800000 0.000000 0.000000
9000 30 C -189.585922 -3.931224 -80.131912 2.150000 0.000000 0.000000
9000 31 P -192.975433 -2.409860 -76.305183 2.110000 -1.000000 0.000000
9000 32 S -194.512802 -5.587441 -78.031448 1.800000 0.000000 0.000000
9000 33 C -191.611588 -7.416012 -77.675331 2.150000 0.000000 0.000000
9000 34 P -196.224335 -7.573609 -75.124794 2.110000 -1.000000 0.000000
9000 35 S -196.113480 -11.214653 -76.458839 1.800000 0.000000 0.000000
9000 36 U -192.887527 -11.871880 -76.239365 2.150000 0.000000 0.000000
9000 37 P -196.883255 -12.157616 -72.760979 2.110000 -1.000000 0.000000
9500 1 P -182.703720 -20.607277 -73.028130 2.110000 -1.000000 1.000000
9500 2 S -182.054520 -16.968733 -74.107033 1.800000 0.000000 0.000000
9500 3 G -185.134628 -15.765368 -74.169083 2.150000 0.000000 0.000000
9500 4 P -181.027939 -16.329082 -77.825340 2.110000 -1.000000 0.000000
9500 5 S -184.540482 -17.087530 -79.399025 1.800000 0.000000 0.000000
9500 6 G -186.070831 -14.307681 -78.608345 2.150000 0.000000 0.000000
9500 7 P -183.290970 -16.053102 -82.822838 2.110000 -1.000000 0.000000
9500 8 S -186.629272 -14.840667 -84.493134 1.800000 0.000000 0.000000
9500 9 G -187.005051 -11.889740 -83.148514 2.150000 0.000000 0.000000
9500 10 P -185.032150 -13.761377 -87.740746 2.110000 -1.000000 0.000000
9500 11 S -187.858322 -11.658728 -89.354416 1.800000 0.000000 0.000000
9500 12 C -187.420471 -9.090175 -87.147263 2.150000 0.000000 0.000000
9500 13 P -184.595154 -10.354456 -91.550659 2.110000 -1.000000 0.000000
9500 14 S -185.793732 -7.037807 -92.910583 1.800000 0.000000 0.000000
9500 15 G -186.157974 -5.493579 -90.011040 2.150000 0.000000 0.000000
9500 16 P -182.187469 -6.031268 -92.670807 2.110000 -1.000000 0.000000
9500 17 S -182.166733 -1.969083 -93.365311 1.800000 0.000000 0.000000
9500 18 C -181.217514 -1.247934 -96.559052 2.150000 0.000000 0.000000
9500 19 P -178.617920 -0.691522 -92.790283 2.110000 -1.000000 0.000000
9500 20 S -181.243759 1.920534 -91.054482 1.800000 0.000000 0.000000
9500 21 A -183.208923 -0.849377 -89.704391 2.150000 0.000000 0.000000
9500 22 P -179.627228 2.692478 -87.672272 2.110000 -1.000000 0.000000
9500 23 S -183.465164 2.429600 -86.117943 1.800000 0.000000 0.000000
9500 24 A -183.096283 -0.674352 -84.735420 2.150000 0.000000 0.000000
9500 25 P -184.398819 3.753004 -82.790016 2.110000 -1.000000 0.000000
9500 26 S -188.043701 2.295847 -82.828758 1.800000 0.000000 0.000000
9500 27 G -188.435272 -0.867304 -83.801987 2.150000 0.000000 0.000000
9500 28 P -188.108261 1.385182 -78.968544 2.110000 -1.000000 0.000000
9500 29 S -191.151688 -1.093963 -79.261353 1.800000 0.000000 0.000000
9500 30 C -189.394226 -3.851841 -80.048080 2.150000 0.000000 0.000000
9500 31 P -192.964188 -2.438092 -76.022804 2.110000 -1.000000 0.000000
9500 32 S -194.481491 -5.511574 -78.007812 1.800000 0.000000 0.000000
9500 33 C -191.806442 -7.532747 -77.649895 2.150000 0.000000 0.000000
9500 34 P -196.082428 -7.253808 -74.958389 2.110000 -1.000000 0.000000
9500 35 S -196.026764 -11.021249 -76.388763 1.800000 0.000000 0.000000
9500 36 U -192.803070 -11.585160 -75.994637 2.150000 0.000000 0.000000
9500 37 P -197.001907 -12.709475 -73.071259 2.110000 -1.000000 0.000000
10000 1 P -182.526489 -20.652315 -74.513489 2.110000 -1.000000 1.000000
10000 2 S -181.885086 -16.765316 -74.662575 1.800000 0.000000 0.000000
10000 3 G -184.992996 -15.596725 -74.658051 2.150000 0.000000 0.000000
10000 4 P -180.886307 -16.160439 -78.314308 2.110000 -1.000000 0.000000
10000 5 S -184.205933 -16.668676 -80.183952 1.800000 0.000000 0.000000
10000 6 G -185.721878 -13.873883 -79.400414 2.150000 0.000000 0.000000
10000 7 P -182.942017 -15.619305 -83.614906 2.110000 -1.000000 0.000000
10000 8 S -186.407852 -14.592693 -84.886276 1.800000 0.000000 0.000000
10000 9 G -186.803253 -11.675981 -83.480537 2.150000 0.000000 0.000000
10000 10 P -184.830353 -13.547618 -88.072769 2.110000 -1.000000 0.000000
10000 11 S -187.644318 -11.446623 -89.693222 1.800000 0.000000 0.000000
10000 12 C -187.369476 -9.051982 -87.228470 2.150000 0.000000 0.000000
10000 13 P -184.544159 -10.316263 -91.631866 2.110000 -1.000000 0.000000
10000 14 S -185.370239 -7.073738 -93.504120 1.800000 0.000000 0.000000
10000 15 G -186.413559 -5.285072 -90.675949 2.150000 0.000000 0.000000
10000 16 P -181.846024 -6.474881 -92.913551 2.110000 -1.000000 0.000000
10000 17 S -181.476212 -2.435552 -93.464111 1.800000 0.000000 0.000000
10000 18 C -181.067871 -2.830890 -96.934517 2.150000 0.000000 0.000000
10000 19 P -177.946228 -1.450922 -92.122253 2.110000 -1.000000 0.000000
10000 20 S -180.478088 1.275470 -90.652100 1.800000 0.000000 0.000000
10000 21 A -183.256027 -0.951125 -90.273682 2.150000 0.000000 0.000000
10000 22 P -179.485565 2.452292 -87.284706 2.110000 -1.000000 0.000000
10000 23 S -183.177032 2.506715 -86.214012 1.800000 0.000000 0.000000
10000 24 A -184.095917 4.527115 -88.833229 2.150000 0.000000 0.000000
10000 25 P -184.291901 3.929116 -82.706764 2.110000 -1.000000 0.000000
10000 26 S -187.962631 2.748130 -83.563728 1.800000 0.000000 0.000000
10000 27 G -188.354202 -0.415021 -84.536957 2.150000 0.000000 0.000000
10000 28 P -187.896774 1.732706 -79.767815 2.110000 -1.000000 0.000000
10000 29 S -190.933243 -0.684808 -80.213196 1.800000 0.000000 0.000000
10000 30 C -189.175781 -3.442686 -80.999924 2.150000 0.000000 0.000000
10000 31 P -192.766922 -2.056610 -77.020668 2.110000 -1.000000 0.000000
10000 32 S -194.224426 -5.121634 -78.942749 1.800000 0.000000 0.000000
10000 33 C -191.549377 -7.142807 -78.584831 2.150000 0.000000 0.000000
10000 34 P -195.761490 -6.799927 -75.998199 2.110000 -1.000000 0.000000
10000 35 S -195.801834 -10.558602 -77.253021 1.800000 0.000000 0.000000
10000 36 U -192.578140 -11.122514 -76.858894 2.150000 0.000000 0.000000
10000 37 P -197.132339 -12.756854 -74.199913 2.110000 -1.000000 0.000000
