500 1 P -178.827988 -13.211172 -72.598083 2.110000 -1.000000 1.000000
500 2 S -181.064957 -16.166134 -73.834778 1.800000 0.000000 0.000000
500 3 G -183.648041 -14.102337 -74.824196 2.150000 0.000000 0.000000
500 4 P -180.380676 -16.466852 -77.569168 2.110000 -1.000000 0.000000
500 5 S -183.943878 -16.944498 -79.089233 1.800000 0.000000 0.000000
500 6 G -184.872375 -13.366343 -79.766693 2.150000 0.000000 0.000000
500 7 P -183.407104 -16.606098 -82.769798 2.110000 -1.000000 0.000000
500 8 S -186.374985 -15.022161 -84.644394 1.800000 0.000000 0.000000
500 9 G -187.081909 -11.743460 -83.642899 2.150000 0.000000 0.000000
500 10 P -184.885880 -13.724133 -88.071404 2.110000 -1.000000 0.000000
500 11 S -187.828171 -11.626710 -89.594757 1.800000 0.000000 0.000000
500 12 C -186.998505 -9.117543 -87.338058 2.150000 0.000000 0.000000
500 13 P -184.827530 -10.555874 -91.479095 2.110000 -1.000000 0.000000
500 14 S -186.319046 -7.816482 -93.632278 1.800000 0.000000 0.000000
500 15 G -186.941864 -5.436291 -91.054306 2.150000 0.000000 0.000000
500 16 P -182.595108 -7.611554 -93.390053 2.110000 -1.000000 0.000000
500 17 S -182.473495 -3.699324 -92.843208 1.800000 0.000000 0.000000
500 18 C -181.732483 -2.835415 -96.261543 2.150000 0.000000 0.000000
500 19 P -179.019669 -2.571475 -91.935364 2.110000 -1.000000 0.000000
500 20 S -181.313980 0.396695 -90.985168 1.800000 0.000000 0.000000
500 21 A -181.366287 -2.369159 -88.948586 2.150000 0.000000 0.000000
500 22 P -179.237717 2.189049 -88.137726 2.110000 -1.000000 0.000000
500 23 S -182.717285 2.846694 -86.553398 1.800000 0.000000 0.000000
500 24 A -183.664688 -0.471079 -85.199303 2.150000 0.000000 0.000000
500 25 P -183.381882 3.471401 -82.660690 2.110000 -1.000000 0.000000
500 26 S -186.949738 1.952768 -82.234474 1.800000 0.000000 0.000000
500 27 G -188.080048 -1.122063 -83.478661 2.150000 0.000000 0.000000
500 28 P -187.492035 1.347253 -78.435249 2.110000 -1.000000 0.000000
500 29 S -190.397003 -1.201185 -78.297745 1.800000 0.000000 0.000000
500 30 C -188.756683 -4.355966 -79.072975 2.150000 0.000000 0.000000
500 31 P -192.320450 -2.468327 -75.387627 2.110000 -1.000000 0.000000
500 32 S -193.895905 -5.571765 -77.046143 1.800000 0.000000 0.000000
500 33 C -191.099167 -7.517452 -77.116898 2.150000 0.000000 0.000000
500 34 P -195.350723 -6.852107 -73.678314 2.110000 -1.000000 0.000000
500 35 S -195.308182 -10.701923 -74.480453 1.800000 0.000000 0.000000
500 36 U -192.309143 -12.122642 -75.753395 2.150000 0.000000 0.000000
500 37 P -195.865967 -12.130493 -70.820877 2.110000 -1.000000 0.000000
1000 1 P -178.664536 -13.369418 -72.494576 2.110000 -1.000000 1.000000
1000 2 S -181.042145 -16.155849 -73.765312 1.800000 0.000000 0.000000
1000 3 G -183.637726 -14.168825 -74.842216 2.150000 0.000000 0.000000
1000 4 P -180.370361 -16.533337 -77.587189 2.110000 -1.000000 0.000000
1000 5 S -183.899506 -16.992973 -79.036034 1.800000 0.000000 0.000000
1000 6 G -184.856293 -13.377472 -79.661995 2.150000 0.000000 0.000000
1000 7 P -183.391022 -16.617222 -82.665100 2.110000 -1.000000 0.000000
1000 8 S -186.351730 -15.034444 -84.569954 1.800000 0.000000 0.000000
1000 9 G -187.038345 -11.716193 -83.633713 2.150000 0.000000 0.000000
1000 10 P -184.842316 -13.696867 -88.062218 2.110000 -1.000000 0.000000
1000 11 S -187.791458 -11.591556 -89.587334 1.800000 0.000000 0.000000
1000 12 C -186.961792 -9.082389 -87.330635 2.150000 0.000000 0.000000
1000 13 P -184.790817 -10.520720 -91.471672 2.110000 -1.000000 0.000000
1000 14 S -185.788147 -7.390396 -93.748833 1.800000 0.000000 0.000000
1000 15 G -187.055832 -5.470843 -90.821144 2.150000 0.000000 0.000000
1000 16 P -181.947891 -6.529396 -93.295059 2.110000 -1.000000 0.000000
1000 17 S -182.340149 -2.553782 -92.796165 1.800000 0.000000 0.000000
1000 18 C -182.008850 -1.088235 -95.898834 2.150000 0.000000 0.000000
1000 19 P -178.712021 -1.546025 -92.057808 2.110000 -1.000000 0.000000
1000 20 S -181.007156 1.422137 -91.105949 1.800000 0.000000 0.000000
1000 21 A -184.467010 0.495325 -90.741646 2.150000 0.000000 0.000000
1000 22 P -179.190140 2.791822 -88.156815 2.110000 -1.000000 0.000000
1000 23 S -182.794983 2.766874 -86.753815 1.800000 0.000000 0.000000
1000 24 A -184.242569 -0.252146 -86.503433 2.150000 0.000000 0.000000
1000 25 P -182.861969 3.420816 -82.907539 2.110000 -1.000000 0.000000
1000 26 S -186.529617 2.115975 -82.463455 1.800000 0.000000 0.000000
1000 27 G -187.659927 -0.958856 -83.707642 2.150000 0.000000 0.000000
1000 28 P -187.153687 1.420963 -78.661316 2.110000 -1.000000 0.000000
1000 29 S -190.274399 -1.037148 -78.513489 1.800000 0.000000 0.000000
1000 30 C -188.634079 -4.191928 -79.288719 2.150000 0.000000 0.000000
1000 31 P -192.207809 -2.348445 -75.414200 2.110000 -1.000000 0.000000
1000 32 S -193.784683 -5.494325 -76.993004 1.800000 0.000000 0.000000
1000 33 C -190.857697 -7.345300 -76.899246 2.150000 0.000000 0.000000
1000 34 P -195.203583 -6.620706 -73.640869 2.110000 -1.000000 0.000000
1000 35 S -195.180847 -10.428043 -74.655945 1.800000 0.000000 0.000000
1000 36 U -192.110352 -11.818989 -76.111565 2.150000 0.000000 0.000000
1000 37 P -194.406647 -11.561969 -71.089500 2.110000 -1.000000 0.000000
1500 1 P -178.533539 -13.197467 -73.916992 2.110000 -1.000000 1.000000
1500 2 S -180.990509 -16.207970 -73.915253 1.800000 0.000000 0.000000
1500 3 G -183.586121 -14.207961 -74.829697 2.150000 0.000000 0.000000
1500 4 P -180.318756 -16.572474 -77.574669 2.110000 -1.000000 0.000000
1500 5 S -183.833694 -17.057814 -78.990601 1.800000 0.000000 0.000000
1500 6 G -184.827576 -13.385054 -79.570107 2.150000 0.000000 0.000000
1500 7 P -183.278702 -16.668774 -82.635811 2.110000 -1.000000 0.000000
1500 8 S -186.329132 -15.110121 -84.476288 1.800000 0.000000 0.000000
1500 9 G -187.063492 -11.839426 -83.549629 2.150000 0.000000 0.000000
1500 10 P -184.867462 -13.820100 -87.978134 2.110000 -1.000000 0.000000
1500 11 S -187.811890 -11.649956 -89.599838 1.800000 0.000000 0.000000
1500 12 C -186.972275 -9.139966 -87.355476 2.150000 0.000000 0.000000
1500 13 P -184.801300 -10.578297 -91.496513 2.110000 -1.000000 0.000000
1500 14 S -185.723114 -7.505480 -93.803848 1.800000 0.000000 0.000000
1500 15 G -185.990067 -4.798624 -91.809555 2.150000 0.000000 0.000000
1500 16 P -181.807007 -6.577188 -93.924538 2.110000 -1.000000 0.000000
1500 17 S -182.505402 -2.679940 -93.402649 1.800000 0.000000 0.000000
1500 18 C -182.491562 -1.892503 -96.876923 2.150000 0.000000 0.000000
1500 19 P -178.835541 -1.703584 -92.304970 2.110000 -1.000000 0.000000
1500 20 S -181.130676 1.264579 -91.353111 1.800000 0.000000 0.000000
1500 21 A -183.815796 0.296971 -89.470490 2.150000 0.000000 0.000000
1500 22 P -179.312546 2.556436 -88.025795 2.110000 -1.000000 0.000000
1500 23 S -182.981598 2.505577 -86.067581 1.800000 0.000000 0.000000
1500 24 A -182.349716 -0.691688 -84.974113 2.150000 0.000000 0.000000
1500 25 P -183.023300 3.182084 -82.237274 2.110000 -1.000000 0.000000
1500 26 S -186.796448 1.705502 -81.835022 1.800000 0.000000 0.000000
1500 27 G -187.926758 -1.369330 -83.079208 2.150000 0.000000 0.000000
1500 28 P -187.146576 1.056067 -78.034004 2.110000 -1.000000 0.000000
1500 29 S -190.303604 -1.108638 -78.504951 1.800000 0.000000 0.000000
1500 30 C -188.663284 -4.263418 -79.280182 2.150000 0.000000 0.000000
1500 31 P -192.236511 -2.458711 -75.376617 2.110000 -1.000000 0.000000
1500 32 S -193.800537 -5.591812 -76.805824 1.800000 0.000000 0.000000
1500 33 C -190.873550 -7.442787 -76.712067 2.150000 0.000000 0.000000
1500 34 P -195.259293 -6.817621 -73.330917 2.110000 -1.000000 0.000000
1500 35 S -195.244415 -10.556064 -74.337257 1.800000 0.000000 0.000000
1500 36 U -192.173920 -11.947009 -75.792877 2.150000 0.000000 0.000000
1500 37 P -194.829773 -12.720162 -70.951714 2.110000 -1.000000 0.000000
2000 1 P -178.412994 -12.935464 -73.736137 2.110000 -1.000000 1.000000
2000 2 S -180.853653 -15.956865 -74.142731 1.800000 0.000000 0.000000
2000 3 G -183.420624 -13.929833 -75.212494 2.150000 0.000000 0.000000
2000 4 P -180.153259 -16.294342 -77.957466 2.110000 -1.000000 0.000000
2000 5 S -183.793015 -16.998241 -79.069931 1.800000 0.000000 0.000000
2000 6 G -184.801529 -13.305328 -79.626274 2.150000 0.000000 0.000000
2000 7 P -183.252655 -16.589050 -82.691978 2.110000 -1.000000 0.000000
2000 8 S -186.354965 -15.064014 -84.529137 1.800000 0.000000 0.000000
2000 9 G -187.091202 -11.822265 -83.657181 2.150000 0.000000 0.000000
2000 10 P -184.895172 -13.802938 -88.085686 2.110000 -1.000000 0.000000
2000 11 S -187.776459 -11.605357 -89.698601 1.800000 0.000000 0.000000
2000 12 C -186.963287 -9.079920 -87.428413 2.150000 0.000000 0.000000
2000 13 P -184.758621 -10.516539 -91.562515 2.110000 -1.000000 0.000000
2000 14 S -185.922272 -7.391936 -93.770744 1.800000 0.000000 0.000000
2000 15 G -186.471985 -6.211394 -90.765175 2.150000 0.000000 0.000000
2000 16 P -182.314941 -5.924805 -93.799187 2.110000 -1.000000 0.000000
2000 17 S -183.098846 -2.219929 -93.081123 1.800000 0.000000 0.000000
2000 18 C -183.895325 -3.652632 -89.934593 2.150000 0.000000 0.000000
2000 19 P -179.650162 -1.186531 -91.807022 2.110000 -1.000000 0.000000
2000 20 S -181.964294 1.746354 -90.772240 1.800000 0.000000 0.000000
2000 21 A -180.380508 4.028524 -92.714935 2.150000 0.000000 0.000000
2000 22 P -179.905212 2.995276 -87.545822 2.110000 -1.000000 0.000000
2000 23 S -183.227570 2.384342 -85.696358 1.800000 0.000000 0.000000
2000 24 A -182.961456 -1.095384 -86.583511 2.150000 0.000000 0.000000
2000 25 P -183.324234 3.231985 -81.984596 2.110000 -1.000000 0.000000
2000 26 S -186.911911 1.768290 -81.937416 1.800000 0.000000 0.000000
2000 27 G -188.042221 -1.306541 -83.181602 2.150000 0.000000 0.000000
2000 28 P -187.124603 1.089506 -78.127068 2.110000 -1.000000 0.000000
2000 29 S -190.268478 -1.197648 -78.414680 1.800000 0.000000 0.000000
2000 30 C -188.628159 -4.352427 -79.189911 2.150000 0.000000 0.000000
2000 31 P -192.178192 -2.392499 -75.253883 2.110000 -1.000000 0.000000
2000 32 S -193.735962 -5.507389 -76.874664 1.800000 0.000000 0.000000
2000 33 C -190.808975 -7.358364 -76.780907 2.150000 0.000000 0.000000
2000 34 P -195.220734 -6.781900 -73.437637 2.110000 -1.000000 0.000000
2000 35 S -195.122650 -10.592525 -74.967232 1.800000 0.000000 0.000000
2000 36 U -192.052155 -11.983471 -76.422852 2.150000 0.000000 0.000000
2000 37 P -195.400406 -13.017643 -71.802620 2.110000 -1.000000 0.000000
2500 1 P -178.344238 -12.515752 -74.287750 2.110000 -1.000000 1.000000
2500 2 S -180.821777 -15.604925 -74.056168 1.800000 0.000000 0.000000
2500 3 G -183.488815 -13.823828 -75.014427 2.150000 0.000000 0.000000
2500 4 P -180.221451 -16.188337 -77.759399 2.110000 -1.000000 0.000000
2500 5 S -183.832489 -16.979395 -79.103477 1.800000 0.000000 0.000000
2500 6 G -184.924820 -13.407987 -79.723549 2.150000 0.000000 0.000000
2500 7 P -183.300079 -16.624588 -82.689667 2.110000 -1.000000 0.000000
2500 8 S -186.378693 -15.090902 -84.494469 1.800000 0.000000 0.000000
2500 9 G -187.114929 -11.849153 -83.622513 2.150000 0.000000 0.000000
2500 10 P -184.918900 -13.829826 -88.051018 2.110000 -1.000000 0.000000
2500 11 S -187.804993 -11.633427 -89.630447 1.800000 0.000000 0.000000
2500 12 C -186.992599 -9.109337 -87.363503 2.150000 0.000000 0.000000
2500 13 P -184.787933 -10.545956 -91.497604 2.110000 -1.000000 0.000000
2500 14 S -186.497910 -7.678209 -93.619621 1.800000 0.000000 0.000000
2500 15 G -186.671616 -5.019302 -91.667717 2.150000 0.000000 0.000000
2500 16 P -182.921097 -6.354543 -93.782227 2.110000 -1.000000 0.000000
2500 17 S -183.196503 -2.505799 -93.311028 1.800000 0.000000 0.000000
2500 18 C -183.593140 -0.577846 -96.163528 2.150000 0.000000 0.000000
2500 19 P -179.662598 -1.229760 -92.603920 2.110000 -1.000000 0.000000
2500 20 S -181.950195 1.728728 -91.560959 1.800000 0.000000 0.000000
2500 21 A -184.271881 0.811303 -89.178497 2.150000 0.000000 0.000000
2500 22 P -179.672211 3.376721 -88.834610 2.110000 -1.000000 0.000000
2500 23 S -182.953735 2.934252 -86.891144 1.800000 0.000000 0.000000
2500 24 A -182.259949 0.044449 -85.331047 2.150000 0.000000 0.000000
2500 25 P -183.479950 3.717991 -83.013245 2.110000 -1.000000 0.000000
2500 26 S -187.027710 2.028991 -82.387817 1.800000 0.000000 0.000000
2500 27 G -188.158020 -1.045840 -83.632004 2.150000 0.000000 0.000000
2500 28 P -187.350449 1.244327 -78.479698 2.110000 -1.000000 0.000000
2500 29 S -190.322342 -1.174214 -78.512077 1.800000 0.000000 0.000000
2500 30 C -188.674957 -4.277651 -79.317207 2.150000 0.000000 0.000000
2500 31 P -192.233719 -2.380347 -75.374916 2.110000 -1.000000 0.000000
2500 32 S -193.827820 -5.493184 -77.142426 1.800000 0.000000 0.000000
2500 33 C -190.900833 -7.344160 -77.048668 2.150000 0.000000 0.000000
2500 34 P -195.320526 -6.780026 -73.897041 2.110000 -1.000000 0.000000
2500 35 S -195.154449 -10.409286 -75.081184 1.800000 0.000000 0.000000
2500 36 U -192.083954 -11.800232 -76.536804 2.150000 0.000000 0.000000
2500 37 P -195.326599 -12.670797 -72.131615 2.110000 -1.000000 0.000000
3000 1 P -178.689728 -12.730751 -73.789101 2.110000 -1.000000 1.000000
3000 2 S -181.022049 -16.007223 -74.100052 1.800000 0.000000 0.000000
3000 3 G -183.826950 -14.613679 -75.031311 2.150000 0.000000 0.000000
3000 4 P -180.222946 -16.230564 -77.890060 2.110000 -1.000000 0.000000
3000 5 S -183.841507 -16.982370 -78.912689 1.800000 0.000000 0.000000
3000 6 G -184.945206 -13.398886 -79.514000 2.150000 0.000000 0.000000
3000 7 P -183.320465 -16.615488 -82.480118 2.110000 -1.000000 0.000000
3000 8 S -186.359543 -15.068658 -84.327827 1.800000 0.000000 0.000000
3000 9 G -187.291458 -11.900863 -83.499405 2.150000 0.000000 0.000000
3000 10 P -184.971573 -13.891327 -87.780907 2.110000 -1.000000 0.000000
3000 11 S -187.871689 -11.689267 -89.449631 1.800000 0.000000 0.000000
3000 12 C -187.045151 -9.113736 -87.340691 2.150000 0.000000 0.000000
3000 13 P -184.840485 -10.550355 -91.474792 2.110000 -1.000000 0.000000
3000 14 S -186.071548 -7.744088 -93.919571 1.800000 0.000000 0.000000
3000 15 G -186.916611 -6.567176 -90.866066 2.150000 0.000000 0.000000
3000 16 P -182.608231 -6.495811 -94.310417 2.110000 -1.000000 0.000000
3000 17 S -182.953201 -2.593655 -93.487564 1.800000 0.000000 0.000000
3000 18 C -184.203323 -3.289594 -90.244057 2.150000 0.000000 0.000000
3000 19 P -179.436890 -1.525961 -92.317604 2.110000 -1.000000 0.000000
3000 20 S -181.716476 1.445236 -91.279999 1.800000 0.000000 0.000000
3000 21 A -180.298080 4.389256 -93.006599 2.150000 0.000000 0.000000
3000 22 P -179.804001 3.053029 -88.134850 2.110000 -1.000000 0.000000
3000 23 S -183.019012 2.609031 -85.886864 1.800000 0.000000 0.000000
3000 24 A -182.169189 -0.776416 -84.725342 2.150000 0.000000 0.000000
3000 25 P -183.352859 3.210575 -82.103462 2.110000 -1.000000 0.000000
3000 26 S -186.932068 1.749930 -81.884094 1.800000 0.000000 0.000000
3000 27 G -188.062378 -1.324901 -83.128281 2.150000 0.000000 0.000000
3000 28 P -187.408783 1.078373 -78.263985 2.110000 -1.000000 0.000000
3000 29 S -190.381714 -1.175461 -78.426186 1.800000 0.000000 0.000000
3000 30 C -188.734329 -4.278897 -79.231316 2.150000 0.000000 0.000000
3000 31 P -192.270020 -2.412964 -75.182709 2.110000 -1.000000 0.000000
3000 32 S -193.960175 -5.631288 -76.807648 1.800000 0.000000 0.000000
3000 33 C -191.033188 -7.482264 -76.713890 2.150000 0.000000 0.000000
3000 34 P -195.635422 -7.423463 -73.647614 2.110000 -1.000000 0.000000
3000 35 S -195.464752 -11.104444 -74.542480 1.800000 0.000000 0.000000
3000 36 U -192.421783 -12.401684 -75.899445 2.150000 0.000000 0.000000
3000 37 P -196.195801 -13.757802 -71.741714 2.110000 -1.000000 0.000000
3500 1 P -178.403580 -12.542258 -74.241333 2.110000 -1.000000 1.000000
3500 2 S -180.839325 -15.750892 -74.100227 1.800000 0.000000 0.000000
3500 3 G -183.743011 -14.514644 -75.252670 2.150000 0.000000 0.000000
3500 4 P -180.139008 -16.131523 -78.111420 2.110000 -1.000000 0.000000
3500 5 S -183.795120 -16.948975 -79.072273 1.800000 0.000000 0.000000
3500 6 G -185.263351 -13.684322 -79.712112 2.150000 0.000000 0.000000
3500 7 P -183.293884 -16.580814 -82.667328 2.110000 -1.000000 0.000000
3500 8 S -186.341568 -15.039606 -84.531868 1.800000 0.000000 0.000000
3500 9 G -187.273483 -11.871811 -83.703445 2.150000 0.000000 0.000000
3500 10 P -184.953598 -13.862275 -87.984947 2.110000 -1.000000 0.000000
3500 11 S -187.825912 -11.635465 -89.572563 1.800000 0.000000 0.000000
3500 12 C -187.019165 -9.094199 -87.353996 2.150000 0.000000 0.000000
3500 13 P -184.814499 -10.530818 -91.488098 2.110000 -1.000000 0.000000
3500 14 S -185.704041 -7.714422 -93.966637 1.800000 0.000000 0.000000
3500 15 G -186.648972 -6.470206 -90.803276 2.150000 0.000000 0.000000
3500 16 P -181.950348 -6.590939 -93.928368 2.110000 -1.000000 0.000000
3500 17 S -182.448227 -2.790795 -93.406120 1.800000 0.000000 0.000000
3500 18 C -183.441010 -2.931300 -90.141441 2.150000 0.000000 0.000000
3500 19 P -178.826035 -1.868956 -91.823952 2.110000 -1.000000 0.000000
3500 20 S -181.105621 1.102240 -90.786346 1.800000 0.000000 0.000000
3500 21 A -180.804626 3.766313 -92.907791 2.150000 0.000000 0.000000
3500 22 P -179.625656 2.729238 -87.703621 2.110000 -1.000000 0.000000
3500 23 S -183.130142 2.405466 -85.998932 1.800000 0.000000 0.000000
3500 24 A -183.197647 -1.028488 -86.220711 2.150000 0.000000 0.000000
3500 25 P -183.244690 3.210609 -82.057129 2.110000 -1.000000 0.000000
3500 26 S -186.931595 1.988120 -82.384811 1.800000 0.000000 0.000000
3500 27 G -188.022385 -1.095192 -83.485359 2.150000 0.000000 0.000000
3500 28 P -187.483765 1.190653 -78.567085 2.110000 -1.000000 0.000000
3500 29 S -190.491257 -1.139629 -78.655327 1.800000 0.000000 0.000000
3500 30 C -188.843872 -4.243064 -79.460457 2.150000 0.000000 0.000000
3500 31 P -192.376434 -2.394282 -75.404488 2.110000 -1.000000 0.000000
3500 32 S -193.948883 -5.591578 -77.036797 1.800000 0.000000 0.000000
3500 33 C -191.021896 -7.442554 -76.943039 2.150000 0.000000 0.000000
3500 34 P -195.555695 -7.325162 -73.861298 2.110000 -1.000000 0.000000
3500 35 S -195.418869 -11.072452 -74.985031 1.800000 0.000000 0.000000
3500 36 U -192.186417 -11.951495 -76.415169 2.150000 0.000000 0.000000
3500 37 P -194.992752 -13.460442 -71.736870 2.110000 -1.000000 0.000000
4000 1 P -178.900742 -11.920567 -72.439331 2.110000 -1.000000 1.000000
4000 2 S -180.728241 -15.099497 -74.122200 1.800000 0.000000 0.000000
4000 3 G -183.767975 -14.562596 -75.128464 2.150000 0.000000 0.000000
4000 4 P -180.163971 -16.179478 -77.987213 2.110000 -1.000000 0.000000
4000 5 S -183.836319 -16.992735 -78.968307 1.800000 0.000000 0.000000
4000 6 G -185.312225 -13.724679 -79.680496 2.150000 0.000000 0.000000
4000 7 P -183.342758 -16.621170 -82.635712 2.110000 -1.000000 0.000000
4000 8 S -186.367462 -15.019116 -84.442055 1.800000 0.000000 0.000000
4000 9 G -187.303970 -11.859832 -83.650002 2.150000 0.000000 0.000000
4000 10 P -184.984085 -13.850296 -87.931503 2.110000 -1.000000 0.000000
4000 11 S -187.857742 -11.620908 -89.532318 1.800000 0.000000 0.000000
4000 12 C -187.000565 -9.087953 -87.290466 2.150000 0.000000 0.000000
4000 13 P -184.795898 -10.524571 -91.424568 2.110000 -1.000000 0.000000
4000 14 S -185.591827 -7.666062 -94.116570 1.800000 0.000000 0.000000
4000 15 G -187.132767 -6.214110 -91.419891 2.150000 0.000000 0.000000
4000 16 P -181.925766 -6.602667 -94.003624 2.110000 -1.000000 0.000000
4000 17 S -182.021378 -2.712468 -93.806503 1.800000 0.000000 0.000000
4000 18 C -182.737396 -1.268703 -96.923080 2.150000 0.000000 0.000000
4000 19 P -178.277588 -1.624113 -92.769043 2.110000 -1.000000 0.000000
4000 20 S -180.553604 1.371126 -91.826530 1.800000 0.000000 0.000000
4000 21 A -182.187744 -0.567191 -89.562508 2.150000 0.000000 0.000000
4000 22 P -179.167648 2.962720 -88.497261 2.110000 -1.000000 0.000000
4000 23 S -182.624939 2.637158 -86.646759 1.800000 0.000000 0.000000
4000 24 A -181.676315 -0.344869 -85.179871 2.150000 0.000000 0.000000
4000 25 P -183.107208 3.506054 -82.703575 2.110000 -1.000000 0.000000
4000 26 S -186.831787 2.056102 -82.456612 1.800000 0.000000 0.000000
4000 27 G -187.922577 -1.027211 -83.557159 2.150000 0.000000 0.000000
4000 28 P -187.318192 1.219273 -78.623779 2.110000 -1.000000 0.000000
4000 29 S -190.418686 -1.041284 -78.782227 1.800000 0.000000 0.000000
4000 30 C -188.842346 -4.090549 -79.680992 2.150000 0.000000 0.000000
4000 31 P -192.273529 -2.333407 -75.556320 2.110000 -1.000000 0.000000
4000 32 S -193.954117 -5.659637 -76.918671 1.800000 0.000000 0.000000
4000 33 C -191.027130 -7.510613 -76.824913 2.150000 0.000000 0.000000
4000 34 P -195.569473 -7.358547 -73.886780 2.110000 -1.000000 0.000000
4000 35 S -195.415466 -11.112601 -75.131607 1.800000 0.000000 0.000000
4000 36 U -192.183014 -11.991645 -76.561745 2.150000 0.000000 0.000000
4000 37 P -195.639130 -13.617981 -72.052666 2.110000 -1.000000 0.000000
4500 1 P -178.493713 -12.792970 -74.593224 2.110000 -1.000000 1.000000
4500 2 S -180.948792 -15.610484 -74.190102 1.800000 0.000000 0.000000
4500 3 G -183.798370 -14.530912 -75.089050 2.150000 0.000000 0.000000
4500 4 P -180.194366 -16.147800 -77.947800 2.110000 -1.000000 0.000000
4500 5 S -183.815643 -16.935198 -79.188759 1.800000 0.000000 0.000000
4500 6 G -185.328018 -13.647240 -79.770096 2.150000 0.000000 0.000000
4500 7 P -183.358551 -16.543737 -82.725311 2.110000 -1.000000 0.000000
4500 8 S -186.361786 -14.955973 -84.477104 1.800000 0.000000 0.000000
4500 9 G -187.305954 -11.835975 -83.704948 2.150000 0.000000 0.000000
4500 10 P -184.986069 -13.826439 -87.986450 2.110000 -1.000000 0.000000
4500 11 S -187.812851 -11.602102 -89.515434 1.800000 0.000000 0.000000
4500 12 C -186.948135 -8.997831 -87.470627 2.150000 0.000000 0.000000
4500 13 P -184.743469 -10.434450 -91.604729 2.110000 -1.000000 0.000000
4500 14 S -186.109131 -7.812170 -93.704536 1.800000 0.000000 0.000000
4500 15 G -187.311737 -6.093975 -90.672958 2.150000 0.000000 0.000000
4500 16 P -181.982269 -7.032756 -92.992508 2.110000 -1.000000 0.000000
4500 17 S -182.379700 -3.124178 -92.618454 1.800000 0.000000 0.000000
4500 18 C -183.251862 -4.401433 -89.621780 2.150000 0.000000 0.000000
4500 19 P -178.590805 -2.146868 -91.725082 2.110000 -1.000000 0.000000
4500 20 S -180.870056 0.849861 -90.782906 1.800000 0.000000 0.000000
4500 21 A -178.290176 1.829093 -93.072342 2.150000 0.000000 0.000000
4500 22 P -179.042450 2.586681 -87.921043 2.110000 -1.000000 0.000000
4500 23 S -182.684387 2.508289 -86.438950 1.800000 0.000000 0.000000
4500 24 A -183.098007 -0.610645 -85.386070 2.150000 0.000000 0.000000
4500 25 P -182.982468 3.423492 -82.618202 2.110000 -1.000000 0.000000
4500 26 S -186.595398 1.928923 -82.089249 1.800000 0.000000 0.000000
4500 27 G -187.836716 -0.943172 -83.623001 2.150000 0.000000 0.000000
4500 28 P -186.899521 1.110443 -78.384315 2.110000 -1.000000 0.000000
4500 29 S -190.080368 -0.986144 -78.714607 1.800000 0.000000 0.000000
4500 30 C -188.504028 -4.035407 -79.613373 2.150000 0.000000 0.000000
4500 31 P -192.276703 -2.217228 -75.738297 2.110000 -1.000000 0.000000
4500 32 S -193.951599 -5.542246 -77.014999 1.800000 0.000000 0.000000
4500 33 C -191.024612 -7.393221 -76.921242 2.150000 0.000000 0.000000
4500 34 P -195.580612 -7.252623 -73.945641 2.110000 -1.000000 0.000000
4500 35 S -195.410706 -10.992357 -75.327286 1.800000 0.000000 0.000000
4500 36 U -192.265411 -11.699216 -75.981438 2.150000 0.000000 0.000000
4500 37 P -195.678558 -12.494137 -71.824905 2.110000 -1.000000 0.000000
5000 1 P -178.571381 -12.301337 -73.935852 2.110000 -1.000000 1.000000
5000 2 S -180.766876 -15.592651 -74.468147 1.800000 0.000000 0.000000
5000 3 G -183.854340 -14.651507 -75.238464 2.150000 0.000000 0.000000
5000 4 P -180.250336 -16.268393 -78.097214 2.110000 -1.000000 0.000000
5000 5 S -183.982483 -17.171402 -78.873810 1.800000 0.000000 0.000000
5000 6 G -185.457275 -13.835976 -79.656509 2.150000 0.000000 0.000000
5000 7 P -183.487808 -16.732470 -82.611725 2.110000 -1.000000 0.000000
5000 8 S -186.443680 -14.991646 -84.439796 1.800000 0.000000 0.000000
5000 9 G -187.374817 -11.900435 -83.552124 2.150000 0.000000 0.000000
5000 10 P -185.054932 -13.890900 -87.833626 2.110000 -1.000000 0.000000
5000 11 S -187.826996 -11.606440 -89.478600 1.800000 0.000000 0.000000
5000 12 C -186.961914 -9.000844 -87.449623 2.150000 0.000000 0.000000
5000 13 P -184.757248 -10.437463 -91.583725 2.110000 -1.000000 0.000000
5000 14 S -186.313126 -7.428404 -93.400703 1.800000 0.000000 0.000000
5000 15 G -187.916260 -4.595699 -91.887192 2.150000 0.000000 0.000000
5000 16 P -182.975494 -5.801887 -94.121346 2.110000 -1.000000 0.000000
5000 17 S -183.239822 -2.058411 -93.267479 1.800000 0.000000 0.000000
5000 18 C -183.806992 -3.486370 -90.007675 2.150000 0.000000 0.000000
5000 19 P -179.631531 -0.982983 -92.561745 2.110000 -1.000000 0.000000
5000 20 S -181.955643 1.986150 -91.574684 1.800000 0.000000 0.000000
5000 21 A -184.025040 0.086053 -89.564384 2.150000 0.000000 0.000000
5000 22 P -179.868317 3.324161 -88.974846 2.110000 -1.000000 0.000000
5000 23 S -182.776337 2.487350 -86.314850 1.800000 0.000000 0.000000
5000 24 A -182.729599 -0.758007 -85.066803 2.150000 0.000000 0.000000
5000 25 P -182.911087 3.331505 -82.521858 2.110000 -1.000000 0.000000
5000 26 S -186.354996 1.798329 -81.838417 1.800000 0.000000 0.000000
5000 27 G -187.596313 -1.073765 -83.372169 2.150000 0.000000 0.000000
5000 28 P -186.858398 0.966668 -78.063934 2.110000 -1.000000 0.000000
5000 29 S -190.055923 -1.201942 -78.344902 1.800000 0.000000 0.000000
5000 30 C -188.479584 -4.251205 -79.243668 2.150000 0.000000 0.000000
5000 31 P -192.182404 -2.514440 -75.227135 2.110000 -1.000000 0.000000
5000 32 S -193.980209 -5.618035 -76.996681 1.800000 0.000000 0.000000
5000 33 C -191.053223 -7.469011 -76.902924 2.150000 0.000000 0.000000
5000 34 P -195.633804 -7.426446 -73.996773 2.110000 -1.000000 0.000000
5000 35 S -195.514236 -11.224689 -75.281853 1.800000 0.000000 0.000000
5000 36 U -192.436813 -12.172116 -74.821739 2.150000 0.000000 0.000000
5000 37 P -196.547165 -12.927868 -71.848068 2.110000 -1.000000 0.000000
5500 1 P -178.336166 -12.625766 -75.273872 2.110000 -1.000000 1.000000
5500 2 S -180.703400 -15.400874 -74.263245 1.800000 0.000000 0.000000
5500 3 G -183.848068 -14.593644 -75.191498 2.150000 0.000000 0.000000
5500 4 P -180.244064 -16.210535 -78.050247 2.110000 -1.000000 0.000000
5500 5 S -183.938339 -17.133106 -78.956848 1.800000 0.000000 0.000000
5500 6 G -185.421738 -13.830904 -79.697815 2.150000 0.000000 0.000000
5500 7 P -183.452271 -16.727402 -82.653030 2.110000 -1.000000 0.000000
5500 8 S -186.415085 -14.988284 -84.468346 1.800000 0.000000 0.000000
5500 9 G -187.338318 -11.877811 -83.616112 2.150000 0.000000 0.000000
5500 10 P -185.018433 -13.868276 -87.897614 2.110000 -1.000000 0.000000
5500 11 S -187.788132 -11.583510 -89.535675 1.800000 0.000000 0.000000
5500 12 C -186.919830 -8.994979 -87.468018 2.150000 0.000000 0.000000
5500 13 P -184.715164 -10.431598 -91.602119 2.110000 -1.000000 0.000000
5500 14 S -186.400192 -7.532933 -93.503456 1.800000 0.000000 0.000000
5500 15 G -186.752167 -5.999494 -90.535133 2.150000 0.000000 0.000000
5500 16 P -182.854172 -6.166245 -93.861420 2.110000 -1.000000 0.000000
5500 17 S -183.489044 -2.215309 -93.371605 1.800000 0.000000 0.000000
5500 18 C -182.383362 -1.816771 -96.717850 2.150000 0.000000 0.000000
5500 19 P -179.847870 -1.146269 -92.323380 2.110000 -1.000000 0.000000
5500 20 S -182.172501 1.823391 -91.336906 1.800000 0.000000 0.000000
5500 21 A -184.045151 -0.464352 -89.487915 2.150000 0.000000 0.000000
5500 22 P -180.135788 3.175325 -88.497253 2.110000 -1.000000 0.000000
5500 23 S -183.252014 2.560807 -86.129166 1.800000 0.000000 0.000000
5500 24 A -182.031723 -0.541406 -85.199974 2.150000 0.000000 0.000000
5500 25 P -183.198471 3.256194 -82.084740 2.110000 -1.000000 0.000000
5500 26 S -186.711761 1.722933 -81.751335 1.800000 0.000000 0.000000
5500 27 G -187.953079 -1.149161 -83.285088 2.150000 0.000000 0.000000
5500 28 P -187.044571 0.854231 -77.869072 2.110000 -1.000000 0.000000
5500 29 S -190.242096 -1.314379 -78.150040 1.800000 0.000000 0.000000
5500 30 C -188.578751 -4.367101 -78.968613 2.150000 0.000000 0.000000
5500 31 P -192.369080 -2.631966 -75.050888 2.110000 -1.000000 0.000000
5500 32 S -193.984283 -5.633924 -77.008484 1.800000 0.000000 0.000000
5500 33 C -191.279861 -7.775991 -76.689613 2.150000 0.000000 0.000000
5500 34 P -195.651093 -7.411927 -73.774620 2.110000 -1.000000 0.000000
5500 35 S -195.512558 -11.253620 -74.648956 1.800000 0.000000 0.000000
5500 36 U -192.304947 -11.793025 -74.636826 2.150000 0.000000 0.000000
5500 37 P -195.750427 -13.261514 -71.228157 2.110000 -1.000000 0.000000
6000 1 P -178.302444 -12.022091 -74.406349 2.110000 -1.000000 1.000000
6000 2 S -180.587204 -15.434092 -74.488243 1.800000 0.000000 0.000000
6000 3 G -183.829147 -14.772176 -75.026733 2.150000 0.000000 0.000000
6000 4 P -180.133423 -16.152334 -78.093452 2.110000 -1.000000 0.000000
6000 5 S -183.885864 -17.115433 -78.880516 1.800000 0.000000 0.000000
6000 6 G -185.367279 -13.847011 -79.518684 2.150000 0.000000 0.000000
6000 7 P -183.397812 -16.743507 -82.473900 2.110000 -1.000000 0.000000
6000 8 S -186.422958 -15.020159 -84.458061 1.800000 0.000000 0.000000
6000 9 G -187.324493 -11.903173 -83.535049 2.150000 0.000000 0.000000
6000 10 P -185.004608 -13.893638 -87.816551 2.110000 -1.000000 0.000000
6000 11 S -187.778320 -11.601373 -89.500221 1.800000 0.000000 0.000000
6000 12 C -186.912201 -9.004462 -87.437752 2.150000 0.000000 0.000000
6000 13 P -184.707535 -10.441081 -91.571854 2.110000 -1.000000 0.000000
6000 14 S -186.441391 -7.163604 -93.537453 1.800000 0.000000 0.000000
6000 15 G -186.910690 -5.223670 -90.491234 2.150000 0.000000 0.000000
6000 16 P -183.087448 -6.019720 -94.233498 2.110000 -1.000000 0.000000
6000 17 S -183.632339 -2.184377 -93.503517 1.800000 0.000000 0.000000
6000 18 C -184.338486 -1.020241 -96.549988 2.150000 0.000000 0.000000
6000 19 P -179.955734 -1.003424 -92.803535 2.110000 -1.000000 0.000000
6000 20 S -182.280365 1.966235 -91.817062 1.800000 0.000000 0.000000
6000 21 A -183.255615 -0.865572 -90.113571 2.150000 0.000000 0.000000
6000 22 P -180.072205 2.855217 -88.701172 2.110000 -1.000000 0.000000
6000 23 S -182.981964 2.453563 -86.006256 1.800000 0.000000 0.000000
6000 24 A -182.861847 -0.929547 -86.244751 2.150000 0.000000 0.000000
6000 25 P -183.142731 3.172056 -82.099655 2.110000 -1.000000 0.000000
6000 26 S -186.683258 1.549449 -81.420135 1.800000 0.000000 0.000000
6000 27 G -187.924576 -1.322645 -82.953888 2.150000 0.000000 0.000000
6000 28 P -186.954590 0.715391 -77.643646 2.110000 -1.000000 0.000000
6000 29 S -190.277786 -1.338761 -78.133881 1.800000 0.000000 0.000000
6000 30 C -188.614441 -4.391485 -78.952454 2.150000 0.000000 0.000000
6000 31 P -192.351288 -2.596241 -75.020180 2.110000 -1.000000 0.000000
6000 32 S -194.051514 -5.707637 -76.888145 1.800000 0.000000 0.000000
6000 33 C -191.347092 -7.849705 -76.569275 2.150000 0.000000 0.000000
6000 34 P -195.647156 -7.428512 -73.797462 2.110000 -1.000000 0.000000
6000 35 S -195.433868 -11.338070 -73.990570 1.800000 0.000000 0.000000
6000 36 U -192.226257 -11.877475 -73.978439 2.150000 0.000000 0.000000
6000 37 P -196.215012 -12.050932 -70.572014 2.110000 -1.000000 0.000000
6500 1 P -178.431580 -13.008872 -73.679939 2.110000 -1.000000 1.000000
6500 2 S -180.830154 -16.110619 -74.118568 1.800000 0.000000 0.000000
6500 3 G -183.787857 -14.533160 -75.018227 2.150000 0.000000 0.000000
6500 4 P -180.210602 -16.340313 -77.887802 2.110000 -1.000000 0.000000
6500 5 S -183.911346 -17.127991 -78.888840 1.800000 0.000000 0.000000
6500 6 G -185.360580 -13.863110 -79.493919 2.150000 0.000000 0.000000
6500 7 P -183.361282 -16.775331 -82.546028 2.110000 -1.000000 0.000000
6500 8 S -186.422424 -15.089726 -84.289268 1.800000 0.000000 0.000000
6500 9 G -187.350845 -12.000547 -83.410255 2.150000 0.000000 0.000000
6500 10 P -185.030960 -13.991012 -87.691757 2.110000 -1.000000 0.000000
6500 11 S -187.807098 -11.666611 -89.439713 1.800000 0.000000 0.000000
6500 12 C -187.030243 -9.172903 -87.205711 2.150000 0.000000 0.000000
6500 13 P -184.698624 -10.489159 -91.524376 2.110000 -1.000000 0.000000
6500 14 S -186.228958 -7.293834 -93.385643 1.800000 0.000000 0.000000
6500 15 G -186.334473 -6.147288 -90.092155 2.150000 0.000000 0.000000
6500 16 P -182.577789 -6.326185 -93.738571 2.110000 -1.000000 0.000000
6500 17 S -183.693771 -2.452754 -93.041885 1.800000 0.000000 0.000000
6500 18 C -183.927582 -1.251088 -96.285744 2.150000 0.000000 0.000000
6500 19 P -179.895340 -1.334568 -92.285332 2.110000 -1.000000 0.000000
6500 20 S -182.219971 1.635092 -91.298859 1.800000 0.000000 0.000000
6500 21 A -184.302765 -0.622123 -89.945229 2.150000 0.000000 0.000000
6500 22 P -180.277908 2.530211 -88.101128 2.110000 -1.000000 0.000000
6500 23 S -183.481079 2.309359 -85.796257 1.800000 0.000000 0.000000
6500 24 A -183.966263 -1.297427 -85.468346 2.150000 0.000000 0.000000
6500 25 P -183.168427 3.110041 -82.087158 2.110000 -1.000000 0.000000
6500 26 S -186.865921 1.628047 -81.675949 1.800000 0.000000 0.000000
6500 27 G -188.107239 -1.244048 -83.209702 2.150000 0.000000 0.000000
6500 28 P -187.029663 0.703214 -77.660744 2.110000 -1.000000 0.000000
6500 29 S -190.317307 -1.425832 -78.035980 1.800000 0.000000 0.000000
6500 30 C -188.653961 -4.478556 -78.854553 2.150000 0.000000 0.000000
6500 31 P -192.393707 -2.635980 -75.079597 2.110000 -1.000000 0.000000
6500 32 S -194.000351 -5.673265 -76.949768 1.800000 0.000000 0.000000
6500 33 C -191.295929 -7.815332 -76.630898 2.150000 0.000000 0.000000
6500 34 P -195.771133 -7.527071 -74.120338 2.110000 -1.000000 0.000000
6500 35 S -195.530380 -11.409771 -74.399948 1.800000 0.000000 0.000000
6500 36 U -192.253494 -11.925885 -74.018250 2.150000 0.000000 0.000000
6500 37 P -196.962555 -11.982653 -70.904434 2.110000 -1.000000 0.000000
7000 1 P -178.335083 -12.867890 -74.256409 2.110000 -1.000000 1.000000
7000 2 S -180.754013 -15.909041 -74.294449 1.800000 0.000000 0.000000
7000 3 G -183.768143 -14.543854 -75.118301 2.150000 0.000000 0.000000
7000 4 P -180.190887 -16.351007 -77.987877 2.110000 -1.000000 0.000000
7000 5 S -183.904678 -17.184866 -78.782082 1.800000 0.000000 0.000000
7000 6 G -185.397186 -13.906801 -79.488838 2.150000 0.000000 0.000000
7000 7 P -183.397888 -16.819025 -82.540947 2.110000 -1.000000 0.000000
7000 8 S -186.469772 -15.133740 -84.231674 1.800000 0.000000 0.000000
7000 9 G -187.377625 -12.007840 -83.370163 2.150000 0.000000 0.000000
7000 10 P -185.057739 -13.998304 -87.651665 2.110000 -1.000000 0.000000
7000 11 S -187.833878 -11.673903 -89.399620 1.800000 0.000000 0.000000
7000 12 C -187.035965 -9.198071 -87.102051 2.150000 0.000000 0.000000
7000 13 P -184.704346 -10.514326 -91.420715 2.110000 -1.000000 0.000000
7000 14 S -186.082855 -7.493335 -93.178917 1.800000 0.000000 0.000000
7000 15 G -186.490036 -5.022178 -90.727760 2.150000 0.000000 0.000000
7000 16 P -182.494110 -6.442304 -93.968903 2.110000 -1.000000 0.000000
7000 17 S -182.372269 -2.494890 -93.243980 1.800000 0.000000 0.000000
7000 18 C -181.935684 -2.758386 -96.670349 2.150000 0.000000 0.000000
7000 19 P -178.596436 -1.419287 -92.300987 2.110000 -1.000000 0.000000
7000 20 S -180.921066 1.550373 -91.314514 1.800000 0.000000 0.000000
7000 21 A -183.260391 -0.126484 -89.521179 2.150000 0.000000 0.000000
7000 22 P -179.115204 2.596214 -88.241539 2.110000 -1.000000 0.000000
7000 23 S -182.311035 2.395700 -85.796127 1.800000 0.000000 0.000000
7000 24 A -182.134521 -1.168501 -85.133606 2.150000 0.000000 0.000000
7000 25 P -183.093582 3.072861 -81.825134 2.110000 -1.000000 0.000000
7000 26 S -186.757416 1.638329 -81.594009 1.800000 0.000000 0.000000
7000 27 G -187.998734 -1.233765 -83.127762 2.150000 0.000000 0.000000
7000 28 P -187.021347 0.784628 -77.881500 2.110000 -1.000000 0.000000
7000 29 S -190.121201 -1.382542 -78.034065 1.800000 0.000000 0.000000
7000 30 C -188.457855 -4.435266 -78.852638 2.150000 0.000000 0.000000
7000 31 P -192.191086 -2.770535 -74.900017 2.110000 -1.000000 0.000000
7000 32 S -193.993271 -5.721071 -76.885834 1.800000 0.000000 0.000000
7000 33 C -191.135239 -7.783580 -76.342628 2.150000 0.000000 0.000000
7000 34 P -195.714828 -7.547034 -73.856133 2.110000 -1.000000 0.000000
7000 35 S -195.474319 -11.443033 -74.571198 1.800000 0.000000 0.000000
7000 36 U -192.168182 -11.768297 -73.941399 2.150000 0.000000 0.000000
7000 37 P -196.716827 -12.747051 -71.055840 2.110000 -1.000000 0.000000
7500 1 P -178.376556 -12.643041 -75.193001 2.110000 -1.000000 1.000000
7500 2 S -180.763596 -15.613182 -74.424187 1.800000 0.000000 0.000000
7500 3 G -183.779846 -14.226534 -75.293861 2.150000 0.000000 0.000000
7500 4 P -180.320999 -16.247149 -78.255890 2.110000 -1.000000 0.000000
7500 5 S -184.078537 -17.178169 -79.226204 1.800000 0.000000 0.000000
7500 6 G -185.452652 -13.861835 -79.652039 2.150000 0.000000 0.000000
7500 7 P -183.453354 -16.774065 -82.704147 2.110000 -1.000000 0.000000
7500 8 S -186.537125 -15.123621 -84.350433 1.800000 0.000000 0.000000
7500 9 G -187.463562 -11.982690 -83.480606 2.150000 0.000000 0.000000
7500 10 P -185.143677 -13.973154 -87.762108 2.110000 -1.000000 0.000000
7500 11 S -187.917847 -11.647167 -89.490761 1.800000 0.000000 0.000000
7500 12 C -187.118439 -9.168104 -87.233482 2.150000 0.000000 0.000000
7500 13 P -184.786819 -10.484360 -91.552147 2.110000 -1.000000 0.000000
7500 14 S -185.938538 -7.524652 -93.687119 1.800000 0.000000 0.000000
7500 15 G -186.388107 -5.292356 -91.009918 2.150000 0.000000 0.000000
7500 16 P -182.247635 -6.548707 -94.136246 2.110000 -1.000000 0.000000
7500 17 S -182.543533 -2.654324 -93.566200 1.800000 0.000000 0.000000
7500 18 C -182.522675 -1.352991 -96.780869 2.150000 0.000000 0.000000
7500 19 P -178.552612 -1.687303 -92.767883 2.110000 -1.000000 0.000000
7500 20 S -180.901474 1.298258 -91.797478 1.800000 0.000000 0.000000
7500 21 A -182.325195 -1.481442 -89.925842 2.150000 0.000000 0.000000
7500 22 P -179.709183 2.258357 -88.098946 2.110000 -1.000000 0.000000
7500 23 S -182.929367 2.113231 -85.896500 1.800000 0.000000 0.000000
7500 24 A -183.098389 -1.191735 -84.881607 2.150000 0.000000 0.000000
7500 25 P -183.061157 3.010993 -82.173622 2.110000 -1.000000 0.000000
7500 26 S -186.699020 1.703191 -81.827316 1.800000 0.000000 0.000000
7500 27 G -187.940338 -1.168903 -83.361069 2.150000 0.000000 0.000000
7500 28 P -187.196884 0.792896 -77.991821 2.110000 -1.000000 0.000000
7500 29 S -190.342346 -1.226344 -78.376549 1.800000 0.000000 0.000000
7500 30 C -188.679001 -4.279067 -79.195122 2.150000 0.000000 0.000000
7500 31 P -192.472397 -2.611600 -75.353920 2.110000 -1.000000 0.000000
7500 32 S -194.026749 -5.644730 -77.075432 1.800000 0.000000 0.000000
7500 33 C -191.168716 -7.707239 -76.532227 2.150000 0.000000 0.000000
7500 34 P -195.750137 -7.444073 -74.108833 2.110000 -1.000000 0.000000
7500 35 S -195.571426 -11.242833 -74.942558 1.800000 0.000000 0.000000
7500 36 U -192.265289 -11.568097 -74.312759 2.150000 0.000000 0.000000
7500 37 P -196.021133 -12.842935 -71.201378 2.110000 -1.000000 0.000000
8000 1 P -178.264267 -13.083697 -74.464157 2.110000 -1.000000 1.000000
8000 2 S -180.952774 -16.018040 -74.576439 1.800000 0.000000 0.000000
8000 3 G -183.757019 -14.193433 -75.348000 2.150000 0.000000 0.000000
8000 4 P -180.298172 -16.214046 -78.310028 2.110000 -1.000000 0.000000
8000 5 S -184.104080 -17.145876 -79.442734 1.800000 0.000000 0.000000
8000 6 G -185.445114 -13.802958 -79.809372 2.150000 0.000000 0.000000
8000 7 P -183.529297 -16.765478 -82.977272 2.110000 -1.000000 0.000000
8000 8 S -186.587173 -15.073032 -84.617813 1.800000 0.000000 0.000000
8000 9 G -187.481094 -11.963742 -83.665367 2.150000 0.000000 0.000000
8000 10 P -185.161209 -13.954206 -87.946869 2.110000 -1.000000 0.000000
8000 11 S -187.941956 -11.671905 -89.561470 1.800000 0.000000 0.000000
8000 12 C -187.149292 -9.210773 -87.287537 2.150000 0.000000 0.000000
8000 13 P -184.817673 -10.527028 -91.606201 2.110000 -1.000000 0.000000
8000 14 S -185.753174 -7.338507 -93.681229 1.800000 0.000000 0.000000
8000 15 G -187.077011 -4.846622 -91.542534 2.150000 0.000000 0.000000
8000 16 P -181.967941 -6.296323 -94.093285 2.110000 -1.000000 0.000000
8000 17 S -182.782562 -2.572945 -93.551338 1.800000 0.000000 0.000000
8000 18 C -181.894562 -2.883371 -90.322304 2.150000 0.000000 0.000000
8000 19 P -179.134567 -1.136753 -93.394257 2.110000 -1.000000 0.000000
8000 20 S -181.470428 1.913484 -92.522766 1.800000 0.000000 0.000000
8000 21 A -184.610809 0.198682 -91.444168 2.150000 0.000000 0.000000
8000 22 P -180.377777 2.684273 -88.805481 2.110000 -1.000000 0.000000
8000 23 S -183.693024 2.493168 -86.698868 1.800000 0.000000 0.000000
8000 24 A -184.289276 -1.093534 -87.557144 2.150000 0.000000 0.000000
8000 25 P -183.701370 3.404628 -82.746658 2.110000 -1.000000 0.000000
8000 26 S -187.066956 1.653257 -81.879646 1.800000 0.000000 0.000000
8000 27 G -188.308273 -1.218837 -83.413399 2.150000 0.000000 0.000000
8000 28 P -187.135300 0.749682 -77.999908 2.110000 -1.000000 0.000000
8000 29 S -190.334839 -1.268726 -78.457977 1.800000 0.000000 0.000000
8000 30 C -188.671494 -4.321448 -79.276550 2.150000 0.000000 0.000000
8000 31 P -192.462219 -2.631668 -75.416977 2.110000 -1.000000 0.000000
8000 32 S -194.001877 -5.541596 -77.380211 1.800000 0.000000 0.000000
8000 33 C -191.143845 -7.604105 -76.837006 2.150000 0.000000 0.000000
8000 34 P -195.595184 -7.137355 -74.287704 2.110000 -1.000000 0.000000
8000 35 S -195.421097 -10.876681 -74.960892 1.800000 0.000000 0.000000
8000 36 U -192.114960 -11.201945 -74.331093 2.150000 0.000000 0.000000
8000 37 P -196.302979 -12.580644 -71.662010 2.110000 -1.000000 0.000000
8500 1 P -178.365723 -12.664178 -73.741135 2.110000 -1.000000 1.000000
8500 2 S -180.938782 -15.795853 -74.305023 1.800000 0.000000 0.000000
8500 3 G -183.803558 -14.104712 -75.337669 2.150000 0.000000 0.000000
8500 4 P -180.344711 -16.125322 -78.299698 2.110000 -1.000000 0.000000
8500 5 S -184.057800 -17.067358 -79.234596 1.800000 0.000000 0.000000
8500 6 G -185.439728 -13.705319 -79.868988 2.150000 0.000000 0.000000
8500 7 P -183.523911 -16.667837 -83.036888 2.110000 -1.000000 0.000000
8500 8 S -186.560455 -14.976239 -84.637466 1.800000 0.000000 0.000000
8500 9 G -187.440842 -11.891622 -83.781929 2.150000 0.000000 0.000000
8500 10 P -185.120956 -13.882086 -88.063431 2.110000 -1.000000 0.000000
8500 11 S -187.939301 -11.600401 -89.720612 1.800000 0.000000 0.000000
8500 12 C -187.146973 -9.149250 -87.451431 2.150000 0.000000 0.000000
8500 13 P -184.815353 -10.465506 -91.770096 2.110000 -1.000000 0.000000
8500 14 S -186.365845 -7.251723 -93.429749 1.800000 0.000000 0.000000
8500 15 G -187.186264 -5.093177 -90.480591 2.150000 0.000000 0.000000
8500 16 P -182.669479 -6.243904 -94.266060 2.110000 -1.000000 0.000000
8500 17 S -183.502930 -2.323128 -93.411720 1.800000 0.000000 0.000000
8500 18 C -183.646744 -2.032900 -96.891953 2.150000 0.000000 0.000000
8500 19 P -179.849045 -0.919282 -92.943283 2.110000 -1.000000 0.000000
8500 20 S -182.196228 2.132817 -92.075279 1.800000 0.000000 0.000000
8500 21 A -184.739136 0.435048 -90.654938 2.150000 0.000000 0.000000
8500 22 P -180.159134 3.040734 -89.084801 2.110000 -1.000000 0.000000
8500 23 S -183.379150 2.910210 -86.631447 1.800000 0.000000 0.000000
8500 24 A -184.144989 -0.299097 -86.409836 2.150000 0.000000 0.000000
8500 25 P -183.690155 3.484861 -82.732910 2.110000 -1.000000 0.000000
8500 26 S -187.172791 1.673389 -81.985207 1.800000 0.000000 0.000000
8500 27 G -188.414108 -1.198705 -83.518959 2.150000 0.000000 0.000000
8500 28 P -186.879684 0.921467 -78.327438 2.110000 -1.000000 0.000000
8500 29 S -190.293991 -1.183284 -78.552963 1.800000 0.000000 0.000000
8500 30 C -188.630646 -4.236006 -79.371536 2.150000 0.000000 0.000000
8500 31 P -192.372116 -2.494156 -75.452759 2.110000 -1.000000 0.000000
8500 32 S -193.934891 -5.382464 -77.382629 1.800000 0.000000 0.000000
8500 33 C -191.076859 -7.444973 -76.839424 2.150000 0.000000 0.000000
8500 34 P -195.555191 -6.860817 -74.173820 2.110000 -1.000000 0.000000
8500 35 S -195.434387 -10.611617 -74.989647 1.800000 0.000000 0.000000
8500 36 U -192.188782 -11.308578 -74.185814 2.150000 0.000000 0.000000
8500 37 P -196.594940 -10.386714 -71.185486 2.110000 -1.000000 0.000000
9000 1 P -178.467697 -12.757930 -74.212143 2.110000 -1.000000 1.000000
9000 2 S -180.885498 -15.843501 -74.704475 1.800000 0.000000 0.000000
9000 3 G -183.806061 -14.312613 -75.434280 2.150000 0.000000 0.000000
9000 4 P -180.347214 -16.333225 -78.396309 2.110000 -1.000000 0.000000
9000 5 S -184.031219 -17.105110 -79.341782 1.800000 0.000000 0.000000
9000 6 G -185.409622 -13.779506 -79.762512 2.150000 0.000000 0.000000
9000 7 P -183.493805 -16.742027 -82.930412 2.110000 -1.000000 0.000000
9000 8 S -186.523788 -14.980622 -84.658257 1.800000 0.000000 0.000000
9000 9 G -187.429855 -11.893589 -83.754921 2.150000 0.000000 0.000000
9000 10 P -185.109970 -13.884053 -88.036423 2.110000 -1.000000 0.000000
9000 11 S -187.924698 -11.607736 -89.688210 1.800000 0.000000 0.000000
9000 12 C -187.144150 -9.152805 -87.460083 2.150000 0.000000 0.000000
9000 13 P -184.812531 -10.469061 -91.778748 2.110000 -1.000000 0.000000
9000 14 S -186.839340 -7.234923 -93.384857 1.800000 0.000000 0.000000
9000 15 G -186.721268 -5.749051 -90.344757 2.150000 0.000000 0.000000
9000 16 P -183.450577 -5.894885 -94.479355 2.110000 -1.000000 0.000000
9000 17 S -184.413895 -2.130291 -93.595711 1.800000 0.000000 0.000000
9000 18 C -184.524231 -1.340770 -97.113907 2.150000 0.000000 0.000000
9000 19 P -180.780273 -0.824180 -93.124405 2.110000 -1.000000 0.000000
9000 20 S -183.133881 2.225786 -92.272545 1.800000 0.000000 0.000000
9000 21 A -186.156586 0.572421 -91.567200 2.150000 0.000000 0.000000
9000 22 P -180.952652 3.041756 -89.126595 2.110000 -1.000000 0.000000
9000 23 S -183.843048 2.575638 -86.389183 1.800000 0.000000 0.000000
9000 24 A -184.137802 -0.890771 -86.798309 2.150000 0.000000 0.000000
9000 25 P -183.460403 3.303478 -82.550049 2.110000 -1.000000 0.000000
9000 26 S -186.915527 1.602316 -81.782539 1.800000 0.000000 0.000000
9000 27 G -188.156845 -1.269778 -83.316292 2.150000 0.000000 0.000000
9000 28 P -187.197037 0.816857 -78.059219 2.110000 -1.000000 0.000000
9000 29 S -190.270554 -1.238462 -78.454628 1.800000 0.000000 0.000000
9000 30 C -188.607208 -4.291185 -79.273201 2.150000 0.000000 0.000000
9000 31 P -192.326645 -2.541738 -75.391212 2.110000 -1.000000 0.000000
9000 32 S -193.894272 -5.447412 -77.245705 1.800000 0.000000 0.000000
9000 33 C -191.036240 -7.509921 -76.702499 2.150000 0.000000 0.000000
9000 34 P -195.518372 -6.949694 -74.103355 2.110000 -1.000000 0.000000
9000 35 S -195.408310 -10.677093 -75.022354 1.800000 0.000000 0.000000
9000 36 U -192.162704 -11.374053 -74.218521 2.150000 0.000000 0.000000
9000 37 P -196.674149 -11.602806 -71.579010 2.110000 -1.000000 0.000000
9500 1 P -178.376144 -13.019266 -74.072144 2.110000 -1.000000 1.000000
9500 2 S -180.888153 -15.859000 -74.364059 1.800000 0.000000 0.000000
9500 3 G -183.792679 -14.315573 -75.314774 2.150000 0.000000 0.000000
9500 4 P -180.333832 -16.336189 -78.276802 2.110000 -1.000000 0.000000
9500 5 S -184.053329 -17.101780 -79.359245 1.800000 0.000000 0.000000
9500 6 G -185.413605 -13.800087 -79.871033 2.150000 0.000000 0.000000
9500 7 P -183.497787 -16.762611 -83.038933 2.110000 -1.000000 0.000000
9500 8 S -186.531311 -14.958613 -84.818794 1.800000 0.000000 0.000000
9500 9 G -187.422501 -11.908622 -83.802399 2.150000 0.000000 0.000000
9500 10 P -185.096878 -13.902596 -88.092621 2.110000 -1.000000 0.000000
9500 11 S -187.911560 -11.626027 -89.719872 1.800000 0.000000 0.000000
9500 12 C -187.113510 -9.148668 -87.510529 2.150000 0.000000 0.000000
9500 13 P -184.781891 -10.464924 -91.829193 2.110000 -1.000000 0.000000
9500 14 S -186.341644 -7.484865 -93.766342 1.800000 0.000000 0.000000
9500 15 G -186.523651 -6.022453 -90.649895 2.150000 0.000000 0.000000
9500 16 P -182.739456 -6.477391 -94.361954 2.110000 -1.000000 0.000000
9500 17 S -183.108566 -2.712989 -93.580223 1.800000 0.000000 0.000000
9500 18 C -183.210785 -1.865600 -97.006310 2.150000 0.000000 0.000000
9500 19 P -179.439163 -1.488545 -93.038734 2.110000 -1.000000 0.000000
9500 20 S -181.779755 1.564455 -92.153114 1.800000 0.000000 0.000000
9500 21 A -184.491852 0.162226 -90.487022 2.150000 0.000000 0.000000
9500 22 P -179.963089 2.770819 -88.929382 2.110000 -1.000000 0.000000
9500 23 S -183.066345 2.638196 -86.670898 1.800000 0.000000 0.000000
9500 24 A -184.090591 -0.804144 -86.223160 2.150000 0.000000 0.000000
9500 25 P -183.495529 3.460362 -82.863350 2.110000 -1.000000 0.000000
9500 26 S -186.865585 1.709356 -82.003952 1.800000 0.000000 0.000000
9500 27 G -188.106903 -1.162738 -83.537704 2.150000 0.000000 0.000000
9500 28 P -186.908417 0.841636 -78.127785 2.110000 -1.000000 0.000000
9500 29 S -190.139893 -1.213401 -78.507080 1.800000 0.000000 0.000000
9500 30 C -188.476547 -4.266125 -79.325653 2.150000 0.000000 0.000000
9500 31 P -192.242020 -2.529305 -75.374504 2.110000 -1.000000 0.000000
9500 32 S -193.866486 -5.447127 -77.313477 1.800000 0.000000 0.000000
9500 33 C -191.008453 -7.509636 -76.770271 2.150000 0.000000 0.000000
9500 34 P -195.569595 -7.103935 -74.178741 2.110000 -1.000000 0.000000
9500 35 S -195.459839 -10.866010 -74.854294 1.800000 0.000000 0.000000
9500 36 U -192.214233 -11.562970 -74.050461 2.150000 0.000000 0.000000
9500 37 P -196.752197 -13.385121 -72.121117 2.110000 -1.000000 0.000000
10000 1 P -178.737274 -13.128613 -72.911224 2.110000 -1.000000 1.000000
10000 2 S -180.995621 -15.818579 -74.564484 1.800000 0.000000 0.000000
10000 3 G -183.898529 -14.134519 -75.299980 2.150000 0.000000 0.000000
10000 4 P -180.439682 -16.155136 -78.262009 2.110000 -1.000000 0.000000
10000 5 S -184.253525 -16.996271 -79.263290 1.800000 0.000000 0.000000
10000 6 G -185.464890 -13.738907 -79.668236 2.150000 0.000000 0.000000
10000 7 P -183.549072 -16.701433 -82.836136 2.110000 -1.000000 0.000000
10000 8 S -186.656830 -15.024641 -84.723984 1.800000 0.000000 0.000000
10000 9 G -187.489044 -11.879083 -83.797081 2.150000 0.000000 0.000000
10000 10 P -185.163422 -13.873056 -88.087303 2.110000 -1.000000 0.000000
10000 11 S -187.978104 -11.596488 -89.714554 1.800000 0.000000 0.000000
10000 12 C -187.178696 -9.155777 -87.488358 2.150000 0.000000 0.000000
10000 13 P -184.847076 -10.472033 -91.807022 2.110000 -1.000000 0.000000
10000 14 S -186.146271 -7.358364 -93.836403 1.800000 0.000000 0.000000
10000 15 G -187.853043 -4.971560 -91.551720 2.150000 0.000000 0.000000
10000 16 P -182.417801 -6.105491 -94.452423 2.110000 -1.000000 0.000000
10000 17 S -183.443466 -2.358236 -93.558556 1.800000 0.000000 0.000000
10000 18 C -183.340820 -4.341928 -90.785637 2.150000 0.000000 0.000000
10000 19 P -179.809875 -0.988389 -93.352180 2.110000 -1.000000 0.000000
10000 20 S -182.155197 2.063069 -92.466949 1.800000 0.000000 0.000000
10000 21 A -184.075668 -0.221184 -90.549072 2.150000 0.000000 0.000000
10000 22 P -180.605057 3.164039 -89.108330 2.110000 -1.000000 0.000000
10000 23 S -183.656021 2.651537 -86.570526 1.800000 0.000000 0.000000
10000 24 A -182.505646 -0.591306 -85.808411 2.150000 0.000000 0.000000
10000 25 P -183.372818 3.563570 -82.941750 2.110000 -1.000000 0.000000
10000 26 S -186.650253 1.752551 -81.957573 1.800000 0.000000 0.000000
10000 27 G -187.891571 -1.119544 -83.491325 2.150000 0.000000 0.000000
10000 28 P -186.716293 0.875107 -78.095634 2.110000 -1.000000 0.000000
10000 29 S -190.036758 -1.274127 -78.229149 1.800000 0.000000 0.000000
10000 30 C -188.373413 -4.326851 -79.047722 2.150000 0.000000 0.000000
10000 31 P -192.177597 -2.500187 -75.263153 2.110000 -1.000000 0.000000
10000 32 S -193.749451 -5.386375 -77.231392 1.800000 0.000000 0.000000
10000 33 C -190.891418 -7.448884 -76.688187 2.150000 0.000000 0.000000
10000 34 P -195.495972 -7.145552 -74.223656 2.110000 -1.000000 0.000000
10000 35 S -195.449005 -11.051044 -74.978256 1.800000 0.000000 0.000000
10000 36 U -192.203400 -11.748004 -74.174423 2.150000 0.000000 0.000000
10000 37 P -197.219238 -12.587942 -71.678741 2.110000 -1.000000 0.000000
