500 1 P -179.055725 -15.145714 -71.526482 2.110000 -1.000000 1.000000
500 2 S -181.892563 -17.239910 -73.007309 1.800000 0.000000 0.000000
500 3 G -184.179169 -14.861116 -72.126221 2.150000 0.000000 0.000000
500 4 P -180.782715 -17.119656 -76.749207 2.110000 -1.000000 0.000000
500 5 S -184.268326 -17.290388 -78.552498 1.800000 0.000000 0.000000
500 6 G -184.788757 -13.533226 -78.304230 2.150000 0.000000 0.000000
500 7 P -183.674606 -16.830290 -82.286888 2.110000 -1.000000 0.000000
500 8 S -186.642792 -15.288779 -84.017365 1.800000 0.000000 0.000000
500 9 G -187.489807 -12.171391 -82.906319 2.150000 0.000000 0.000000
500 10 P -185.023682 -13.903737 -87.625954 2.110000 -1.000000 0.000000
500 11 S -187.840866 -11.884639 -88.998466 1.800000 0.000000 0.000000
500 12 C -187.000320 -9.287812 -86.904373 2.150000 0.000000 0.000000
500 13 P -184.829346 -10.726143 -91.045410 2.110000 -1.000000 0.000000
500 14 S -185.729843 -7.713780 -93.255203 1.800000 0.000000 0.000000
500 15 G -186.323257 -5.911777 -90.324051 2.150000 0.000000 0.000000
500 16 P -181.807632 -6.956444 -92.853790 2.110000 -1.000000 0.000000
500 17 S -182.084717 -3.096549 -92.523415 1.800000 0.000000 0.000000
500 18 C -183.974442 -2.942261 -89.466026 2.150000 0.000000 0.000000
500 19 P -178.662003 -2.309815 -91.239784 2.110000 -1.000000 0.000000
500 20 S -180.949524 0.665259 -90.289093 1.800000 0.000000 0.000000
500 21 A -180.088730 2.657865 -93.280037 2.150000 0.000000 0.000000
500 22 P -179.320145 2.193105 -87.093124 2.110000 -1.000000 0.000000
500 23 S -183.025574 2.224840 -85.538734 1.800000 0.000000 0.000000
500 24 A -183.409622 -0.863781 -84.156166 2.150000 0.000000 0.000000
500 25 P -183.496368 3.113773 -81.698792 2.110000 -1.000000 0.000000
500 26 S -187.142563 1.583329 -81.429222 1.800000 0.000000 0.000000
500 27 G -188.151001 -1.271444 -83.096588 2.150000 0.000000 0.000000
500 28 P -187.574982 0.937704 -77.577728 2.110000 -1.000000 0.000000
500 29 S -190.569351 -1.268794 -78.295853 1.800000 0.000000 0.000000
500 30 C -188.603333 -4.285404 -79.043335 2.150000 0.000000 0.000000
500 31 P -192.340866 -2.448808 -74.995644 2.110000 -1.000000 0.000000
500 32 S -193.898361 -5.510761 -76.740082 1.800000 0.000000 0.000000
500 33 C -191.101624 -7.456448 -76.810837 2.150000 0.000000 0.000000
500 34 P -195.335754 -6.993510 -73.527779 2.110000 -1.000000 0.000000
500 35 S -195.328873 -10.732752 -74.462639 1.800000 0.000000 0.000000
500 36 U -192.284225 -10.938245 -72.640289 2.150000 0.000000 0.000000
500 37 P -196.942932 -13.132725 -71.969322 2.110000 -1.000000 0.000000
1000 1 P -178.897949 -14.634393 -71.559631 2.110000 -1.000000 1.000000
1000 2 S -181.736221 -17.060759 -72.789780 1.800000 0.000000 0.000000
1000 3 G -184.127960 -14.558964 -72.140907 2.150000 0.000000 0.000000
1000 4 P -180.731506 -16.817507 -76.763893 2.110000 -1.000000 0.000000
1000 5 S -184.233398 -17.159004 -78.722496 1.800000 0.000000 0.000000
1000 6 G -184.768295 -13.422138 -78.586067 2.150000 0.000000 0.000000
1000 7 P -183.654144 -16.719202 -82.568726 2.110000 -1.000000 0.000000
1000 8 S -186.585846 -15.146259 -84.302528 1.800000 0.000000 0.000000
1000 9 G -187.715057 -12.082745 -83.202553 2.150000 0.000000 0.000000
1000 10 P -185.026627 -13.874068 -87.760803 2.110000 -1.000000 0.000000
1000 11 S -187.828186 -11.883761 -89.011856 1.800000 0.000000 0.000000
1000 12 C -186.995895 -9.290614 -86.837585 2.150000 0.000000 0.000000
1000 13 P -184.824921 -10.728945 -90.978622 2.110000 -1.000000 0.000000
1000 14 S -186.324158 -7.988632 -93.220108 1.800000 0.000000 0.000000
1000 15 G -187.169250 -6.305370 -90.166481 2.150000 0.000000 0.000000
1000 16 P -182.449905 -7.720007 -92.733223 2.110000 -1.000000 0.000000
1000 17 S -183.143448 -3.847869 -92.681419 1.800000 0.000000 0.000000
1000 18 C -181.477509 -2.832839 -95.613846 2.150000 0.000000 0.000000
1000 19 P -179.569046 -3.135554 -91.126556 2.110000 -1.000000 0.000000
1000 20 S -181.856567 -0.160479 -90.175865 1.800000 0.000000 0.000000
1000 21 A -184.461884 -1.901796 -88.521332 2.150000 0.000000 0.000000
1000 22 P -179.929840 1.594264 -87.063278 2.110000 -1.000000 0.000000
1000 23 S -183.646149 2.145795 -85.592422 1.800000 0.000000 0.000000
1000 24 A -183.945847 -1.292315 -84.578552 2.150000 0.000000 0.000000
1000 25 P -183.531937 3.102740 -81.634361 2.110000 -1.000000 0.000000
1000 26 S -187.203873 1.608305 -81.494331 1.800000 0.000000 0.000000
1000 27 G -188.212311 -1.246468 -83.161697 2.150000 0.000000 0.000000
1000 28 P -187.733627 0.937584 -77.673851 2.110000 -1.000000 0.000000
1000 29 S -190.671127 -1.090440 -78.685776 1.800000 0.000000 0.000000
1000 30 C -188.705109 -4.107050 -79.433258 2.150000 0.000000 0.000000
1000 31 P -192.434128 -2.275226 -75.435860 2.110000 -1.000000 0.000000
1000 32 S -193.972305 -5.501596 -76.794777 1.800000 0.000000 0.000000
1000 33 C -191.175568 -7.447283 -76.865532 2.150000 0.000000 0.000000
1000 34 P -195.436035 -6.963673 -73.755478 2.110000 -1.000000 0.000000
1000 35 S -195.333694 -10.771464 -74.814095 1.800000 0.000000 0.000000
1000 36 U -192.167084 -10.964561 -73.586807 2.150000 0.000000 0.000000
1000 37 P -196.217178 -13.291950 -71.984818 2.110000 -1.000000 0.000000
1500 1 P -179.003235 -14.317883 -72.590385 2.110000 -1.000000 1.000000
1500 2 S -181.774002 -17.039797 -73.213570 1.800000 0.000000 0.000000
1500 3 G -184.271149 -14.841509 -73.005409 2.150000 0.000000 0.000000
1500 4 P -180.926910 -16.981947 -76.974121 2.110000 -1.000000 0.000000
1500 5 S -184.372131 -17.282715 -78.689293 1.800000 0.000000 0.000000
1500 6 G -185.293488 -13.789165 -78.860603 2.150000 0.000000 0.000000
1500 7 P -183.691727 -16.731173 -82.360954 2.110000 -1.000000 0.000000
1500 8 S -186.624939 -15.170958 -84.130478 1.800000 0.000000 0.000000
1500 9 G -187.785446 -12.210116 -83.009361 2.150000 0.000000 0.000000
1500 10 P -185.097015 -14.001440 -87.567612 2.110000 -1.000000 0.000000
1500 11 S -187.893616 -12.011587 -88.806473 1.800000 0.000000 0.000000
1500 12 C -187.073532 -9.428513 -86.644058 2.150000 0.000000 0.000000
1500 13 P -184.902557 -10.866843 -90.785095 2.110000 -1.000000 0.000000
1500 14 S -186.538391 -7.940853 -92.910179 1.800000 0.000000 0.000000
1500 15 G -187.055511 -6.032231 -90.179810 2.150000 0.000000 0.000000
1500 16 P -182.856354 -7.153931 -92.991219 2.110000 -1.000000 0.000000
1500 17 S -183.068100 -3.253403 -92.733948 1.800000 0.000000 0.000000
1500 18 C -182.957947 -3.827086 -89.211288 2.150000 0.000000 0.000000
1500 19 P -179.590591 -2.798616 -90.861374 2.110000 -1.000000 0.000000
1500 20 S -181.849731 0.140883 -89.886414 1.800000 0.000000 0.000000
1500 21 A -184.862625 0.122999 -88.073975 2.150000 0.000000 0.000000
1500 22 P -179.674469 1.820942 -87.221016 2.110000 -1.000000 0.000000
1500 23 S -183.118912 1.949729 -85.327919 1.800000 0.000000 0.000000
1500 24 A -181.705566 -0.760173 -83.861389 2.150000 0.000000 0.000000
1500 25 P -183.459702 2.916127 -81.503242 2.110000 -1.000000 0.000000
1500 26 S -187.035751 1.734294 -81.818489 1.800000 0.000000 0.000000
1500 27 G -188.044189 -1.120479 -83.485855 2.150000 0.000000 0.000000
1500 28 P -187.627747 1.010626 -78.085075 2.110000 -1.000000 0.000000
1500 29 S -190.670135 -1.243243 -78.399223 1.800000 0.000000 0.000000
1500 30 C -188.704117 -4.259852 -79.146706 2.150000 0.000000 0.000000
1500 31 P -192.433136 -2.428030 -75.149307 2.110000 -1.000000 0.000000
1500 32 S -194.021027 -5.612144 -76.648102 1.800000 0.000000 0.000000
1500 33 C -191.107758 -7.496207 -76.291618 2.150000 0.000000 0.000000
1500 34 P -195.710754 -7.281541 -73.622993 2.110000 -1.000000 0.000000
1500 35 S -195.667587 -11.090292 -74.879585 1.800000 0.000000 0.000000
1500 36 U -192.500977 -11.283389 -73.652298 2.150000 0.000000 0.000000
1500 37 P -197.009155 -12.130054 -71.492203 2.110000 -1.000000 0.000000
2000 1 P -179.332932 -14.934506 -70.792404 2.110000 -1.000000 1.000000
2000 2 S -181.848541 -17.124359 -72.855186 1.800000 0.000000 0.000000
2000 3 G -184.332977 -14.911571 -72.610405 2.150000 0.000000 0.000000
2000 4 P -181.020081 -17.053684 -76.682640 2.110000 -1.000000 0.000000
2000 5 S -184.531128 -17.403126 -78.231087 1.800000 0.000000 0.000000
2000 6 G -185.508148 -13.976550 -78.644722 2.150000 0.000000 0.000000
2000 7 P -183.906387 -16.918556 -82.145073 2.110000 -1.000000 0.000000
2000 8 S -186.685303 -15.239017 -83.971344 1.800000 0.000000 0.000000
2000 9 G -187.829163 -12.254330 -82.824242 2.150000 0.000000 0.000000
2000 10 P -185.140732 -14.045653 -87.382492 2.110000 -1.000000 0.000000
2000 11 S -187.930206 -12.036780 -88.699501 1.800000 0.000000 0.000000
2000 12 C -187.094131 -9.434094 -86.581367 2.150000 0.000000 0.000000
2000 13 P -184.923157 -10.872425 -90.722404 2.110000 -1.000000 0.000000
2000 14 S -186.079727 -7.724998 -92.753372 1.800000 0.000000 0.000000
2000 15 G -185.843628 -5.929365 -89.847618 2.150000 0.000000 0.000000
2000 16 P -182.254715 -6.552828 -92.680420 2.110000 -1.000000 0.000000
2000 17 S -181.883987 -2.729771 -92.256088 1.800000 0.000000 0.000000
2000 18 C -181.829285 -0.992834 -95.245071 2.150000 0.000000 0.000000
2000 19 P -178.354477 -1.845526 -91.394318 2.110000 -1.000000 0.000000
2000 20 S -180.616699 1.093294 -90.415527 1.800000 0.000000 0.000000
2000 21 A -183.684586 0.139456 -89.113579 2.150000 0.000000 0.000000
2000 22 P -178.701385 2.380640 -87.358582 2.110000 -1.000000 0.000000
2000 23 S -182.277298 2.145888 -85.694893 1.800000 0.000000 0.000000
2000 24 A -181.604248 -1.271192 -85.519897 2.150000 0.000000 0.000000
2000 25 P -183.266190 3.074377 -81.770607 2.110000 -1.000000 0.000000
2000 26 S -187.009094 1.541388 -81.306175 1.800000 0.000000 0.000000
2000 27 G -188.017532 -1.313386 -82.973541 2.150000 0.000000 0.000000
2000 28 P -187.600616 0.830801 -77.568779 2.110000 -1.000000 0.000000
2000 29 S -190.735535 -1.342604 -78.117996 1.800000 0.000000 0.000000
2000 30 C -188.769516 -4.359212 -78.865479 2.150000 0.000000 0.000000
2000 31 P -192.472244 -2.519463 -74.866112 2.110000 -1.000000 0.000000
2000 32 S -194.040787 -5.571209 -76.676590 1.800000 0.000000 0.000000
2000 33 C -191.127518 -7.455273 -76.320107 2.150000 0.000000 0.000000
2000 34 P -195.838440 -7.248541 -73.689262 2.110000 -1.000000 0.000000
2000 35 S -195.690598 -11.068874 -74.422791 1.800000 0.000000 0.000000
2000 36 U -192.523987 -11.261971 -73.195503 2.150000 0.000000 0.000000
2000 37 P -197.075714 -12.661724 -70.990143 2.110000 -1.000000 0.000000
2500 1 P -178.790894 -14.296235 -72.716087 2.110000 -1.000000 1.000000
2500 2 S -181.681442 -16.866537 -73.298553 1.800000 0.000000 0.000000
2500 3 G -184.177032 -14.708545 -73.104111 2.150000 0.000000 0.000000
2500 4 P -180.864136 -16.850655 -77.176346 2.110000 -1.000000 0.000000
2500 5 S -184.495193 -17.497675 -78.175171 1.800000 0.000000 0.000000
2500 6 G -185.440018 -14.138542 -78.041054 2.150000 0.000000 0.000000
2500 7 P -183.903885 -17.029587 -81.888901 2.110000 -1.000000 0.000000
2500 8 S -186.697418 -15.336279 -83.832123 1.800000 0.000000 0.000000
2500 9 G -187.704117 -12.207146 -82.938576 2.150000 0.000000 0.000000
2500 10 P -185.187836 -14.109132 -87.232552 2.110000 -1.000000 0.000000
2500 11 S -187.882309 -11.982815 -88.768654 1.800000 0.000000 0.000000
2500 12 C -187.075516 -9.419445 -86.579872 2.150000 0.000000 0.000000
2500 13 P -184.904541 -10.857776 -90.720909 2.110000 -1.000000 0.000000
2500 14 S -186.041046 -7.882618 -93.046906 1.800000 0.000000 0.000000
2500 15 G -186.380905 -4.972330 -90.861168 2.150000 0.000000 0.000000
2500 16 P -182.216812 -7.096513 -93.244591 2.110000 -1.000000 0.000000
2500 17 S -182.339935 -3.278300 -92.481949 1.800000 0.000000 0.000000
2500 18 C -182.522934 -4.622715 -89.403168 2.150000 0.000000 0.000000
2500 19 P -178.850082 -2.204020 -91.981201 2.110000 -1.000000 0.000000
2500 20 S -181.119095 0.741187 -91.010643 1.800000 0.000000 0.000000
2500 21 A -184.058640 -0.223618 -89.662231 2.150000 0.000000 0.000000
2500 22 P -179.238007 2.230128 -87.803535 2.110000 -1.000000 0.000000
2500 23 S -182.783798 2.380778 -85.917519 1.800000 0.000000 0.000000
2500 24 A -182.080566 -1.107260 -86.476990 2.150000 0.000000 0.000000
2500 25 P -183.511093 3.214009 -82.097313 2.110000 -1.000000 0.000000
2500 26 S -187.117432 1.550593 -81.310593 1.800000 0.000000 0.000000
2500 27 G -188.124496 -1.386698 -82.758278 2.150000 0.000000 0.000000
2500 28 P -187.541168 0.834351 -77.633118 2.110000 -1.000000 0.000000
2500 29 S -190.687408 -1.406245 -78.005920 1.800000 0.000000 0.000000
2500 30 C -188.721390 -4.422853 -78.753403 2.150000 0.000000 0.000000
2500 31 P -192.412048 -2.546423 -74.660156 2.110000 -1.000000 0.000000
2500 32 S -194.042542 -5.658107 -76.329170 1.800000 0.000000 0.000000
2500 33 C -191.129272 -7.542171 -75.972687 2.150000 0.000000 0.000000
2500 34 P -195.887451 -7.232691 -73.256165 2.110000 -1.000000 0.000000
2500 35 S -195.563019 -10.957781 -74.715645 1.800000 0.000000 0.000000
2500 36 U -192.396408 -11.150878 -73.488358 2.150000 0.000000 0.000000
2500 37 P -197.163788 -12.806065 -71.503685 2.110000 -1.000000 0.000000
3000 1 P -178.905319 -14.336714 -72.394882 2.110000 -1.000000 1.000000
3000 2 S -181.820862 -17.140926 -73.232338 1.800000 0.000000 0.000000
3000 3 G -184.330414 -14.895264 -72.950752 2.150000 0.000000 0.000000
3000 4 P -181.017517 -17.037378 -77.022987 2.110000 -1.000000 0.000000
3000 5 S -184.566513 -17.657806 -78.071800 1.800000 0.000000 0.000000
3000 6 G -185.528137 -14.197027 -78.131950 2.150000 0.000000 0.000000
3000 7 P -183.981354 -17.139273 -81.801994 2.110000 -1.000000 0.000000
3000 8 S -186.812271 -15.364672 -83.786346 1.800000 0.000000 0.000000
3000 9 G -187.772400 -12.223477 -82.887802 2.150000 0.000000 0.000000
3000 10 P -185.256119 -14.125463 -87.181778 2.110000 -1.000000 0.000000
3000 11 S -187.963303 -11.991241 -88.737679 1.800000 0.000000 0.000000
3000 12 C -187.109497 -9.428212 -86.527222 2.150000 0.000000 0.000000
3000 13 P -184.938522 -10.866543 -90.668259 2.110000 -1.000000 0.000000
3000 14 S -186.404526 -7.906081 -93.012741 1.800000 0.000000 0.000000
3000 15 G -186.820801 -6.003074 -90.012161 2.150000 0.000000 0.000000
3000 16 P -183.017609 -6.242236 -93.627266 2.110000 -1.000000 0.000000
3000 17 S -183.492401 -2.363834 -93.001938 1.800000 0.000000 0.000000
3000 18 C -183.339432 -4.132666 -90.007721 2.150000 0.000000 0.000000
3000 19 P -179.910522 -1.326141 -92.156860 2.110000 -1.000000 0.000000
3000 20 S -182.179535 1.619066 -91.186302 1.800000 0.000000 0.000000
3000 21 A -184.226059 0.133967 -89.111389 2.150000 0.000000 0.000000
3000 22 P -179.950638 3.232958 -88.218513 2.110000 -1.000000 0.000000
3000 23 S -183.062424 2.505843 -86.019371 1.800000 0.000000 0.000000
3000 24 A -180.830566 -0.453752 -85.705902 2.150000 0.000000 0.000000
3000 25 P -183.617783 3.278579 -82.115311 2.110000 -1.000000 0.000000
3000 26 S -187.277832 1.645067 -81.566467 1.800000 0.000000 0.000000
3000 27 G -188.284897 -1.292224 -83.014153 2.150000 0.000000 0.000000
3000 28 P -187.619614 0.859735 -77.746140 2.110000 -1.000000 0.000000
3000 29 S -190.701752 -1.387620 -78.060844 1.800000 0.000000 0.000000
3000 30 C -188.735733 -4.404228 -78.808327 2.150000 0.000000 0.000000
3000 31 P -192.461151 -2.572820 -74.693596 2.110000 -1.000000 0.000000
3000 32 S -194.119690 -5.753969 -76.329491 1.800000 0.000000 0.000000
3000 33 C -191.206421 -7.638033 -75.973007 2.150000 0.000000 0.000000
3000 34 P -196.097977 -7.568365 -73.610146 2.110000 -1.000000 0.000000
3000 35 S -195.699829 -11.218495 -74.805099 1.800000 0.000000 0.000000
3000 36 U -192.533218 -11.411592 -73.577812 2.150000 0.000000 0.000000
3000 37 P -196.849213 -13.742264 -71.901855 2.110000 -1.000000 0.000000
3500 1 P -178.845825 -14.085720 -72.335403 2.110000 -1.000000 1.000000
3500 2 S -181.547653 -16.750431 -73.127251 1.800000 0.000000 0.000000
3500 3 G -183.883942 -14.055447 -73.514359 2.150000 0.000000 0.000000
3500 4 P -180.826080 -16.817362 -76.945938 2.110000 -1.000000 0.000000
3500 5 S -184.415848 -17.465063 -78.074684 1.800000 0.000000 0.000000
3500 6 G -185.439941 -14.149697 -78.171722 2.150000 0.000000 0.000000
3500 7 P -183.893158 -17.091942 -81.841766 2.110000 -1.000000 0.000000
3500 8 S -186.745697 -15.341049 -83.733536 1.800000 0.000000 0.000000
3500 9 G -187.736542 -12.217142 -82.853043 2.150000 0.000000 0.000000
3500 10 P -185.220261 -14.119128 -87.147018 2.110000 -1.000000 0.000000
3500 11 S -187.927399 -11.983932 -88.710869 1.800000 0.000000 0.000000
3500 12 C -187.521118 -9.305562 -86.864807 2.150000 0.000000 0.000000
3500 13 P -184.909744 -10.859260 -90.768692 2.110000 -1.000000 0.000000
3500 14 S -186.479187 -7.702010 -92.543602 1.800000 0.000000 0.000000
3500 15 G -188.129486 -5.334066 -90.503853 2.150000 0.000000 0.000000
3500 16 P -183.023300 -6.394760 -93.022850 2.110000 -1.000000 0.000000
3500 17 S -183.818680 -2.532615 -92.378357 1.800000 0.000000 0.000000
3500 18 C -183.628616 -2.227297 -95.791573 2.150000 0.000000 0.000000
3500 19 P -180.223618 -1.648088 -91.388153 2.110000 -1.000000 0.000000
3500 20 S -182.492630 1.297119 -90.417595 1.800000 0.000000 0.000000
3500 21 A -185.045044 -0.321076 -88.680962 2.150000 0.000000 0.000000
3500 22 P -180.031647 2.503631 -87.565033 2.110000 -1.000000 0.000000
3500 23 S -183.227982 2.138449 -85.510315 1.800000 0.000000 0.000000
3500 24 A -182.409637 -1.008456 -84.293129 2.150000 0.000000 0.000000
3500 25 P -183.628891 2.988276 -81.709816 2.110000 -1.000000 0.000000
3500 26 S -187.366577 1.588312 -81.454292 1.800000 0.000000 0.000000
3500 27 G -188.373642 -1.348978 -82.901978 2.150000 0.000000 0.000000
3500 28 P -187.533920 0.742976 -77.614059 2.110000 -1.000000 0.000000
3500 29 S -190.687607 -1.496379 -77.931328 1.800000 0.000000 0.000000
3500 30 C -188.795670 -4.571980 -78.446976 2.150000 0.000000 0.000000
3500 31 P -192.449265 -2.674567 -74.663231 2.110000 -1.000000 0.000000
3500 32 S -194.100418 -5.759713 -76.391083 1.800000 0.000000 0.000000
3500 33 C -191.187149 -7.643776 -76.034599 2.150000 0.000000 0.000000
3500 34 P -196.018616 -7.425283 -73.457909 2.110000 -1.000000 0.000000
3500 35 S -195.538925 -10.974663 -74.983299 1.800000 0.000000 0.000000
3500 36 U -192.443878 -11.454921 -73.635452 2.150000 0.000000 0.000000
3500 37 P -196.978088 -13.690905 -72.571793 2.110000 -1.000000 0.000000
4000 1 P -178.627411 -13.613204 -72.258743 2.110000 -1.000000 1.000000
4000 2 S -181.266998 -16.435019 -73.390282 1.800000 0.000000 0.000000
4000 3 G -183.809265 -14.130241 -73.685318 2.150000 0.000000 0.000000
4000 4 P -180.751404 -16.892153 -77.116898 2.110000 -1.000000 0.000000
4000 5 S -184.415543 -17.488655 -78.153206 1.800000 0.000000 0.000000
4000 6 G -185.517334 -14.209549 -78.278358 2.150000 0.000000 0.000000
4000 7 P -183.900574 -17.118216 -81.823151 2.110000 -1.000000 0.000000
4000 8 S -186.733871 -15.352434 -83.802750 1.800000 0.000000 0.000000
4000 9 G -187.466141 -12.243159 -82.858185 2.150000 0.000000 0.000000
4000 10 P -185.228653 -14.134356 -87.241982 2.110000 -1.000000 0.000000
4000 11 S -187.909805 -12.022389 -88.800896 1.800000 0.000000 0.000000
4000 12 C -187.510010 -9.343268 -86.935844 2.150000 0.000000 0.000000
4000 13 P -184.898636 -10.896966 -90.839729 2.110000 -1.000000 0.000000
4000 14 S -185.939346 -7.762910 -92.957489 1.800000 0.000000 0.000000
4000 15 G -186.713272 -6.056533 -89.811440 2.150000 0.000000 0.000000
4000 16 P -182.418442 -6.292118 -93.497742 2.110000 -1.000000 0.000000
4000 17 S -182.791443 -2.285311 -92.974411 1.800000 0.000000 0.000000
4000 18 C -182.670990 -3.300087 -89.606361 2.150000 0.000000 0.000000
4000 19 P -179.031570 -1.416608 -92.069496 2.110000 -1.000000 0.000000
4000 20 S -181.319550 1.530303 -91.088509 1.800000 0.000000 0.000000
4000 21 A -179.386429 3.659471 -93.003845 2.150000 0.000000 0.000000
4000 22 P -179.585434 2.787045 -87.972702 2.110000 -1.000000 0.000000
4000 23 S -182.888458 2.208103 -85.769417 1.800000 0.000000 0.000000
4000 24 A -183.890381 -1.259914 -85.329613 2.150000 0.000000 0.000000
4000 25 P -183.293015 2.957512 -81.898781 2.110000 -1.000000 0.000000
4000 26 S -187.197510 1.711502 -81.862572 1.800000 0.000000 0.000000
4000 27 G -188.555283 -1.249923 -83.272949 2.150000 0.000000 0.000000
4000 28 P -187.697205 0.920762 -78.140625 2.110000 -1.000000 0.000000
4000 29 S -190.680237 -1.473060 -78.082832 1.800000 0.000000 0.000000
4000 30 C -188.788300 -4.548661 -78.598480 2.150000 0.000000 0.000000
4000 31 P -192.455765 -2.663902 -74.800667 2.110000 -1.000000 0.000000
4000 32 S -194.093765 -5.722595 -76.480370 1.800000 0.000000 0.000000
4000 33 C -191.180496 -7.606659 -76.123886 2.150000 0.000000 0.000000
4000 34 P -195.981812 -7.410894 -73.584938 2.110000 -1.000000 0.000000
4000 35 S -195.500229 -11.128893 -74.602211 1.800000 0.000000 0.000000
4000 36 U -192.405182 -11.609151 -73.254364 2.150000 0.000000 0.000000
4000 37 P -196.911560 -11.933970 -71.086174 2.110000 -1.000000 0.000000
4500 1 P -178.856522 -14.358828 -71.340797 2.110000 -1.000000 1.000000
4500 2 S -181.240463 -16.618593 -73.181877 1.800000 0.000000 0.000000
4500 3 G -183.700180 -14.059262 -73.589989 2.150000 0.000000 0.000000
4500 4 P -180.642319 -16.821169 -77.021568 2.110000 -1.000000 0.000000
4500 5 S -184.346542 -17.413975 -78.224243 1.800000 0.000000 0.000000
4500 6 G -185.423477 -14.085403 -78.410004 2.150000 0.000000 0.000000
4500 7 P -183.806717 -16.994068 -81.954796 2.110000 -1.000000 0.000000
4500 8 S -186.698196 -15.245076 -84.033241 1.800000 0.000000 0.000000
4500 9 G -187.465332 -12.150270 -83.021782 2.150000 0.000000 0.000000
4500 10 P -185.181839 -14.074935 -87.374046 2.110000 -1.000000 0.000000
4500 11 S -187.856583 -11.966908 -88.889236 1.800000 0.000000 0.000000
4500 12 C -187.577972 -9.319951 -87.003319 2.150000 0.000000 0.000000
4500 13 P -184.864624 -10.865730 -90.850311 2.110000 -1.000000 0.000000
4500 14 S -186.099396 -7.752273 -92.676147 1.800000 0.000000 0.000000
4500 15 G -186.158218 -5.640292 -89.903336 2.150000 0.000000 0.000000
4500 16 P -182.432449 -6.650485 -93.215385 2.110000 -1.000000 0.000000
4500 17 S -182.642029 -2.850717 -93.119896 1.800000 0.000000 0.000000
4500 18 C -182.568665 -2.847966 -89.663017 2.150000 0.000000 0.000000
4500 19 P -178.891220 -2.025882 -92.212433 2.110000 -1.000000 0.000000
4500 20 S -181.185257 0.914959 -91.201935 1.800000 0.000000 0.000000
4500 21 A -179.563110 2.819890 -93.625038 2.150000 0.000000 0.000000
4500 22 P -179.283463 2.082247 -88.117577 2.110000 -1.000000 0.000000
4500 23 S -182.755753 1.866756 -85.928650 1.800000 0.000000 0.000000
4500 24 A -182.970200 -1.570389 -85.570625 2.150000 0.000000 0.000000
4500 25 P -183.539246 3.133567 -82.261726 2.110000 -1.000000 0.000000
4500 26 S -187.304337 1.807919 -82.085434 1.800000 0.000000 0.000000
4500 27 G -187.991776 -1.385743 -82.899902 2.150000 0.000000 0.000000
4500 28 P -187.670410 0.898701 -78.255058 2.110000 -1.000000 0.000000
4500 29 S -190.773727 -1.326340 -78.401062 1.800000 0.000000 0.000000
4500 30 C -188.881790 -4.401942 -78.916710 2.150000 0.000000 0.000000
4500 31 P -192.526688 -2.492787 -75.175285 2.110000 -1.000000 0.000000
4500 32 S -193.972870 -5.631752 -76.625610 1.800000 0.000000 0.000000
4500 33 C -190.962601 -7.452750 -76.144936 2.150000 0.000000 0.000000
4500 34 P -195.800781 -7.156865 -73.563545 2.110000 -1.000000 0.000000
4500 35 S -195.312424 -10.888188 -74.780464 1.800000 0.000000 0.000000
4500 36 U -192.217377 -11.368446 -73.432617 2.150000 0.000000 0.000000
4500 37 P -197.034164 -13.104214 -71.993240 2.110000 -1.000000 0.000000
5000 1 P -178.515076 -13.645128 -72.234810 2.110000 -1.000000 1.000000
5000 2 S -181.128128 -16.174326 -73.621780 1.800000 0.000000 0.000000
5000 3 G -183.636932 -13.842331 -73.858788 2.150000 0.000000 0.000000
5000 4 P -180.579071 -16.604233 -77.290367 2.110000 -1.000000 0.000000
5000 5 S -184.323120 -17.316174 -78.146591 1.800000 0.000000 0.000000
5000 6 G -185.434097 -14.058976 -78.404533 2.150000 0.000000 0.000000
5000 7 P -183.817337 -16.967640 -81.949326 2.110000 -1.000000 0.000000
5000 8 S -186.723267 -15.314540 -83.886185 1.800000 0.000000 0.000000
5000 9 G -187.443512 -12.232378 -82.929939 2.150000 0.000000 0.000000
5000 10 P -185.160019 -14.157043 -87.282204 2.110000 -1.000000 0.000000
5000 11 S -187.845505 -11.969960 -88.861382 1.800000 0.000000 0.000000
5000 12 C -187.546661 -9.318394 -86.964531 2.150000 0.000000 0.000000
5000 13 P -184.833313 -10.864173 -90.811523 2.110000 -1.000000 0.000000
5000 14 S -185.315033 -7.401003 -92.797394 1.800000 0.000000 0.000000
5000 15 G -187.499451 -5.635202 -90.758652 2.150000 0.000000 0.000000
5000 16 P -181.956268 -5.589303 -93.456490 2.110000 -1.000000 0.000000
5000 17 S -182.396866 -1.819809 -93.314026 1.800000 0.000000 0.000000
5000 18 C -183.547150 -1.578642 -89.948257 2.150000 0.000000 0.000000
5000 19 P -178.536224 -0.944708 -92.713776 2.110000 -1.000000 0.000000
5000 20 S -180.839050 1.985209 -91.666756 1.800000 0.000000 0.000000
5000 21 A -178.861526 4.352463 -93.212723 2.150000 0.000000 0.000000
5000 22 P -179.511673 2.761414 -88.229736 2.110000 -1.000000 0.000000
5000 23 S -182.709549 1.866491 -85.979607 1.800000 0.000000 0.000000
5000 24 A -182.019211 -1.340100 -85.054138 2.150000 0.000000 0.000000
5000 25 P -183.304016 3.118000 -82.346954 2.110000 -1.000000 0.000000
5000 26 S -187.144836 1.894999 -82.243591 1.800000 0.000000 0.000000
5000 27 G -187.832275 -1.298663 -83.058060 2.150000 0.000000 0.000000
5000 28 P -187.471329 1.029175 -78.472946 2.110000 -1.000000 0.000000
5000 29 S -190.568420 -1.163027 -78.645454 1.800000 0.000000 0.000000
5000 30 C -188.676483 -4.238629 -79.161102 2.150000 0.000000 0.000000
5000 31 P -192.319260 -2.320809 -75.428185 2.110000 -1.000000 0.000000
5000 32 S -193.875778 -5.479147 -76.709160 1.800000 0.000000 0.000000
5000 33 C -190.865509 -7.300146 -76.228485 2.150000 0.000000 0.000000
5000 34 P -195.726913 -6.942079 -73.658752 2.110000 -1.000000 0.000000
5000 35 S -195.281479 -10.622889 -74.875107 1.800000 0.000000 0.000000
5000 36 U -192.186432 -11.103147 -73.527260 2.150000 0.000000 0.000000
5000 37 P -197.138382 -12.210136 -71.851440 2.110000 -1.000000 0.000000
5500 1 P -178.386963 -13.418925 -73.221916 2.110000 -1.000000 1.000000
5500 2 S -181.149780 -16.228073 -73.394691 1.800000 0.000000 0.000000
5500 3 G -183.643661 -13.877339 -73.798073 2.150000 0.000000 0.000000
5500 4 P -180.585800 -16.639242 -77.229652 2.110000 -1.000000 0.000000
5500 5 S -184.321777 -17.371279 -78.099792 1.800000 0.000000 0.000000
5500 6 G -185.435669 -14.145629 -78.224426 2.150000 0.000000 0.000000
5500 7 P -183.818909 -17.054293 -81.769218 2.110000 -1.000000 0.000000
5500 8 S -186.730469 -15.394037 -83.608177 1.800000 0.000000 0.000000
5500 9 G -187.655457 -12.100681 -83.150490 2.150000 0.000000 0.000000
5500 10 P -185.155380 -14.188493 -87.074692 2.110000 -1.000000 0.000000
5500 11 S -187.797836 -11.915553 -88.749321 1.800000 0.000000 0.000000
5500 12 C -187.509552 -9.276059 -86.873131 2.150000 0.000000 0.000000
5500 13 P -184.796204 -10.821838 -90.720123 2.110000 -1.000000 0.000000
5500 14 S -185.578598 -7.585236 -92.590042 1.800000 0.000000 0.000000
5500 15 G -186.585129 -5.048503 -90.155701 2.150000 0.000000 0.000000
5500 16 P -182.315918 -5.630179 -93.239746 2.110000 -1.000000 0.000000
5500 17 S -182.391602 -1.647357 -93.111816 1.800000 0.000000 0.000000
5500 18 C -183.033615 -1.560736 -89.642380 2.150000 0.000000 0.000000
5500 19 P -178.567535 -0.841419 -92.276054 2.110000 -1.000000 0.000000
5500 20 S -180.857101 2.085035 -91.261185 1.800000 0.000000 0.000000
5500 21 A -177.975525 3.522345 -92.432808 2.150000 0.000000 0.000000
5500 22 P -179.188629 2.996650 -87.773079 2.110000 -1.000000 0.000000
5500 23 S -182.289642 1.934316 -85.510170 1.800000 0.000000 0.000000
5500 24 A -179.339859 0.323929 -84.976837 2.150000 0.000000 0.000000
5500 25 P -183.551865 3.151021 -82.060089 2.110000 -1.000000 0.000000
5500 26 S -187.248672 1.923147 -82.052116 1.800000 0.000000 0.000000
5500 27 G -187.936111 -1.270514 -82.866585 2.150000 0.000000 0.000000
5500 28 P -187.213806 0.962320 -78.263000 2.110000 -1.000000 0.000000
5500 29 S -190.452911 -1.161011 -78.561562 1.800000 0.000000 0.000000
5500 30 C -188.560974 -4.236613 -79.077209 2.150000 0.000000 0.000000
5500 31 P -192.219238 -2.359409 -75.315392 2.110000 -1.000000 0.000000
5500 32 S -193.849838 -5.455229 -76.850029 1.800000 0.000000 0.000000
5500 33 C -190.839569 -7.276227 -76.369354 2.150000 0.000000 0.000000
5500 34 P -195.707581 -6.850689 -73.724052 2.110000 -1.000000 0.000000
5500 35 S -195.236511 -10.586098 -74.900101 1.800000 0.000000 0.000000
5500 36 U -192.141464 -11.066356 -73.552254 2.150000 0.000000 0.000000
5500 37 P -196.919846 -11.672654 -71.605904 2.110000 -1.000000 0.000000
6000 1 P -178.340530 -13.581656 -72.094254 2.110000 -1.000000 1.000000
6000 2 S -181.067932 -16.173378 -73.443810 1.800000 0.000000 0.000000
6000 3 G -183.585297 -13.827095 -73.863411 2.150000 0.000000 0.000000
6000 4 P -180.527435 -16.588999 -77.294991 2.110000 -1.000000 0.000000
6000 5 S -184.262360 -17.345852 -78.087990 1.800000 0.000000 0.000000
6000 6 G -185.406921 -14.084622 -78.325867 2.150000 0.000000 0.000000
6000 7 P -183.790161 -16.993288 -81.870659 2.110000 -1.000000 0.000000
6000 8 S -186.760254 -15.379304 -83.731094 1.800000 0.000000 0.000000
6000 9 G -187.689865 -12.063734 -83.289864 2.150000 0.000000 0.000000
6000 10 P -185.189789 -14.151546 -87.214066 2.110000 -1.000000 0.000000
6000 11 S -187.778168 -11.823846 -88.949150 1.800000 0.000000 0.000000
6000 12 C -187.492477 -9.246181 -86.914940 2.150000 0.000000 0.000000
6000 13 P -184.779129 -10.791961 -90.761932 2.110000 -1.000000 0.000000
6000 14 S -185.621048 -7.469249 -92.682716 1.800000 0.000000 0.000000
6000 15 G -186.077698 -5.265446 -90.410957 2.150000 0.000000 0.000000
6000 16 P -182.164276 -5.659045 -92.810890 2.110000 -1.000000 0.000000
6000 17 S -183.062790 -1.826758 -92.633873 1.800000 0.000000 0.000000
6000 18 C -184.452011 -0.892325 -89.542229 2.150000 0.000000 0.000000
6000 19 P -179.294281 -1.053549 -91.704697 2.110000 -1.000000 0.000000
6000 20 S -181.606995 1.864453 -90.698570 1.800000 0.000000 0.000000
6000 21 A -179.061371 3.856899 -92.434639 2.150000 0.000000 0.000000
6000 22 P -179.752487 2.759567 -87.373871 2.110000 -1.000000 0.000000
6000 23 S -183.063980 1.833219 -85.589722 1.800000 0.000000 0.000000
6000 24 A -185.230194 4.204516 -87.318115 2.150000 0.000000 0.000000
6000 25 P -183.491104 3.112237 -82.017952 2.110000 -1.000000 0.000000
6000 26 S -187.237823 1.973517 -82.191208 1.800000 0.000000 0.000000
6000 27 G -187.925262 -1.220145 -83.005676 2.150000 0.000000 0.000000
6000 28 P -187.201202 1.080382 -78.552460 2.110000 -1.000000 0.000000
6000 29 S -190.467514 -1.183270 -78.572403 1.800000 0.000000 0.000000
6000 30 C -188.663757 -4.238539 -79.169548 2.150000 0.000000 0.000000
6000 31 P -192.239105 -2.383477 -75.363808 2.110000 -1.000000 0.000000
6000 32 S -193.869705 -5.479295 -76.897675 1.800000 0.000000 0.000000
6000 33 C -190.859436 -7.300293 -76.417000 2.150000 0.000000 0.000000
6000 34 P -195.652115 -6.739566 -73.647377 2.110000 -1.000000 0.000000
6000 35 S -195.233612 -10.469950 -74.720528 1.800000 0.000000 0.000000
6000 36 U -192.119614 -11.304252 -73.222412 2.150000 0.000000 0.000000
6000 37 P -196.786163 -13.344103 -72.616402 2.110000 -1.000000 0.000000
6500 1 P -178.234482 -12.752167 -73.439575 2.110000 -1.000000 1.000000
6500 2 S -180.786255 -15.799897 -73.658913 1.800000 0.000000 0.000000
6500 3 G -183.379196 -13.299598 -73.981911 2.150000 0.000000 0.000000
6500 4 P -180.436234 -16.489742 -77.543808 2.110000 -1.000000 0.000000
6500 5 S -184.155762 -17.247429 -78.148155 1.800000 0.000000 0.000000
6500 6 G -185.304550 -13.981935 -78.523949 2.150000 0.000000 0.000000
6500 7 P -183.687790 -16.890600 -82.068741 2.110000 -1.000000 0.000000
6500 8 S -186.689178 -15.274616 -83.848930 1.800000 0.000000 0.000000
6500 9 G -187.690262 -12.046045 -83.276878 2.150000 0.000000 0.000000
6500 10 P -185.190186 -14.133857 -87.201080 2.110000 -1.000000 0.000000
6500 11 S -187.774414 -11.820024 -88.899368 1.800000 0.000000 0.000000
6500 12 C -187.475372 -9.254128 -86.835052 2.150000 0.000000 0.000000
6500 13 P -184.762024 -10.799908 -90.682045 2.110000 -1.000000 0.000000
6500 14 S -185.709625 -7.475735 -92.262772 1.800000 0.000000 0.000000
6500 15 G -186.680313 -5.792871 -89.524223 2.150000 0.000000 0.000000
6500 16 P -182.332489 -5.972395 -92.627556 2.110000 -1.000000 0.000000
6500 17 S -182.914734 -2.222487 -92.666275 1.800000 0.000000 0.000000
6500 18 C -182.743637 -2.846585 -89.313354 2.150000 0.000000 0.000000
6500 19 P -179.366821 -1.290234 -91.893143 2.110000 -1.000000 0.000000
6500 20 S -181.687546 1.592387 -90.931900 1.800000 0.000000 0.000000
6500 21 A -179.900681 3.325290 -93.100204 2.150000 0.000000 0.000000
6500 22 P -179.557404 2.399063 -87.620094 2.110000 -1.000000 0.000000
6500 23 S -182.821808 1.768186 -85.622658 1.800000 0.000000 0.000000
6500 24 A -183.020889 -1.641900 -85.381966 2.150000 0.000000 0.000000
6500 25 P -183.330719 3.124096 -81.889763 2.110000 -1.000000 0.000000
6500 26 S -187.067871 1.887924 -81.966240 1.800000 0.000000 0.000000
6500 27 G -187.755310 -1.305737 -82.780708 2.150000 0.000000 0.000000
6500 28 P -187.264847 1.021126 -78.325287 2.110000 -1.000000 0.000000
6500 29 S -190.365875 -1.200653 -78.439590 1.800000 0.000000 0.000000
6500 30 C -188.562119 -4.255923 -79.036736 2.150000 0.000000 0.000000
6500 31 P -192.089203 -2.352026 -75.219772 2.110000 -1.000000 0.000000
6500 32 S -193.755417 -5.386503 -76.906532 1.800000 0.000000 0.000000
6500 33 C -190.733597 -7.220334 -76.225731 2.150000 0.000000 0.000000
6500 34 P -195.539612 -6.620473 -73.791527 2.110000 -1.000000 0.000000
6500 35 S -195.140427 -10.370722 -74.565582 1.800000 0.000000 0.000000
6500 36 U -192.003296 -11.126769 -73.074219 2.150000 0.000000 0.000000
6500 37 P -196.414169 -10.567936 -70.908844 2.110000 -1.000000 0.000000
7000 1 P -178.319870 -13.064575 -72.911896 2.110000 -1.000000 1.000000
7000 2 S -180.858521 -15.953409 -73.600380 1.800000 0.000000 0.000000
7000 3 G -183.563919 -13.738358 -74.010277 2.150000 0.000000 0.000000
7000 4 P -180.391541 -16.479744 -77.304642 2.110000 -1.000000 0.000000
7000 5 S -184.102905 -17.276535 -78.150970 1.800000 0.000000 0.000000
7000 6 G -185.310699 -14.031542 -78.404144 2.150000 0.000000 0.000000
7000 7 P -183.693939 -16.940207 -81.948936 2.110000 -1.000000 0.000000
7000 8 S -186.696487 -15.318982 -83.668701 1.800000 0.000000 0.000000
7000 9 G -187.638947 -12.057084 -83.207123 2.150000 0.000000 0.000000
7000 10 P -185.138870 -14.144896 -87.131325 2.110000 -1.000000 0.000000
7000 11 S -187.723328 -11.831872 -88.831940 1.800000 0.000000 0.000000
7000 12 C -187.439041 -9.235816 -86.827309 2.150000 0.000000 0.000000
7000 13 P -184.725693 -10.781595 -90.674301 2.110000 -1.000000 0.000000
7000 14 S -185.802414 -7.361852 -92.223221 1.800000 0.000000 0.000000
7000 15 G -185.999695 -5.544581 -89.301765 2.150000 0.000000 0.000000
7000 16 P -182.182098 -5.867113 -92.370964 2.110000 -1.000000 0.000000
7000 17 S -182.629028 -1.801952 -92.421143 1.800000 0.000000 0.000000
7000 18 C -184.078857 -0.825017 -89.538597 2.150000 0.000000 0.000000
7000 19 P -178.886124 -1.093011 -91.266029 2.110000 -1.000000 0.000000
7000 20 S -181.200363 1.798261 -90.387283 1.800000 0.000000 0.000000
7000 21 A -179.745743 4.219218 -92.578392 2.150000 0.000000 0.000000
7000 22 P -178.977341 2.484261 -87.115005 2.110000 -1.000000 0.000000
7000 23 S -182.527496 1.816316 -85.318237 1.800000 0.000000 0.000000
7000 24 A -181.927933 -1.583306 -85.467827 2.150000 0.000000 0.000000
7000 25 P -183.158279 2.877829 -81.575119 2.110000 -1.000000 0.000000
7000 26 S -187.101730 1.881291 -81.916252 1.800000 0.000000 0.000000
7000 27 G -187.930374 -1.292755 -82.827301 2.150000 0.000000 0.000000
7000 28 P -187.310272 0.987846 -78.232300 2.110000 -1.000000 0.000000
7000 29 S -190.430878 -1.215517 -78.386337 1.800000 0.000000 0.000000
7000 30 C -188.627121 -4.270787 -78.983482 2.150000 0.000000 0.000000
7000 31 P -192.138153 -2.401814 -75.231796 2.110000 -1.000000 0.000000
7000 32 S -193.835007 -5.516962 -76.864204 1.800000 0.000000 0.000000
7000 33 C -190.813187 -7.350793 -76.183403 2.150000 0.000000 0.000000
7000 34 P -195.647507 -6.748409 -73.758896 2.110000 -1.000000 0.000000
7000 35 S -195.249329 -10.503922 -74.515533 1.800000 0.000000 0.000000
7000 36 U -192.112198 -11.259970 -73.024170 2.150000 0.000000 0.000000
7000 37 P -196.421951 -12.112378 -71.120316 2.110000 -1.000000 0.000000
7500 1 P -178.257385 -12.529109 -72.904411 2.110000 -1.000000 1.000000
7500 2 S -180.755753 -15.659069 -73.463196 1.800000 0.000000 0.000000
7500 3 G -183.532623 -13.753613 -73.933418 2.150000 0.000000 0.000000
7500 4 P -180.360245 -16.494993 -77.227783 2.110000 -1.000000 0.000000
7500 5 S -184.119858 -17.368996 -77.860092 1.800000 0.000000 0.000000
7500 6 G -185.151138 -14.009505 -78.091751 2.150000 0.000000 0.000000
7500 7 P -183.717697 -17.030926 -81.670044 2.110000 -1.000000 0.000000
7500 8 S -186.722778 -15.398705 -83.385147 1.800000 0.000000 0.000000
7500 9 G -187.660767 -12.191945 -82.828659 2.150000 0.000000 0.000000
7500 10 P -185.149384 -14.233273 -86.840385 2.110000 -1.000000 0.000000
7500 11 S -187.700394 -11.872115 -88.626266 1.800000 0.000000 0.000000
7500 12 C -187.435425 -9.286026 -86.658745 2.150000 0.000000 0.000000
7500 13 P -184.722076 -10.831805 -90.505737 2.110000 -1.000000 0.000000
7500 14 S -185.788300 -7.524137 -92.114067 1.800000 0.000000 0.000000
7500 15 G -186.690475 -5.108723 -89.592400 2.150000 0.000000 0.000000
7500 16 P -182.282501 -6.312835 -92.562065 2.110000 -1.000000 0.000000
7500 17 S -183.167984 -2.242639 -92.785805 1.800000 0.000000 0.000000
7500 18 C -184.599762 -1.551421 -89.686920 2.150000 0.000000 0.000000
7500 19 P -179.622986 -1.363399 -91.652214 2.110000 -1.000000 0.000000
7500 20 S -181.937225 1.527873 -90.773468 1.800000 0.000000 0.000000
7500 21 A -180.583282 2.728189 -93.572006 2.150000 0.000000 0.000000
7500 22 P -179.704391 2.433949 -87.518127 2.110000 -1.000000 0.000000
7500 23 S -183.155670 2.061642 -85.445557 1.800000 0.000000 0.000000
7500 24 A -181.839874 -1.154133 -84.529373 2.150000 0.000000 0.000000
7500 25 P -183.818405 3.193413 -81.752319 2.110000 -1.000000 0.000000
7500 26 S -187.463776 1.828327 -81.736099 1.800000 0.000000 0.000000
7500 27 G -188.292419 -1.345719 -82.647148 2.150000 0.000000 0.000000
7500 28 P -187.179688 0.869968 -77.876938 2.110000 -1.000000 0.000000
7500 29 S -190.438217 -1.164406 -78.334976 1.800000 0.000000 0.000000
7500 30 C -188.634460 -4.219676 -78.932121 2.150000 0.000000 0.000000
7500 31 P -192.149307 -2.299360 -75.306686 2.110000 -1.000000 0.000000
7500 32 S -193.788803 -5.517264 -76.780960 1.800000 0.000000 0.000000
7500 33 C -190.766983 -7.351095 -76.100159 2.150000 0.000000 0.000000
7500 34 P -195.666077 -6.866098 -73.686981 2.110000 -1.000000 0.000000
7500 35 S -195.225388 -10.660281 -74.294884 1.800000 0.000000 0.000000
7500 36 U -192.088257 -11.416328 -72.803520 2.150000 0.000000 0.000000
7500 37 P -196.837158 -11.929285 -70.767883 2.110000 -1.000000 0.000000
8000 1 P -178.100616 -12.518340 -73.689903 2.110000 -1.000000 1.000000
8000 2 S -180.595032 -15.624404 -73.673477 1.800000 0.000000 0.000000
8000 3 G -183.368103 -13.667944 -74.127945 2.150000 0.000000 0.000000
8000 4 P -180.195724 -16.409328 -77.422310 2.110000 -1.000000 0.000000
8000 5 S -183.948532 -17.288692 -78.173119 1.800000 0.000000 0.000000
8000 6 G -185.094955 -13.905172 -78.434128 2.150000 0.000000 0.000000
8000 7 P -183.661514 -16.926592 -82.012421 2.110000 -1.000000 0.000000
8000 8 S -186.665375 -15.292251 -83.732750 1.800000 0.000000 0.000000
8000 9 G -187.609558 -12.090374 -83.123619 2.150000 0.000000 0.000000
8000 10 P -185.098175 -14.131701 -87.135345 2.110000 -1.000000 0.000000
8000 11 S -187.639404 -11.763136 -88.916710 1.800000 0.000000 0.000000
8000 12 C -187.402924 -9.170354 -86.899414 2.150000 0.000000 0.000000
8000 13 P -184.689575 -10.716133 -90.746407 2.110000 -1.000000 0.000000
8000 14 S -185.276688 -7.413892 -92.687714 1.800000 0.000000 0.000000
8000 15 G -186.667526 -5.738861 -89.873024 2.150000 0.000000 0.000000
8000 16 P -181.639740 -6.387286 -92.866295 2.110000 -1.000000 0.000000
8000 17 S -181.903168 -2.534998 -92.193260 1.800000 0.000000 0.000000
8000 18 C -181.892258 -2.116468 -95.603470 2.150000 0.000000 0.000000
8000 19 P -178.107758 -1.679000 -91.116669 2.110000 -1.000000 0.000000
8000 20 S -180.421738 1.212472 -90.237953 1.800000 0.000000 0.000000
8000 21 A -182.004349 -0.768452 -87.737000 2.150000 0.000000 0.000000
8000 22 P -178.737534 2.196277 -86.880203 2.110000 -1.000000 0.000000
8000 23 S -182.102875 1.997406 -85.006844 1.800000 0.000000 0.000000
8000 24 A -182.714462 -1.213116 -84.206779 2.150000 0.000000 0.000000
8000 25 P -183.533417 3.067891 -81.617271 2.110000 -1.000000 0.000000
8000 26 S -187.371140 1.834037 -81.756645 1.800000 0.000000 0.000000
8000 27 G -188.199783 -1.340009 -82.667694 2.150000 0.000000 0.000000
8000 28 P -187.097870 0.869709 -77.979607 2.110000 -1.000000 0.000000
8000 29 S -190.422775 -1.235998 -78.280380 1.800000 0.000000 0.000000
8000 30 C -188.566788 -4.249603 -78.930984 2.150000 0.000000 0.000000
8000 31 P -192.341354 -2.450933 -75.021881 2.110000 -1.000000 0.000000
8000 32 S -193.816193 -5.699801 -76.390205 1.800000 0.000000 0.000000
8000 33 C -190.794373 -7.533632 -75.709404 2.150000 0.000000 0.000000
8000 34 P -195.681946 -7.266974 -73.484566 2.110000 -1.000000 0.000000
8000 35 S -195.178833 -10.982370 -74.638405 1.800000 0.000000 0.000000
8000 36 U -192.041702 -11.738418 -73.147041 2.150000 0.000000 0.000000
8000 37 P -196.974075 -12.938553 -71.869232 2.110000 -1.000000 0.000000
8500 1 P -178.188004 -12.587768 -72.647102 2.110000 -1.000000 1.000000
8500 2 S -180.638412 -15.535789 -73.588127 1.800000 0.000000 0.000000
8500 3 G -183.407455 -13.570866 -74.024078 2.150000 0.000000 0.000000
8500 4 P -180.235077 -16.312256 -77.318443 2.110000 -1.000000 0.000000
8500 5 S -184.004471 -17.161566 -78.295578 1.800000 0.000000 0.000000
8500 6 G -185.146332 -13.780380 -78.590591 2.150000 0.000000 0.000000
8500 7 P -183.712891 -16.801804 -82.168884 2.110000 -1.000000 0.000000
8500 8 S -186.716858 -15.173833 -83.888145 1.800000 0.000000 0.000000
8500 9 G -187.628662 -12.001228 -83.191879 2.150000 0.000000 0.000000
8500 10 P -185.117279 -14.042556 -87.203606 2.110000 -1.000000 0.000000
8500 11 S -187.663864 -11.680406 -88.973862 1.800000 0.000000 0.000000
8500 12 C -187.608749 -9.164182 -86.867661 2.150000 0.000000 0.000000
8500 13 P -184.717102 -10.642365 -90.785767 2.110000 -1.000000 0.000000
8500 14 S -186.210907 -7.360264 -92.480377 1.800000 0.000000 0.000000
8500 15 G -186.637222 -5.711840 -89.310051 2.150000 0.000000 0.000000
8500 16 P -182.682877 -5.778341 -93.116653 2.110000 -1.000000 0.000000
8500 17 S -183.604019 -1.952564 -92.892311 1.800000 0.000000 0.000000
8500 18 C -183.368744 -0.882108 -96.117043 2.150000 0.000000 0.000000
8500 19 P -180.060516 -1.069366 -91.758018 2.110000 -1.000000 0.000000
8500 20 S -182.394547 1.793378 -90.839821 1.800000 0.000000 0.000000
8500 21 A -184.816895 -0.028694 -89.459824 2.150000 0.000000 0.000000
8500 22 P -179.854675 2.873656 -87.926865 2.110000 -1.000000 0.000000
8500 23 S -183.073151 2.125155 -85.602776 1.800000 0.000000 0.000000
8500 24 A -182.863113 -1.204287 -84.348289 2.150000 0.000000 0.000000
8500 25 P -183.844376 3.234631 -81.855873 2.110000 -1.000000 0.000000
8500 26 S -187.413589 1.930983 -81.856468 1.800000 0.000000 0.000000
8500 27 G -188.242233 -1.243063 -82.767517 2.150000 0.000000 0.000000
8500 28 P -187.140915 0.965582 -78.071815 2.110000 -1.000000 0.000000
8500 29 S -190.394409 -1.158912 -78.407951 1.800000 0.000000 0.000000
8500 30 C -188.538422 -4.172517 -79.058556 2.150000 0.000000 0.000000
8500 31 P -192.343582 -2.308950 -75.147980 2.110000 -1.000000 0.000000
8500 32 S -193.817398 -5.513858 -76.727234 1.800000 0.000000 0.000000
8500 33 C -190.795578 -7.347689 -76.046432 2.150000 0.000000 0.000000
8500 34 P -195.597061 -6.867906 -73.592033 2.110000 -1.000000 0.000000
8500 35 S -195.133682 -10.463770 -74.888161 1.800000 0.000000 0.000000
8500 36 U -191.996552 -11.219817 -73.396797 2.150000 0.000000 0.000000
8500 37 P -197.023224 -12.378980 -72.193192 2.110000 -1.000000 0.000000
9000 1 P -178.185638 -12.633166 -73.945625 2.110000 -1.000000 1.000000
9000 2 S -180.701584 -15.398303 -73.617172 1.800000 0.000000 0.000000
9000 3 G -183.458542 -13.505699 -74.096825 2.150000 0.000000 0.000000
9000 4 P -180.286163 -16.247089 -77.391190 2.110000 -1.000000 0.000000
9000 5 S -184.000992 -17.140551 -78.113792 1.800000 0.000000 0.000000
9000 6 G -185.128220 -13.791883 -78.369789 2.150000 0.000000 0.000000
9000 7 P -183.694778 -16.813307 -81.948082 2.110000 -1.000000 0.000000
9000 8 S -186.717712 -15.229434 -83.677704 1.800000 0.000000 0.000000
9000 9 G -187.629395 -12.049875 -82.984573 2.150000 0.000000 0.000000
9000 10 P -185.118011 -14.091203 -86.996300 2.110000 -1.000000 0.000000
9000 11 S -187.666214 -11.729321 -88.780594 1.800000 0.000000 0.000000
9000 12 C -187.602112 -9.221239 -86.661186 2.150000 0.000000 0.000000
9000 13 P -184.710464 -10.699423 -90.579292 2.110000 -1.000000 0.000000
9000 14 S -185.703598 -7.575322 -92.537659 1.800000 0.000000 0.000000
9000 15 G -186.224701 -5.497148 -89.759651 2.150000 0.000000 0.000000
9000 16 P -181.850906 -7.139642 -92.700745 2.110000 -1.000000 0.000000
9000 17 S -182.961349 -3.199280 -92.481918 1.800000 0.000000 0.000000
9000 18 C -182.361908 -2.958517 -95.882523 2.150000 0.000000 0.000000
9000 19 P -179.234375 -2.270748 -91.604912 2.110000 -1.000000 0.000000
9000 20 S -181.568420 0.593361 -90.680649 1.800000 0.000000 0.000000
9000 21 A -184.066696 -0.500872 -89.124329 2.150000 0.000000 0.000000
9000 22 P -179.555161 1.821390 -87.438576 2.110000 -1.000000 0.000000
9000 23 S -183.087128 2.230626 -85.634888 1.800000 0.000000 0.000000
9000 24 A -184.003922 -0.405812 -83.556473 2.150000 0.000000 0.000000
9000 25 P -183.680466 3.256308 -81.971954 2.110000 -1.000000 0.000000
9000 26 S -187.433533 1.823664 -81.573837 1.800000 0.000000 0.000000
9000 27 G -188.262177 -1.350382 -82.484886 2.150000 0.000000 0.000000
9000 28 P -187.132217 0.848176 -77.730644 2.110000 -1.000000 0.000000
9000 29 S -190.367371 -1.167559 -78.306587 1.800000 0.000000 0.000000
9000 30 C -188.705399 -4.233918 -78.850098 2.150000 0.000000 0.000000
9000 31 P -192.335190 -2.329424 -75.024467 2.110000 -1.000000 0.000000
9000 32 S -193.837570 -5.508996 -76.599693 1.800000 0.000000 0.000000
9000 33 C -190.815750 -7.342827 -75.918892 2.150000 0.000000 0.000000
9000 34 P -195.717819 -7.159117 -73.523430 2.110000 -1.000000 0.000000
9000 35 S -195.257294 -10.697856 -74.782356 1.800000 0.000000 0.000000
9000 36 U -192.120163 -11.453903 -73.290993 2.150000 0.000000 0.000000
9000 37 P -197.139084 -12.730051 -71.921204 2.110000 -1.000000 0.000000
9500 1 P -178.042648 -12.622930 -72.494576 2.110000 -1.000000 1.000000
9500 2 S -180.517685 -15.337514 -73.460350 1.800000 0.000000 0.000000
9500 3 G -183.386688 -13.684411 -73.700043 2.150000 0.000000 0.000000
9500 4 P -180.178146 -16.241980 -77.477386 2.110000 -1.000000 0.000000
9500 5 S -184.016022 -17.176931 -78.120247 1.800000 0.000000 0.000000
9500 6 G -185.111023 -13.832954 -78.318726 2.150000 0.000000 0.000000
9500 7 P -183.677582 -16.854383 -81.897018 2.110000 -1.000000 0.000000
9500 8 S -186.733505 -15.304770 -83.553879 1.800000 0.000000 0.000000
9500 9 G -187.636688 -12.119188 -82.830452 2.150000 0.000000 0.000000
9500 10 P -185.125305 -14.160516 -86.842178 2.110000 -1.000000 0.000000
9500 11 S -187.673752 -11.795512 -88.600540 1.800000 0.000000 0.000000
9500 12 C -187.488937 -9.128281 -86.739868 2.150000 0.000000 0.000000
9500 13 P -184.719391 -10.768938 -90.415680 2.110000 -1.000000 0.000000
9500 14 S -185.967102 -7.652690 -92.414169 1.800000 0.000000 0.000000
9500 15 G -186.579498 -5.940436 -89.545334 2.150000 0.000000 0.000000
9500 16 P -182.031021 -6.972762 -92.589600 2.110000 -1.000000 0.000000
9500 17 S -182.562988 -3.043019 -92.441353 1.800000 0.000000 0.000000
9500 18 C -183.195526 -3.038710 -89.231277 2.150000 0.000000 0.000000
9500 19 P -178.996567 -1.978307 -91.752052 2.110000 -1.000000 0.000000
9500 20 S -181.331421 0.884822 -90.825287 1.800000 0.000000 0.000000
9500 21 A -180.046646 2.467183 -93.515335 2.150000 0.000000 0.000000
9500 22 P -179.091202 2.253326 -87.780876 2.110000 -1.000000 0.000000
9500 23 S -182.690842 2.424069 -85.957962 1.800000 0.000000 0.000000
9500 24 A -182.940933 -0.893050 -85.404877 2.150000 0.000000 0.000000
9500 25 P -183.747101 3.475755 -82.260635 2.110000 -1.000000 0.000000
9500 26 S -187.320099 1.893745 -81.636375 1.800000 0.000000 0.000000
9500 27 G -188.148743 -1.280301 -82.547424 2.150000 0.000000 0.000000
9500 28 P -187.094498 0.960134 -77.920189 2.110000 -1.000000 0.000000
9500 29 S -190.294281 -1.172936 -78.247749 1.800000 0.000000 0.000000
9500 30 C -188.632309 -4.239295 -78.791260 2.150000 0.000000 0.000000
9500 31 P -192.271164 -2.335814 -74.964050 2.110000 -1.000000 0.000000
9500 32 S -193.751404 -5.512575 -76.423347 1.800000 0.000000 0.000000
9500 33 C -190.729584 -7.346406 -75.742546 2.150000 0.000000 0.000000
9500 34 P -195.651947 -7.198691 -73.492294 2.110000 -1.000000 0.000000
9500 35 S -195.158676 -10.823845 -74.871407 1.800000 0.000000 0.000000
9500 36 U -192.021545 -11.579892 -73.380043 2.150000 0.000000 0.000000
9500 37 P -196.858444 -13.031221 -71.991882 2.110000 -1.000000 0.000000
10000 1 P -178.136734 -12.688736 -73.390900 2.110000 -1.000000 1.000000
10000 2 S -180.542145 -15.795664 -73.542679 1.800000 0.000000 0.000000
10000 3 G -183.344330 -13.733841 -73.655510 2.150000 0.000000 0.000000
10000 4 P -180.135788 -16.291409 -77.432854 2.110000 -1.000000 0.000000
10000 5 S -183.921448 -17.304121 -77.859337 1.800000 0.000000 0.000000
10000 6 G -185.062820 -14.004950 -78.072144 2.150000 0.000000 0.000000
10000 7 P -183.629379 -17.026377 -81.650436 2.110000 -1.000000 0.000000
10000 8 S -186.728104 -15.467928 -83.416702 1.800000 0.000000 0.000000
10000 9 G -187.639038 -12.242766 -82.702827 2.150000 0.000000 0.000000
10000 10 P -185.127655 -14.284094 -86.714554 2.110000 -1.000000 0.000000
10000 11 S -187.676498 -11.987904 -88.301292 1.800000 0.000000 0.000000
10000 12 C -187.471603 -9.271217 -86.508080 2.150000 0.000000 0.000000
10000 13 P -184.702057 -10.911875 -90.183891 2.110000 -1.000000 0.000000
10000 14 S -185.590408 -7.771636 -92.375717 1.800000 0.000000 0.000000
10000 15 G -186.322083 -6.022065 -89.579872 2.150000 0.000000 0.000000
10000 16 P -181.757950 -7.313925 -92.754303 2.110000 -1.000000 0.000000
10000 17 S -182.251312 -3.383684 -92.609863 1.800000 0.000000 0.000000
10000 18 C -182.186798 -4.053121 -89.114296 2.150000 0.000000 0.000000
10000 19 P -178.485458 -2.275961 -91.985474 2.110000 -1.000000 0.000000
10000 20 S -180.825867 0.657631 -91.237999 1.800000 0.000000 0.000000
10000 21 A -184.088959 -0.608450 -90.042686 2.150000 0.000000 0.000000
10000 22 P -178.953995 1.970149 -87.925766 2.110000 -1.000000 0.000000
10000 23 S -182.476837 2.502410 -86.241089 1.800000 0.000000 0.000000
10000 24 A -183.353317 -0.802924 -85.310738 2.150000 0.000000 0.000000
10000 25 P -183.867844 3.713172 -82.786522 2.110000 -1.000000 0.000000
10000 26 S -187.573273 2.152623 -82.158371 1.800000 0.000000 0.000000
10000 27 G -188.019684 -1.101338 -82.923508 2.150000 0.000000 0.000000
10000 28 P -187.094727 1.160990 -78.513390 2.110000 -1.000000 0.000000
10000 29 S -190.313187 -1.084834 -78.543938 1.800000 0.000000 0.000000
10000 30 C -188.651215 -4.151193 -79.087448 2.150000 0.000000 0.000000
10000 31 P -192.310532 -2.247099 -75.307701 2.110000 -1.000000 0.000000
10000 32 S -193.710846 -5.431831 -76.747879 1.800000 0.000000 0.000000
10000 33 C -190.689026 -7.265662 -76.067078 2.150000 0.000000 0.000000
10000 34 P -195.644760 -6.972658 -73.849365 2.110000 -1.000000 0.000000
10000 35 S -195.131851 -10.611590 -75.377808 1.800000 0.000000 0.000000
10000 36 U -191.994720 -11.367638 -73.886444 2.150000 0.000000 0.000000
10000 37 P -197.192245 -12.173285 -72.369881 2.110000 -1.000000 0.000000
