500 1 P -178.629288 -14.060776 -71.617943 2.110000 -1.000000 1.000000
500 2 S -181.531464 -16.577402 -72.673592 1.800000 0.000000 0.000000
500 3 G -183.629547 -13.897137 -72.650818 2.150000 0.000000 0.000000
500 4 P -180.326279 -16.466082 -76.374176 2.110000 -1.000000 0.000000
500 5 S -184.017761 -16.959387 -78.111809 1.800000 0.000000 0.000000
500 6 G -184.539566 -13.326823 -77.916351 2.150000 0.000000 0.000000
500 7 P -183.425415 -16.623890 -81.899010 2.110000 -1.000000 0.000000
500 8 S -186.342957 -15.103183 -84.074387 1.800000 0.000000 0.000000
500 9 G -186.988937 -12.017117 -82.987343 2.150000 0.000000 0.000000
500 10 P -185.061966 -13.829226 -87.644485 2.110000 -1.000000 0.000000
500 11 S -187.720230 -11.701473 -89.170708 1.800000 0.000000 0.000000
500 12 C -186.992538 -9.154658 -87.179779 2.150000 0.000000 0.000000
500 13 P -184.821564 -10.592989 -91.320816 2.110000 -1.000000 0.000000
500 14 S -186.137772 -7.856418 -93.406738 1.800000 0.000000 0.000000
500 15 G -187.565704 -5.999969 -90.715508 2.150000 0.000000 0.000000
500 16 P -182.184509 -7.287893 -93.099846 2.110000 -1.000000 0.000000
500 17 S -183.075241 -3.570303 -92.428909 1.800000 0.000000 0.000000
500 18 C -181.906647 -1.909028 -95.042763 2.150000 0.000000 0.000000
500 19 P -179.455307 -2.779640 -90.954079 2.110000 -1.000000 0.000000
500 20 S -181.739960 0.177643 -89.975136 1.800000 0.000000 0.000000
500 21 A -182.428101 -2.444187 -87.628807 2.150000 0.000000 0.000000
500 22 P -179.727188 1.936879 -87.140854 2.110000 -1.000000 0.000000
500 23 S -183.581528 2.320970 -85.847160 1.800000 0.000000 0.000000
500 24 A -182.146378 5.400091 -85.162468 2.150000 0.000000 0.000000
500 25 P -183.162521 3.303058 -82.233055 2.110000 -1.000000 0.000000
500 26 S -186.798691 1.862549 -81.828644 1.800000 0.000000 0.000000
500 27 G -187.929001 -1.212282 -83.072830 2.150000 0.000000 0.000000
500 28 P -187.668381 1.230199 -78.018227 2.110000 -1.000000 0.000000
500 29 S -190.772736 -0.934123 -78.953026 1.800000 0.000000 0.000000
500 30 C -189.132416 -4.088902 -79.728256 2.150000 0.000000 0.000000
500 31 P -192.603912 -2.349441 -75.903725 2.110000 -1.000000 0.000000
500 32 S -193.774200 -5.529243 -77.764534 1.800000 0.000000 0.000000
500 33 C -190.820847 -7.055185 -76.455818 2.150000 0.000000 0.000000
500 34 P -195.145691 -6.754177 -74.390923 2.110000 -1.000000 0.000000
500 35 S -195.045853 -10.441218 -74.983986 1.800000 0.000000 0.000000
500 36 U -191.783691 -10.124907 -73.220787 2.150000 0.000000 0.000000
500 37 P -196.310638 -12.682673 -72.173080 2.110000 -1.000000 0.000000
1000 1 P -178.735428 -14.333133 -72.386955 2.110000 -1.000000 1.000000
1000 2 S -181.742386 -16.665934 -73.142296 1.800000 0.000000 0.000000
1000 3 G -183.719055 -13.770497 -73.325043 2.150000 0.000000 0.000000
1000 4 P -180.500854 -16.426630 -76.853157 2.110000 -1.000000 0.000000
1000 5 S -184.039047 -16.991070 -78.504601 1.800000 0.000000 0.000000
1000 6 G -184.514679 -13.271260 -78.039780 2.150000 0.000000 0.000000
1000 7 P -183.425690 -16.567490 -82.327194 2.110000 -1.000000 0.000000
1000 8 S -186.338486 -15.043763 -84.457741 1.800000 0.000000 0.000000
1000 9 G -186.938477 -11.946330 -83.320541 2.150000 0.000000 0.000000
1000 10 P -185.011505 -13.758439 -87.977684 2.110000 -1.000000 0.000000
1000 11 S -187.668839 -11.656044 -89.356133 1.800000 0.000000 0.000000
1000 12 C -186.970703 -9.145059 -87.075554 2.150000 0.000000 0.000000
1000 13 P -184.799728 -10.583389 -91.216591 2.110000 -1.000000 0.000000
1000 14 S -185.893875 -7.781622 -93.865608 1.800000 0.000000 0.000000
1000 15 G -186.521301 -6.045703 -90.893715 2.150000 0.000000 0.000000
1000 16 P -182.294174 -6.376006 -93.845169 2.110000 -1.000000 0.000000
1000 17 S -182.752747 -2.495889 -93.595985 1.800000 0.000000 0.000000
1000 18 C -182.648117 -1.593507 -96.846756 2.150000 0.000000 0.000000
1000 19 P -179.183502 -1.624222 -91.964592 2.110000 -1.000000 0.000000
1000 20 S -181.468155 1.333061 -90.985649 1.800000 0.000000 0.000000
1000 21 A -184.189529 -0.711465 -90.160500 2.150000 0.000000 0.000000
1000 22 P -179.817871 3.102090 -87.816513 2.110000 -1.000000 0.000000
1000 23 S -183.312790 2.668736 -86.312851 1.800000 0.000000 0.000000
1000 24 A -184.736130 -0.550671 -86.235863 2.150000 0.000000 0.000000
1000 25 P -183.538483 3.437180 -82.297821 2.110000 -1.000000 0.000000
1000 26 S -187.114258 1.945925 -82.078659 1.800000 0.000000 0.000000
1000 27 G -188.244568 -1.128906 -83.322845 2.150000 0.000000 0.000000
1000 28 P -187.885208 1.224047 -78.362083 2.110000 -1.000000 0.000000
1000 29 S -190.927963 -1.039877 -79.025635 1.800000 0.000000 0.000000
1000 30 C -189.287643 -4.194657 -79.800865 2.150000 0.000000 0.000000
1000 31 P -192.847366 -2.513262 -76.126671 2.110000 -1.000000 0.000000
1000 32 S -193.943924 -5.649448 -78.224373 1.800000 0.000000 0.000000
1000 33 C -190.990570 -7.175390 -76.915657 2.150000 0.000000 0.000000
1000 34 P -195.290894 -6.534297 -74.605576 2.110000 -1.000000 0.000000
1000 35 S -195.219193 -10.476678 -75.153969 1.800000 0.000000 0.000000
1000 36 U -191.957031 -10.160366 -73.390770 2.150000 0.000000 0.000000
1000 37 P -196.153717 -11.863688 -71.600029 2.110000 -1.000000 0.000000
1500 1 P -178.855850 -14.567241 -71.177238 2.110000 -1.000000 1.000000
1500 2 S -181.810242 -16.822815 -72.651817 1.800000 0.000000 0.000000
1500 3 G -183.777649 -13.824107 -72.848969 2.150000 0.000000 0.000000
1500 4 P -180.559448 -16.480238 -76.377083 2.110000 -1.000000 0.000000
1500 5 S -184.122849 -17.044222 -78.098846 1.800000 0.000000 0.000000
1500 6 G -184.576004 -13.288573 -77.700439 2.150000 0.000000 0.000000
1500 7 P -183.487015 -16.584801 -81.987854 2.110000 -1.000000 0.000000
1500 8 S -186.378723 -15.031013 -84.212692 1.800000 0.000000 0.000000
1500 9 G -186.967072 -11.925235 -83.161514 2.150000 0.000000 0.000000
1500 10 P -185.040100 -13.737344 -87.818657 2.110000 -1.000000 0.000000
1500 11 S -187.673660 -11.664589 -89.228104 1.800000 0.000000 0.000000
1500 12 C -186.975525 -9.153604 -86.947525 2.150000 0.000000 0.000000
1500 13 P -184.804550 -10.591934 -91.088562 2.110000 -1.000000 0.000000
1500 14 S -185.944077 -7.432607 -93.368362 1.800000 0.000000 0.000000
1500 15 G -188.182648 -6.679746 -90.692276 2.150000 0.000000 0.000000
1500 16 P -182.243042 -6.745502 -93.491631 2.110000 -1.000000 0.000000
1500 17 S -182.242035 -2.904803 -93.034508 1.800000 0.000000 0.000000
1500 18 C -183.382629 -2.038848 -89.857384 2.150000 0.000000 0.000000
1500 19 P -178.542618 -2.008001 -91.325516 2.110000 -1.000000 0.000000
1500 20 S -180.836258 0.943108 -90.341110 1.800000 0.000000 0.000000
1500 21 A -179.530350 3.132011 -92.615257 2.150000 0.000000 0.000000
1500 22 P -179.256958 2.193212 -87.199097 2.110000 -1.000000 0.000000
1500 23 S -182.625656 2.480581 -85.590492 1.800000 0.000000 0.000000
1500 24 A -183.389084 -1.081578 -85.314903 2.150000 0.000000 0.000000
1500 25 P -183.359634 3.416464 -82.036827 2.110000 -1.000000 0.000000
1500 26 S -187.010925 2.029739 -82.156158 1.800000 0.000000 0.000000
1500 27 G -188.141235 -1.045093 -83.400345 2.150000 0.000000 0.000000
1500 28 P -187.909714 1.225860 -78.372688 2.110000 -1.000000 0.000000
1500 29 S -190.909912 -0.962980 -79.117950 1.800000 0.000000 0.000000
1500 30 C -189.016327 -4.004347 -79.626404 2.150000 0.000000 0.000000
1500 31 P -193.080414 -2.415587 -76.324883 2.110000 -1.000000 0.000000
1500 32 S -193.963287 -5.575885 -78.231285 1.800000 0.000000 0.000000
1500 33 C -191.009933 -7.101827 -76.922569 2.150000 0.000000 0.000000
1500 34 P -195.400192 -6.681952 -74.754402 2.110000 -1.000000 0.000000
1500 35 S -195.217117 -10.578948 -75.280243 1.800000 0.000000 0.000000
1500 36 U -191.954956 -10.262636 -73.517044 2.150000 0.000000 0.000000
1500 37 P -196.697754 -12.223027 -71.904663 2.110000 -1.000000 0.000000
2000 1 P -178.658203 -13.899396 -71.917068 2.110000 -1.000000 1.000000
2000 2 S -181.521912 -16.482130 -72.806770 1.800000 0.000000 0.000000
2000 3 G -183.715836 -13.895081 -72.894341 2.150000 0.000000 0.000000
2000 4 P -180.365265 -16.246519 -76.514267 2.110000 -1.000000 0.000000
2000 5 S -183.959183 -16.818167 -78.210564 1.800000 0.000000 0.000000
2000 6 G -184.596542 -13.333111 -77.706001 2.150000 0.000000 0.000000
2000 7 P -183.507553 -16.629341 -81.993416 2.110000 -1.000000 0.000000
2000 8 S -186.462906 -15.128325 -84.075233 1.800000 0.000000 0.000000
2000 9 G -187.042465 -12.033730 -83.007507 2.150000 0.000000 0.000000
2000 10 P -185.115494 -13.845839 -87.664650 2.110000 -1.000000 0.000000
2000 11 S -187.631866 -11.608329 -89.425308 1.800000 0.000000 0.000000
2000 12 C -186.917740 -9.103453 -87.066185 2.150000 0.000000 0.000000
2000 13 P -184.746765 -10.541783 -91.207222 2.110000 -1.000000 0.000000
2000 14 S -185.535645 -7.368452 -93.197403 1.800000 0.000000 0.000000
2000 15 G -187.465271 -5.550378 -90.653618 2.150000 0.000000 0.000000
2000 16 P -181.517853 -6.453642 -92.930550 2.110000 -1.000000 0.000000
2000 17 S -181.886688 -2.501151 -92.666451 1.800000 0.000000 0.000000
2000 18 C -182.875473 -1.853192 -89.558784 2.150000 0.000000 0.000000
2000 19 P -178.245773 -1.824007 -91.143234 2.110000 -1.000000 0.000000
2000 20 S -180.539413 1.127101 -90.158829 1.800000 0.000000 0.000000
2000 21 A -180.606155 3.157939 -92.833839 2.150000 0.000000 0.000000
2000 22 P -178.836365 2.245911 -87.103691 2.110000 -1.000000 0.000000
2000 23 S -182.437546 2.205733 -85.668068 1.800000 0.000000 0.000000
2000 24 A -183.180054 -1.124380 -85.618332 2.150000 0.000000 0.000000
2000 25 P -182.828278 3.187606 -82.024422 2.110000 -1.000000 0.000000
2000 26 S -186.626389 2.171253 -82.398125 1.800000 0.000000 0.000000
2000 27 G -187.756699 -0.903578 -83.642311 2.150000 0.000000 0.000000
2000 28 P -187.389618 1.336443 -78.735527 2.110000 -1.000000 0.000000
2000 29 S -190.564514 -0.840616 -79.350182 1.800000 0.000000 0.000000
2000 30 C -188.670929 -3.881983 -79.858635 2.150000 0.000000 0.000000
2000 31 P -192.786057 -2.257859 -76.468315 2.110000 -1.000000 0.000000
2000 32 S -193.859222 -5.517077 -78.209633 1.800000 0.000000 0.000000
2000 33 C -190.905869 -7.043018 -76.900917 2.150000 0.000000 0.000000
2000 34 P -195.329895 -6.655937 -74.790199 2.110000 -1.000000 0.000000
2000 35 S -195.156693 -10.513385 -74.917351 1.800000 0.000000 0.000000
2000 36 U -191.964081 -10.339558 -73.654655 2.150000 0.000000 0.000000
2000 37 P -196.012344 -11.150800 -71.103683 2.110000 -1.000000 0.000000
2500 1 P -178.857681 -13.903480 -70.675941 2.110000 -1.000000 1.000000
2500 2 S -181.426483 -16.436298 -72.846985 1.800000 0.000000 0.000000
2500 3 G -183.642960 -13.825191 -72.921509 2.150000 0.000000 0.000000
2500 4 P -180.292389 -16.176630 -76.541435 2.110000 -1.000000 0.000000
2500 5 S -183.845413 -16.756199 -78.219940 1.800000 0.000000 0.000000
2500 6 G -184.579727 -13.318501 -77.762177 2.150000 0.000000 0.000000
2500 7 P -183.490738 -16.614733 -82.049591 2.110000 -1.000000 0.000000
2500 8 S -186.437180 -15.106908 -84.112534 1.800000 0.000000 0.000000
2500 9 G -187.258133 -11.775532 -83.766586 2.150000 0.000000 0.000000
2500 10 P -185.094452 -13.822322 -87.543594 2.110000 -1.000000 0.000000
2500 11 S -187.563324 -11.474840 -89.677917 1.800000 0.000000 0.000000
2500 12 C -186.940399 -8.991236 -87.313835 2.150000 0.000000 0.000000
2500 13 P -184.654785 -10.397700 -91.489357 2.110000 -1.000000 0.000000
2500 14 S -186.059067 -6.876802 -93.060974 1.800000 0.000000 0.000000
2500 15 G -186.452423 -5.545502 -89.966805 2.150000 0.000000 0.000000
2500 16 P -182.126617 -6.472448 -93.256683 2.110000 -1.000000 0.000000
2500 17 S -182.617523 -2.670444 -93.306068 1.800000 0.000000 0.000000
2500 18 C -180.235062 -2.664379 -95.827133 2.150000 0.000000 0.000000
2500 19 P -179.173370 -1.783618 -91.839996 2.110000 -1.000000 0.000000
2500 20 S -181.478790 1.212916 -90.897308 1.800000 0.000000 0.000000
2500 21 A -184.714157 0.256169 -90.277580 2.150000 0.000000 0.000000
2500 22 P -179.344162 1.836240 -87.890091 2.110000 -1.000000 0.000000
2500 23 S -182.709641 2.264734 -85.968597 1.800000 0.000000 0.000000
2500 24 A -183.271072 -1.193345 -86.232506 2.150000 0.000000 0.000000
2500 25 P -183.230484 3.453471 -82.285400 2.110000 -1.000000 0.000000
2500 26 S -186.949417 2.147250 -82.372940 1.800000 0.000000 0.000000
2500 27 G -188.079727 -0.927581 -83.617126 2.150000 0.000000 0.000000
2500 28 P -187.470993 1.246531 -78.472427 2.110000 -1.000000 0.000000
2500 29 S -190.542206 -0.859311 -79.374466 1.800000 0.000000 0.000000
2500 30 C -188.613663 -3.789605 -80.073242 2.150000 0.000000 0.000000
2500 31 P -192.903778 -2.264743 -76.451950 2.110000 -1.000000 0.000000
2500 32 S -193.779617 -5.395319 -78.439545 1.800000 0.000000 0.000000
2500 33 C -190.826263 -6.921260 -77.130829 2.150000 0.000000 0.000000
2500 34 P -195.205185 -6.417181 -74.855560 2.110000 -1.000000 0.000000
2500 35 S -195.007446 -10.296492 -75.107193 1.800000 0.000000 0.000000
2500 36 U -191.782913 -10.184530 -73.802994 2.150000 0.000000 0.000000
2500 37 P -196.407120 -10.182446 -71.398956 2.110000 -1.000000 0.000000
3000 1 P -178.649582 -13.852459 -71.905731 2.110000 -1.000000 1.000000
3000 2 S -181.328140 -16.411825 -72.985016 1.800000 0.000000 0.000000
3000 3 G -183.608582 -13.764735 -73.232887 2.150000 0.000000 0.000000
3000 4 P -180.258011 -16.116180 -76.852814 2.110000 -1.000000 0.000000
3000 5 S -183.834045 -16.766294 -78.339348 1.800000 0.000000 0.000000
3000 6 G -184.536682 -13.218734 -77.945503 2.150000 0.000000 0.000000
3000 7 P -183.447693 -16.514969 -82.232918 2.110000 -1.000000 0.000000
3000 8 S -186.427170 -15.081902 -84.071190 1.800000 0.000000 0.000000
3000 9 G -187.456284 -12.041815 -83.259758 2.150000 0.000000 0.000000
3000 10 P -185.135483 -13.857744 -87.515442 2.110000 -1.000000 0.000000
3000 11 S -187.655807 -11.642612 -89.312889 1.800000 0.000000 0.000000
3000 12 C -186.911530 -8.998321 -87.250999 2.150000 0.000000 0.000000
3000 13 P -184.625916 -10.404785 -91.426521 2.110000 -1.000000 0.000000
3000 14 S -185.757141 -7.269905 -93.395950 1.800000 0.000000 0.000000
3000 15 G -185.698181 -5.073486 -90.672401 2.150000 0.000000 0.000000
3000 16 P -181.764969 -7.029570 -93.582764 2.110000 -1.000000 0.000000
3000 17 S -181.687378 -3.117853 -93.905014 1.800000 0.000000 0.000000
3000 18 C -181.235901 -0.741284 -96.372803 2.150000 0.000000 0.000000
3000 19 P -178.283585 -2.159057 -92.402420 2.110000 -1.000000 0.000000
3000 20 S -180.589005 0.837476 -91.459732 1.800000 0.000000 0.000000
3000 21 A -183.508606 -0.537134 -90.773857 2.150000 0.000000 0.000000
3000 22 P -178.745422 1.831760 -88.044167 2.110000 -1.000000 0.000000
3000 23 S -182.281128 2.399482 -86.058784 1.800000 0.000000 0.000000
3000 24 A -183.688522 -0.784563 -85.872528 2.150000 0.000000 0.000000
3000 25 P -183.375366 3.507174 -82.323685 2.110000 -1.000000 0.000000
3000 26 S -187.046829 2.136452 -82.366882 1.800000 0.000000 0.000000
3000 27 G -188.177139 -0.938380 -83.611069 2.150000 0.000000 0.000000
3000 28 P -187.590103 1.263443 -78.600250 2.110000 -1.000000 0.000000
3000 29 S -190.647003 -0.872397 -79.509438 1.800000 0.000000 0.000000
3000 30 C -188.692673 -3.758408 -80.225029 2.150000 0.000000 0.000000
3000 31 P -192.877151 -2.209375 -76.489548 2.110000 -1.000000 0.000000
3000 32 S -193.754654 -5.359067 -78.417786 1.800000 0.000000 0.000000
3000 33 C -190.801300 -6.885009 -77.109070 2.150000 0.000000 0.000000
3000 34 P -195.229935 -6.326763 -74.841293 2.110000 -1.000000 0.000000
3000 35 S -195.112885 -10.258293 -75.151695 1.800000 0.000000 0.000000
3000 36 U -191.866653 -10.612764 -74.665100 2.150000 0.000000 0.000000
3000 37 P -195.780472 -11.863917 -71.407730 2.110000 -1.000000 0.000000
3500 1 P -178.928360 -14.157748 -71.411888 2.110000 -1.000000 1.000000
3500 2 S -181.494614 -16.545099 -73.055656 1.800000 0.000000 0.000000
3500 3 G -183.728653 -13.807091 -73.111443 2.150000 0.000000 0.000000
3500 4 P -180.378082 -16.158535 -76.731369 2.110000 -1.000000 0.000000
3500 5 S -183.865616 -16.753759 -78.172302 1.800000 0.000000 0.000000
3500 6 G -184.538818 -13.198117 -77.796890 2.150000 0.000000 0.000000
3500 7 P -183.449829 -16.494345 -82.084305 2.110000 -1.000000 0.000000
3500 8 S -186.409119 -15.056755 -84.109756 1.800000 0.000000 0.000000
3500 9 G -187.240860 -12.215493 -82.605545 2.150000 0.000000 0.000000
3500 10 P -185.102737 -13.829119 -87.574089 2.110000 -1.000000 0.000000
3500 11 S -187.624313 -11.599219 -89.388512 1.800000 0.000000 0.000000
3500 12 C -186.945389 -9.027165 -87.259491 2.150000 0.000000 0.000000
3500 13 P -184.585922 -10.334728 -91.554214 2.110000 -1.000000 0.000000
3500 14 S -185.785126 -6.967426 -93.230766 1.800000 0.000000 0.000000
3500 15 G -185.994186 -7.597083 -96.703644 2.150000 0.000000 0.000000
3500 16 P -181.858612 -6.949903 -93.099922 2.110000 -1.000000 0.000000
3500 17 S -181.322723 -2.991580 -93.646523 1.800000 0.000000 0.000000
3500 18 C -181.307068 -2.159583 -96.992081 2.150000 0.000000 0.000000
3500 19 P -177.846985 -2.251759 -91.953407 2.110000 -1.000000 0.000000
3500 20 S -180.152405 0.744776 -91.010719 1.800000 0.000000 0.000000
3500 21 A -182.001938 -1.261893 -89.040344 2.150000 0.000000 0.000000
3500 22 P -178.291214 1.440778 -87.799301 2.110000 -1.000000 0.000000
3500 23 S -181.848740 2.194176 -86.047066 1.800000 0.000000 0.000000
3500 24 A -183.389282 4.698792 -87.793091 2.150000 0.000000 0.000000
3500 25 P -183.107040 3.324814 -82.188591 2.110000 -1.000000 0.000000
3500 26 S -186.874252 2.175437 -82.500374 1.800000 0.000000 0.000000
3500 27 G -188.004562 -0.899394 -83.744560 2.150000 0.000000 0.000000
3500 28 P -187.649918 1.293354 -78.790016 2.110000 -1.000000 0.000000
3500 29 S -190.721146 -0.872358 -79.503387 1.800000 0.000000 0.000000
3500 30 C -188.766815 -3.758369 -80.218979 2.150000 0.000000 0.000000
3500 31 P -192.844101 -2.103066 -76.522591 2.110000 -1.000000 0.000000
3500 32 S -193.767502 -5.345320 -78.393806 1.800000 0.000000 0.000000
3500 33 C -190.814148 -6.871261 -77.085091 2.150000 0.000000 0.000000
3500 34 P -195.240234 -6.231933 -74.932930 2.110000 -1.000000 0.000000
3500 35 S -195.187134 -10.234656 -75.035309 1.800000 0.000000 0.000000
3500 36 U -191.974091 -10.695436 -74.522102 2.150000 0.000000 0.000000
3500 37 P -196.361130 -10.936822 -71.351929 2.110000 -1.000000 0.000000
4000 1 P -178.781540 -13.221131 -71.023422 2.110000 -1.000000 1.000000
4000 2 S -181.025604 -15.697640 -72.985405 1.800000 0.000000 0.000000
4000 3 G -183.826065 -13.817980 -73.047333 2.150000 0.000000 0.000000
4000 4 P -180.327545 -15.980534 -76.844955 2.110000 -1.000000 0.000000
4000 5 S -183.893494 -16.802820 -78.205536 1.800000 0.000000 0.000000
4000 6 G -184.562897 -13.253136 -77.720543 2.150000 0.000000 0.000000
4000 7 P -183.473907 -16.549358 -82.007957 2.110000 -1.000000 0.000000
4000 8 S -186.422211 -15.099704 -84.041473 1.800000 0.000000 0.000000
4000 9 G -186.806000 -12.235185 -82.125656 2.150000 0.000000 0.000000
4000 10 P -185.148117 -13.869887 -87.421173 2.110000 -1.000000 0.000000
4000 11 S -187.616821 -11.584242 -89.412827 1.800000 0.000000 0.000000
4000 12 C -186.939758 -9.010661 -87.320915 2.150000 0.000000 0.000000
4000 13 P -184.580292 -10.318224 -91.615639 2.110000 -1.000000 0.000000
4000 14 S -185.200012 -7.078335 -93.546425 1.800000 0.000000 0.000000
4000 15 G -186.173172 -4.768623 -90.916031 2.150000 0.000000 0.000000
4000 16 P -181.483032 -6.583047 -93.786835 2.110000 -1.000000 0.000000
4000 17 S -181.230621 -2.661664 -94.276764 1.800000 0.000000 0.000000
4000 18 C -182.591522 -2.648565 -91.226982 2.150000 0.000000 0.000000
4000 19 P -177.852020 -1.834448 -92.731125 2.110000 -1.000000 0.000000
4000 20 S -180.162918 1.163802 -91.801888 1.800000 0.000000 0.000000
4000 21 A -179.265152 4.388964 -92.605019 2.150000 0.000000 0.000000
4000 22 P -178.883072 1.993020 -88.342964 2.110000 -1.000000 0.000000
4000 23 S -182.251328 2.260871 -86.133904 1.800000 0.000000 0.000000
4000 24 A -184.736862 -0.078664 -86.284172 2.150000 0.000000 0.000000
4000 25 P -183.191940 3.470223 -82.619209 2.110000 -1.000000 0.000000
4000 26 S -186.912491 2.261960 -82.757790 1.800000 0.000000 0.000000
4000 27 G -188.042801 -0.812871 -84.001976 2.150000 0.000000 0.000000
4000 28 P -187.713181 1.323711 -78.870972 2.110000 -1.000000 0.000000
4000 29 S -190.712402 -0.891279 -79.578636 1.800000 0.000000 0.000000
4000 30 C -188.758072 -3.777290 -80.294228 2.150000 0.000000 0.000000
4000 31 P -192.850800 -2.125051 -76.630020 2.110000 -1.000000 0.000000
4000 32 S -193.760971 -5.345091 -78.441971 1.800000 0.000000 0.000000
4000 33 C -190.807617 -6.871032 -77.133255 2.150000 0.000000 0.000000
4000 34 P -195.299835 -6.248375 -74.943550 2.110000 -1.000000 0.000000
4000 35 S -195.195114 -10.207377 -75.153366 1.800000 0.000000 0.000000
4000 36 U -191.982071 -10.668157 -74.640160 2.150000 0.000000 0.000000
4000 37 P -196.070435 -10.872735 -71.601013 2.110000 -1.000000 0.000000
4500 1 P -178.371140 -12.819781 -72.739235 2.110000 -1.000000 1.000000
4500 2 S -181.008057 -15.761764 -73.316872 1.800000 0.000000 0.000000
4500 3 G -183.782394 -13.897251 -73.423332 2.150000 0.000000 0.000000
4500 4 P -180.283875 -16.059809 -77.220955 2.110000 -1.000000 0.000000
4500 5 S -183.852188 -16.895094 -78.290466 1.800000 0.000000 0.000000
4500 6 G -184.543579 -13.370301 -77.813431 2.150000 0.000000 0.000000
4500 7 P -183.402252 -16.580545 -82.151024 2.110000 -1.000000 0.000000
4500 8 S -186.435150 -15.097230 -84.211609 1.800000 0.000000 0.000000
4500 9 G -187.054214 -11.854196 -83.644707 2.150000 0.000000 0.000000
4500 10 P -185.165558 -13.870177 -87.586197 2.110000 -1.000000 0.000000
4500 11 S -187.590408 -11.557536 -89.550903 1.800000 0.000000 0.000000
4500 12 C -186.901810 -8.984768 -87.444931 2.150000 0.000000 0.000000
4500 13 P -184.542343 -10.292331 -91.739655 2.110000 -1.000000 0.000000
4500 14 S -185.768448 -6.966467 -93.315536 1.800000 0.000000 0.000000
4500 15 G -185.541611 -4.519009 -90.966141 2.150000 0.000000 0.000000
4500 16 P -181.953247 -6.139531 -93.762184 2.110000 -1.000000 0.000000
4500 17 S -181.806641 -2.282222 -93.891472 1.800000 0.000000 0.000000
4500 18 C -181.206192 -2.771946 -97.238174 2.150000 0.000000 0.000000
4500 19 P -178.462677 -1.645115 -91.740273 2.110000 -1.000000 0.000000
4500 20 S -180.852402 1.204311 -90.547539 1.800000 0.000000 0.000000
4500 21 A -183.408981 -0.807324 -89.802574 2.150000 0.000000 0.000000
4500 22 P -178.856934 1.856855 -87.202858 2.110000 -1.000000 0.000000
4500 23 S -182.191376 1.917166 -85.039268 1.800000 0.000000 0.000000
4500 24 A -183.934891 4.153876 -87.208298 2.150000 0.000000 0.000000
4500 25 P -183.299973 3.090947 -81.512321 2.110000 -1.000000 0.000000
4500 26 S -187.007370 2.137082 -82.418571 1.800000 0.000000 0.000000
4500 27 G -188.137680 -0.937749 -83.662758 2.150000 0.000000 0.000000
4500 28 P -187.615067 1.223350 -78.647804 2.110000 -1.000000 0.000000
4500 29 S -190.678635 -0.969919 -79.415001 1.800000 0.000000 0.000000
4500 30 C -188.724304 -3.855931 -80.130592 2.150000 0.000000 0.000000
4500 31 P -192.919678 -2.340859 -76.602036 2.110000 -1.000000 0.000000
4500 32 S -193.852859 -5.585196 -78.464165 1.800000 0.000000 0.000000
4500 33 C -190.899506 -7.111137 -77.155449 2.150000 0.000000 0.000000
4500 34 P -195.451767 -6.429637 -74.902336 2.110000 -1.000000 0.000000
4500 35 S -195.269684 -10.345702 -75.184334 1.800000 0.000000 0.000000
4500 36 U -192.072784 -10.913768 -74.737762 2.150000 0.000000 0.000000
4500 37 P -195.979904 -9.671704 -71.518501 2.110000 -1.000000 0.000000
5000 1 P -178.436630 -13.343019 -72.701485 2.110000 -1.000000 1.000000
5000 2 S -181.120392 -16.010275 -73.552078 1.800000 0.000000 0.000000
5000 3 G -183.773392 -14.028358 -73.603661 2.150000 0.000000 0.000000
5000 4 P -180.274872 -16.190918 -77.401283 2.110000 -1.000000 0.000000
5000 5 S -183.826797 -16.914038 -78.605927 1.800000 0.000000 0.000000
5000 6 G -184.489075 -13.360161 -78.166138 2.150000 0.000000 0.000000
5000 7 P -183.347748 -16.570404 -82.503731 2.110000 -1.000000 0.000000
5000 8 S -186.406113 -15.085930 -84.278984 1.800000 0.000000 0.000000
5000 9 G -187.025360 -11.823378 -83.655373 2.150000 0.000000 0.000000
5000 10 P -185.136703 -13.839359 -87.596863 2.110000 -1.000000 0.000000
5000 11 S -187.580765 -11.573283 -89.457993 1.800000 0.000000 0.000000
5000 12 C -186.974792 -8.879963 -87.511559 2.150000 0.000000 0.000000
5000 13 P -184.532700 -10.308078 -91.646744 2.110000 -1.000000 0.000000
5000 14 S -185.338882 -6.828563 -93.356216 1.800000 0.000000 0.000000
5000 15 G -185.850784 -4.642500 -90.734825 2.150000 0.000000 0.000000
5000 16 P -181.496780 -6.277622 -93.684647 2.110000 -1.000000 0.000000
5000 17 S -181.487625 -2.316094 -93.919342 1.800000 0.000000 0.000000
5000 18 C -179.103134 -1.952922 -96.118782 2.150000 0.000000 0.000000
5000 19 P -178.167618 -1.690954 -91.745522 2.110000 -1.000000 0.000000
5000 20 S -180.591675 1.143291 -90.498810 1.800000 0.000000 0.000000
5000 21 A -183.222595 -1.387726 -90.130386 2.150000 0.000000 0.000000
5000 22 P -179.066757 1.550872 -86.882401 2.110000 -1.000000 0.000000
5000 23 S -182.440048 1.881087 -84.808304 1.800000 0.000000 0.000000
5000 24 A -184.878036 -0.289196 -86.281685 2.150000 0.000000 0.000000
5000 25 P -183.503082 2.878035 -81.020676 2.110000 -1.000000 0.000000
5000 26 S -187.155289 2.030431 -82.218201 1.800000 0.000000 0.000000
5000 27 G -188.285599 -1.044400 -83.462387 2.150000 0.000000 0.000000
5000 28 P -187.635818 1.175861 -78.501122 2.110000 -1.000000 0.000000
5000 29 S -190.706696 -1.106632 -79.067352 1.800000 0.000000 0.000000
5000 30 C -188.752365 -3.992645 -79.782944 2.150000 0.000000 0.000000
5000 31 P -192.967789 -2.483366 -76.236282 2.110000 -1.000000 0.000000
5000 32 S -193.813995 -5.637004 -78.356789 1.800000 0.000000 0.000000
5000 33 C -190.860641 -7.162945 -77.048073 2.150000 0.000000 0.000000
5000 34 P -195.484146 -6.580531 -74.957573 2.110000 -1.000000 0.000000
5000 35 S -195.382462 -10.415324 -74.510895 1.800000 0.000000 0.000000
5000 36 U -192.112152 -10.821709 -74.075821 2.150000 0.000000 0.000000
5000 37 P -196.358368 -10.912570 -70.800110 2.110000 -1.000000 0.000000
5500 1 P -178.420792 -13.014404 -73.117378 2.110000 -1.000000 1.000000
5500 2 S -181.044235 -15.908875 -73.846542 1.800000 0.000000 0.000000
5500 3 G -183.688217 -13.913760 -73.893005 2.150000 0.000000 0.000000
5500 4 P -180.189697 -16.076315 -77.690628 2.110000 -1.000000 0.000000
5500 5 S -183.749008 -16.795200 -78.805389 1.800000 0.000000 0.000000
5500 6 G -184.438644 -13.262865 -78.328224 2.150000 0.000000 0.000000
5500 7 P -183.297318 -16.473106 -82.665817 2.110000 -1.000000 0.000000
5500 8 S -186.431488 -15.094452 -84.273712 1.800000 0.000000 0.000000
5500 9 G -187.060226 -11.816792 -83.856743 2.150000 0.000000 0.000000
5500 10 P -185.178757 -13.860919 -87.605637 2.110000 -1.000000 0.000000
5500 11 S -187.590790 -11.564795 -89.487251 1.800000 0.000000 0.000000
5500 12 C -186.924744 -8.871050 -87.462433 2.150000 0.000000 0.000000
5500 13 P -184.527664 -10.304839 -91.657646 2.110000 -1.000000 0.000000
5500 14 S -185.334030 -6.718637 -93.281265 1.800000 0.000000 0.000000
5500 15 G -185.972565 -5.461518 -90.029366 2.150000 0.000000 0.000000
5500 16 P -181.277374 -6.212609 -93.177261 2.110000 -1.000000 0.000000
5500 17 S -180.961960 -2.268819 -93.017685 1.800000 0.000000 0.000000
5500 18 C -179.518097 -1.807005 -96.194717 2.150000 0.000000 0.000000
5500 19 P -177.498413 -1.329707 -91.176178 2.110000 -1.000000 0.000000
5500 20 S -179.905594 1.508169 -89.982643 1.800000 0.000000 0.000000
5500 21 A -182.967148 -0.201345 -89.591530 2.150000 0.000000 0.000000
5500 22 P -178.374146 1.807225 -86.479836 2.110000 -1.000000 0.000000
5500 23 S -181.966248 2.179612 -84.870575 1.800000 0.000000 0.000000
5500 24 A -184.010223 -0.244603 -85.459625 2.150000 0.000000 0.000000
5500 25 P -183.403229 3.395426 -81.756645 2.110000 -1.000000 0.000000
5500 26 S -187.147232 2.324777 -82.740242 1.800000 0.000000 0.000000
5500 27 G -188.277542 -0.750054 -83.984428 2.150000 0.000000 0.000000
5500 28 P -187.515747 1.358037 -79.046242 2.110000 -1.000000 0.000000
5500 29 S -190.552139 -0.912621 -79.638519 1.800000 0.000000 0.000000
5500 30 C -188.597809 -3.798634 -80.354111 2.150000 0.000000 0.000000
5500 31 P -192.823456 -2.292887 -76.799812 2.110000 -1.000000 0.000000
5500 32 S -193.787888 -5.590321 -78.452087 1.800000 0.000000 0.000000
5500 33 C -190.834534 -7.116262 -77.143372 2.150000 0.000000 0.000000
5500 34 P -195.435135 -6.472977 -75.128273 2.110000 -1.000000 0.000000
5500 35 S -195.268692 -10.269703 -75.013321 1.800000 0.000000 0.000000
5500 36 U -191.998383 -10.676087 -74.578247 2.150000 0.000000 0.000000
5500 37 P -196.044830 -11.378963 -71.175514 2.110000 -1.000000 0.000000
6000 1 P -178.378403 -13.491857 -74.006615 2.110000 -1.000000 1.000000
6000 2 S -181.221390 -16.176561 -73.980637 1.800000 0.000000 0.000000
6000 3 G -183.736099 -13.868686 -73.644737 2.150000 0.000000 0.000000
6000 4 P -180.298218 -16.208694 -77.866402 2.110000 -1.000000 0.000000
6000 5 S -183.787628 -16.828150 -79.199936 1.800000 0.000000 0.000000
6000 6 G -184.435699 -13.217971 -78.553543 2.150000 0.000000 0.000000
6000 7 P -183.294373 -16.428209 -82.891136 2.110000 -1.000000 0.000000
6000 8 S -186.452499 -15.102425 -84.456139 1.800000 0.000000 0.000000
6000 9 G -187.222992 -11.810478 -83.982590 2.150000 0.000000 0.000000
6000 10 P -185.110245 -13.791299 -87.802841 2.110000 -1.000000 0.000000
6000 11 S -187.534897 -11.523826 -89.638664 1.800000 0.000000 0.000000
6000 12 C -186.881287 -8.855487 -87.579788 2.150000 0.000000 0.000000
6000 13 P -184.484207 -10.289276 -91.775002 2.110000 -1.000000 0.000000
6000 14 S -184.830368 -6.775504 -93.346367 1.800000 0.000000 0.000000
6000 15 G -184.665985 -4.909949 -90.525581 2.150000 0.000000 0.000000
6000 16 P -180.774826 -7.097456 -92.991898 2.110000 -1.000000 0.000000
6000 17 S -180.544373 -3.219059 -93.262978 1.800000 0.000000 0.000000
6000 18 C -179.684219 -2.439226 -96.792480 2.150000 0.000000 0.000000
6000 19 P -177.120361 -2.279067 -91.662346 2.110000 -1.000000 0.000000
6000 20 S -179.534286 0.583334 -90.568840 1.800000 0.000000 0.000000
6000 21 A -182.531815 -0.670860 -89.286308 2.150000 0.000000 0.000000
6000 22 P -178.460251 0.954297 -87.060226 2.110000 -1.000000 0.000000
6000 23 S -181.967575 2.070857 -85.387466 1.800000 0.000000 0.000000
6000 24 A -183.937531 -1.075017 -85.098259 2.150000 0.000000 0.000000
6000 25 P -183.351257 3.312779 -81.792847 2.110000 -1.000000 0.000000
6000 26 S -187.010559 2.246924 -82.606018 1.800000 0.000000 0.000000
6000 27 G -188.140869 -0.827907 -83.850204 2.150000 0.000000 0.000000
6000 28 P -187.389526 1.258621 -78.905319 2.110000 -1.000000 0.000000
6000 29 S -190.504837 -1.043835 -79.328926 1.800000 0.000000 0.000000
6000 30 C -188.550507 -3.929847 -80.044518 2.150000 0.000000 0.000000
6000 31 P -192.930359 -2.426407 -76.454430 2.110000 -1.000000 0.000000
6000 32 S -193.900452 -5.617818 -78.357521 1.800000 0.000000 0.000000
6000 33 C -190.983414 -7.179243 -77.523399 2.150000 0.000000 0.000000
6000 34 P -195.471069 -6.421290 -74.858963 2.110000 -1.000000 0.000000
6000 35 S -195.323029 -10.396071 -74.898827 1.800000 0.000000 0.000000
6000 36 U -192.052719 -10.802456 -74.463753 2.150000 0.000000 0.000000
6000 37 P -196.171997 -12.127962 -71.629402 2.110000 -1.000000 0.000000
6500 1 P -178.679565 -13.990810 -72.256149 2.110000 -1.000000 1.000000
6500 2 S -181.385559 -16.430677 -73.520149 1.800000 0.000000 0.000000
6500 3 G -183.797501 -13.971192 -73.757721 2.150000 0.000000 0.000000
6500 4 P -180.464859 -16.439402 -77.416046 2.110000 -1.000000 0.000000
6500 5 S -183.959259 -17.026634 -79.113190 1.800000 0.000000 0.000000
6500 6 G -184.506592 -13.359828 -78.699783 2.150000 0.000000 0.000000
6500 7 P -183.365265 -16.570068 -83.037376 2.110000 -1.000000 0.000000
6500 8 S -186.536789 -15.222560 -84.515175 1.800000 0.000000 0.000000
6500 9 G -187.217682 -11.872783 -84.031929 2.150000 0.000000 0.000000
6500 10 P -185.104935 -13.853603 -87.852180 2.110000 -1.000000 0.000000
6500 11 S -187.540482 -11.551835 -89.697365 1.800000 0.000000 0.000000
6500 12 C -186.886505 -8.883900 -87.641998 2.150000 0.000000 0.000000
6500 13 P -184.489426 -10.317689 -91.837212 2.110000 -1.000000 0.000000
6500 14 S -185.526215 -6.749492 -93.420700 1.800000 0.000000 0.000000
6500 15 G -186.953888 -5.670584 -90.330521 2.150000 0.000000 0.000000
6500 16 P -181.547501 -6.676360 -92.868767 2.110000 -1.000000 0.000000
6500 17 S -181.083878 -2.809054 -93.356171 1.800000 0.000000 0.000000
6500 18 C -181.253143 -1.922016 -96.599388 2.150000 0.000000 0.000000
6500 19 P -177.485199 -1.805308 -91.923111 2.110000 -1.000000 0.000000
6500 20 S -179.898499 1.055066 -90.830009 1.800000 0.000000 0.000000
6500 21 A -182.854462 -0.469183 -89.763664 2.150000 0.000000 0.000000
6500 22 P -178.138977 1.355557 -87.303528 2.110000 -1.000000 0.000000
6500 23 S -181.571411 2.085612 -85.811424 1.800000 0.000000 0.000000
6500 24 A -182.680450 -1.025321 -85.998055 2.150000 0.000000 0.000000
6500 25 P -183.299820 3.370818 -82.212288 2.110000 -1.000000 0.000000
6500 26 S -187.032654 2.139864 -82.539299 1.800000 0.000000 0.000000
6500 27 G -188.162964 -0.934967 -83.783485 2.150000 0.000000 0.000000
6500 28 P -187.294876 1.059635 -78.622459 2.110000 -1.000000 0.000000
6500 29 S -190.501373 -1.115434 -79.369911 1.800000 0.000000 0.000000
6500 30 C -188.547043 -4.001446 -80.085503 2.150000 0.000000 0.000000
6500 31 P -192.942215 -2.472212 -76.576935 2.110000 -1.000000 0.000000
6500 32 S -193.888992 -5.678803 -78.488037 1.800000 0.000000 0.000000
6500 33 C -190.971954 -7.240228 -77.653915 2.150000 0.000000 0.000000
6500 34 P -195.442123 -6.451388 -74.987785 2.110000 -1.000000 0.000000
6500 35 S -195.319809 -10.384962 -75.166176 1.800000 0.000000 0.000000
6500 36 U -192.034454 -10.757345 -74.996361 2.150000 0.000000 0.000000
6500 37 P -196.053650 -12.867908 -72.171379 2.110000 -1.000000 0.000000
7000 1 P -178.744370 -13.948295 -73.028374 2.110000 -1.000000 1.000000
7000 2 S -181.527847 -16.693842 -73.488503 1.800000 0.000000 0.000000
7000 3 G -183.859619 -14.068873 -73.537689 2.150000 0.000000 0.000000
7000 4 P -180.526978 -16.537086 -77.196014 2.110000 -1.000000 0.000000
7000 5 S -183.979553 -17.070097 -78.806938 1.800000 0.000000 0.000000
7000 6 G -184.546722 -13.483756 -78.340149 2.150000 0.000000 0.000000
7000 7 P -183.405396 -16.694000 -82.677742 2.110000 -1.000000 0.000000
7000 8 S -186.516464 -15.190164 -84.505455 1.800000 0.000000 0.000000
7000 9 G -186.912094 -11.908051 -83.919014 2.150000 0.000000 0.000000
7000 10 P -185.127762 -13.871311 -87.870209 2.110000 -1.000000 0.000000
7000 11 S -187.534607 -11.555306 -89.803276 1.800000 0.000000 0.000000
7000 12 C -186.881699 -8.887815 -87.748329 2.150000 0.000000 0.000000
7000 13 P -184.484619 -10.321604 -91.943542 2.110000 -1.000000 0.000000
7000 14 S -185.881104 -6.957277 -93.318672 1.800000 0.000000 0.000000
7000 15 G -185.126465 -7.066903 -96.757835 2.150000 0.000000 0.000000
7000 16 P -181.966934 -6.252614 -93.552971 2.110000 -1.000000 0.000000
7000 17 S -182.653931 -2.468681 -94.047630 1.800000 0.000000 0.000000
7000 18 C -183.859024 -3.120522 -90.890526 2.150000 0.000000 0.000000
7000 19 P -179.130478 -1.330640 -92.541740 2.110000 -1.000000 0.000000
7000 20 S -181.520142 1.542669 -91.483559 1.800000 0.000000 0.000000
7000 21 A -183.993073 0.322680 -89.478561 2.150000 0.000000 0.000000
7000 22 P -179.475784 2.133106 -88.342354 2.110000 -1.000000 0.000000
7000 23 S -182.804199 2.271040 -86.186081 1.800000 0.000000 0.000000
7000 24 A -182.556229 -1.232154 -85.344009 2.150000 0.000000 0.000000
7000 25 P -183.417099 3.601059 -82.530014 2.110000 -1.000000 0.000000
7000 26 S -187.107697 2.244258 -82.904610 1.800000 0.000000 0.000000
7000 27 G -188.238007 -0.830574 -84.148796 2.150000 0.000000 0.000000
7000 28 P -187.342529 1.213418 -79.081772 2.110000 -1.000000 0.000000
7000 29 S -190.460907 -1.075516 -79.587540 1.800000 0.000000 0.000000
7000 30 C -188.506577 -3.961528 -80.303131 2.150000 0.000000 0.000000
7000 31 P -192.919434 -2.468650 -76.730667 2.110000 -1.000000 0.000000
7000 32 S -193.870544 -5.674749 -78.459694 1.800000 0.000000 0.000000
7000 33 C -190.953506 -7.236174 -77.625572 2.150000 0.000000 0.000000
7000 34 P -195.445160 -6.603991 -75.183319 2.110000 -1.000000 0.000000
7000 35 S -195.389328 -10.527125 -75.160942 1.800000 0.000000 0.000000
7000 36 U -192.103973 -10.899508 -74.991127 2.150000 0.000000 0.000000
7000 37 P -196.374786 -11.193982 -71.510490 2.110000 -1.000000 0.000000
7500 1 P -179.027115 -14.195444 -71.642128 2.110000 -1.000000 1.000000
7500 2 S -181.547653 -16.641760 -73.311905 1.800000 0.000000 0.000000
7500 3 G -183.852722 -13.967575 -73.389740 2.150000 0.000000 0.000000
7500 4 P -180.520081 -16.435793 -77.048065 2.110000 -1.000000 0.000000
7500 5 S -184.012573 -17.099037 -78.618904 1.800000 0.000000 0.000000
7500 6 G -184.601379 -13.526528 -78.148926 2.150000 0.000000 0.000000
7500 7 P -183.460052 -16.736778 -82.486519 2.110000 -1.000000 0.000000
7500 8 S -186.550430 -15.217536 -84.412415 1.800000 0.000000 0.000000
7500 9 G -186.929459 -11.961308 -83.829681 2.150000 0.000000 0.000000
7500 10 P -185.145126 -13.924567 -87.780876 2.110000 -1.000000 0.000000
7500 11 S -187.548157 -11.563762 -89.763870 1.800000 0.000000 0.000000
7500 12 C -186.894226 -8.900355 -87.742050 2.150000 0.000000 0.000000
7500 13 P -184.497147 -10.334145 -91.937263 2.110000 -1.000000 0.000000
7500 14 S -185.643982 -6.826669 -93.412560 1.800000 0.000000 0.000000
7500 15 G -185.984634 -4.364279 -91.030205 2.150000 0.000000 0.000000
7500 16 P -181.896057 -5.865603 -93.893196 2.110000 -1.000000 0.000000
7500 17 S -182.352859 -1.896822 -94.137283 1.800000 0.000000 0.000000
7500 18 C -181.152939 -1.182691 -97.304771 2.150000 0.000000 0.000000
7500 19 P -178.802704 -1.147646 -92.266182 2.110000 -1.000000 0.000000
7500 20 S -181.193893 1.731732 -91.219688 1.800000 0.000000 0.000000
7500 21 A -183.177704 -0.779649 -89.600685 2.150000 0.000000 0.000000
7500 22 P -179.369476 2.085939 -87.754776 2.110000 -1.000000 0.000000
7500 23 S -182.493958 1.998640 -85.388695 1.800000 0.000000 0.000000
7500 24 A -181.637070 -1.435759 -84.910759 2.150000 0.000000 0.000000
7500 25 P -183.115738 3.153846 -81.936073 2.110000 -1.000000 0.000000
7500 26 S -186.872452 2.148948 -82.666321 1.800000 0.000000 0.000000
7500 27 G -188.002762 -0.925884 -83.910507 2.150000 0.000000 0.000000
7500 28 P -187.323517 1.107741 -78.875435 2.110000 -1.000000 0.000000
7500 29 S -190.426910 -1.034047 -79.614639 1.800000 0.000000 0.000000
7500 30 C -188.472580 -3.920059 -80.330231 2.150000 0.000000 0.000000
7500 31 P -192.820068 -2.348580 -76.901527 2.110000 -1.000000 0.000000
7500 32 S -193.718643 -5.513193 -78.812576 1.800000 0.000000 0.000000
7500 33 C -190.801605 -7.074617 -77.978455 2.150000 0.000000 0.000000
7500 34 P -195.284210 -6.370079 -75.493431 2.110000 -1.000000 0.000000
7500 35 S -195.210114 -10.370612 -75.603424 1.800000 0.000000 0.000000
7500 36 U -192.163971 -10.929276 -74.644928 2.150000 0.000000 0.000000
7500 37 P -196.985779 -10.653603 -72.043953 2.110000 -1.000000 0.000000
8000 1 P -179.358826 -14.662353 -71.115379 2.110000 -1.000000 1.000000
8000 2 S -181.476685 -16.524208 -73.834969 1.800000 0.000000 0.000000
8000 3 G -183.768936 -13.849476 -73.920364 2.150000 0.000000 0.000000
8000 4 P -180.436295 -16.317696 -77.578690 2.110000 -1.000000 0.000000
8000 5 S -183.956573 -17.003168 -78.985313 1.800000 0.000000 0.000000
8000 6 G -184.550980 -13.406722 -78.518982 2.150000 0.000000 0.000000
8000 7 P -183.409653 -16.616976 -82.856575 2.110000 -1.000000 0.000000
8000 8 S -186.538879 -15.135773 -84.588699 1.800000 0.000000 0.000000
8000 9 G -186.983749 -11.997220 -83.762085 2.150000 0.000000 0.000000
8000 10 P -185.199417 -13.960480 -87.713280 2.110000 -1.000000 0.000000
8000 11 S -187.612656 -11.599871 -89.764259 1.800000 0.000000 0.000000
8000 12 C -186.914520 -8.910748 -87.758652 2.150000 0.000000 0.000000
8000 13 P -184.517441 -10.344537 -91.953865 2.110000 -1.000000 0.000000
8000 14 S -185.904358 -7.071225 -93.380997 1.800000 0.000000 0.000000
8000 15 G -186.989929 -4.971880 -90.944412 2.150000 0.000000 0.000000
8000 16 P -181.934830 -6.633409 -93.306259 2.110000 -1.000000 0.000000
8000 17 S -181.725159 -2.597508 -93.581047 1.800000 0.000000 0.000000
8000 18 C -181.450226 -1.689152 -97.250931 2.150000 0.000000 0.000000
8000 19 P -177.952072 -1.592211 -92.572205 2.110000 -1.000000 0.000000
8000 20 S -180.343262 1.287168 -91.525711 1.800000 0.000000 0.000000
8000 21 A -182.917297 0.164068 -89.789207 2.150000 0.000000 0.000000
8000 22 P -178.270264 1.876908 -88.047783 2.110000 -1.000000 0.000000
8000 23 S -181.571884 2.314495 -86.234306 1.800000 0.000000 0.000000
8000 24 A -181.097931 -0.690767 -84.411667 2.150000 0.000000 0.000000
8000 25 P -182.948593 3.354429 -82.652000 2.110000 -1.000000 0.000000
8000 26 S -186.788895 2.138171 -82.592453 1.800000 0.000000 0.000000
8000 27 G -187.583160 -0.764252 -84.172218 2.150000 0.000000 0.000000
8000 28 P -187.190720 1.140152 -78.939888 2.110000 -1.000000 0.000000
8000 29 S -190.363556 -0.962456 -79.823288 1.800000 0.000000 0.000000
8000 30 C -188.350601 -3.852722 -80.430695 2.150000 0.000000 0.000000
8000 31 P -192.772644 -2.280071 -77.063660 2.110000 -1.000000 0.000000
8000 32 S -193.707031 -5.455059 -79.099037 1.800000 0.000000 0.000000
8000 33 C -190.789993 -7.016484 -78.264915 2.150000 0.000000 0.000000
8000 34 P -195.254974 -6.322058 -75.616066 2.110000 -1.000000 0.000000
8000 35 S -195.257843 -10.278855 -75.646400 1.800000 0.000000 0.000000
8000 36 U -191.899811 -10.358767 -75.161751 2.150000 0.000000 0.000000
8000 37 P -195.831039 -9.433454 -71.999191 2.110000 -1.000000 0.000000
8500 1 P -178.762604 -14.121312 -71.892601 2.110000 -1.000000 1.000000
8500 2 S -181.401184 -16.282974 -73.770531 1.800000 0.000000 0.000000
8500 3 G -183.653763 -13.769044 -73.856804 2.150000 0.000000 0.000000
8500 4 P -180.350922 -16.198208 -77.611427 2.110000 -1.000000 0.000000
8500 5 S -183.947052 -16.966833 -78.952324 1.800000 0.000000 0.000000
8500 6 G -184.551056 -13.373117 -78.415573 2.150000 0.000000 0.000000
8500 7 P -183.409729 -16.583368 -82.753166 2.110000 -1.000000 0.000000
8500 8 S -186.522705 -15.119418 -84.450829 1.800000 0.000000 0.000000
8500 9 G -186.984558 -11.944385 -83.782166 2.150000 0.000000 0.000000
8500 10 P -185.200226 -13.907644 -87.733360 2.110000 -1.000000 0.000000
8500 11 S -187.590164 -11.559315 -89.757278 1.800000 0.000000 0.000000
8500 12 C -186.939529 -8.928052 -87.696472 2.150000 0.000000 0.000000
8500 13 P -184.542450 -10.361841 -91.891685 2.110000 -1.000000 0.000000
8500 14 S -185.453094 -6.756215 -92.868484 1.800000 0.000000 0.000000
8500 15 G -185.724670 -5.055065 -89.869011 2.150000 0.000000 0.000000
8500 16 P -181.768616 -5.969201 -93.836960 2.110000 -1.000000 0.000000
8500 17 S -182.937943 -2.185293 -94.359673 1.800000 0.000000 0.000000
8500 18 C -184.626526 -1.144162 -91.320419 2.150000 0.000000 0.000000
8500 19 P -179.322159 -1.009154 -93.192909 2.110000 -1.000000 0.000000
8500 20 S -181.724716 1.869836 -92.165985 1.800000 0.000000 0.000000
8500 21 A -179.094345 4.176122 -92.231873 2.150000 0.000000 0.000000
8500 22 P -180.118774 1.985689 -88.668037 2.110000 -1.000000 0.000000
8500 23 S -183.195816 2.178803 -86.211693 1.800000 0.000000 0.000000
8500 24 A -182.479141 -1.254731 -85.425926 2.150000 0.000000 0.000000
8500 25 P -183.365585 3.493962 -82.443649 2.110000 -1.000000 0.000000
8500 26 S -187.125580 2.186470 -82.682976 1.800000 0.000000 0.000000
8500 27 G -187.919846 -0.715953 -84.262741 2.150000 0.000000 0.000000
8500 28 P -187.351181 1.171468 -78.922623 2.110000 -1.000000 0.000000
8500 29 S -190.508759 -0.930734 -79.883362 1.800000 0.000000 0.000000
8500 30 C -188.495804 -3.821000 -80.490768 2.150000 0.000000 0.000000
8500 31 P -192.813553 -2.346516 -77.034370 2.110000 -1.000000 0.000000
8500 32 S -193.789291 -5.502411 -79.069778 1.800000 0.000000 0.000000
8500 33 C -190.872253 -7.063836 -78.235657 2.150000 0.000000 0.000000
8500 34 P -195.273804 -6.270479 -75.661331 2.110000 -1.000000 0.000000
8500 35 S -195.204727 -10.217394 -75.440849 1.800000 0.000000 0.000000
8500 36 U -191.933701 -10.366967 -74.548851 2.150000 0.000000 0.000000
8500 37 P -196.360428 -9.781620 -72.054451 2.110000 -1.000000 0.000000
9000 1 P -178.705368 -13.804296 -72.164238 2.110000 -1.000000 1.000000
9000 2 S -181.259705 -16.140959 -73.931999 1.800000 0.000000 0.000000
9000 3 G -183.708038 -13.777933 -74.011795 2.150000 0.000000 0.000000
9000 4 P -180.405197 -16.207098 -77.766418 2.110000 -1.000000 0.000000
9000 5 S -184.061356 -17.037056 -78.946373 1.800000 0.000000 0.000000
9000 6 G -184.640976 -13.464194 -78.524429 2.150000 0.000000 0.000000
9000 7 P -183.477234 -16.645147 -82.871239 2.110000 -1.000000 0.000000
9000 8 S -186.578751 -15.128063 -84.351128 1.800000 0.000000 0.000000
9000 9 G -187.173172 -12.098119 -83.275169 2.150000 0.000000 0.000000
9000 10 P -185.218109 -13.927298 -87.628639 2.110000 -1.000000 0.000000
9000 11 S -187.605728 -11.573468 -89.718826 1.800000 0.000000 0.000000
9000 12 C -187.212067 -8.957003 -87.559967 2.150000 0.000000 0.000000
9000 13 P -184.535355 -10.342973 -91.888306 2.110000 -1.000000 0.000000
9000 14 S -185.855820 -6.760208 -92.887024 1.800000 0.000000 0.000000
9000 15 G -184.736191 -4.892577 -90.412788 2.150000 0.000000 0.000000
9000 16 P -182.262665 -5.630860 -93.957870 2.110000 -1.000000 0.000000
9000 17 S -183.376358 -1.743787 -94.215942 1.800000 0.000000 0.000000
9000 18 C -183.860794 -1.052724 -97.782242 2.150000 0.000000 0.000000
9000 19 P -179.923355 -0.427005 -93.652115 2.110000 -1.000000 0.000000
9000 20 S -182.338303 2.439309 -92.565704 1.800000 0.000000 0.000000
9000 21 A -180.747864 5.127692 -94.147804 2.150000 0.000000 0.000000
9000 22 P -180.435196 2.648364 -89.217789 2.110000 -1.000000 0.000000
9000 23 S -183.418137 2.502101 -86.646912 1.800000 0.000000 0.000000
9000 24 A -182.902985 -1.367079 -86.278763 2.150000 0.000000 0.000000
9000 25 P -183.508453 3.606502 -82.922020 2.110000 -1.000000 0.000000
9000 26 S -187.104492 2.130692 -82.558510 1.800000 0.000000 0.000000
9000 27 G -187.898758 -0.771731 -84.138275 2.150000 0.000000 0.000000
9000 28 P -187.543259 1.125315 -78.854134 2.110000 -1.000000 0.000000
9000 29 S -190.577515 -0.963902 -79.674721 1.800000 0.000000 0.000000
9000 30 C -188.564560 -3.854167 -80.282127 2.150000 0.000000 0.000000
9000 31 P -192.892578 -2.395152 -76.948784 2.110000 -1.000000 0.000000
9000 32 S -193.849457 -5.568460 -78.724068 1.800000 0.000000 0.000000
9000 33 C -190.932419 -7.129885 -77.889946 2.150000 0.000000 0.000000
9000 34 P -195.325867 -6.437742 -75.150536 2.110000 -1.000000 0.000000
9000 35 S -195.228958 -10.288635 -75.528893 1.800000 0.000000 0.000000
9000 36 U -191.957932 -10.438209 -74.636894 2.150000 0.000000 0.000000
9000 37 P -196.442978 -11.097944 -71.847076 2.110000 -1.000000 0.000000
9500 1 P -178.773193 -14.339576 -72.385147 2.110000 -1.000000 1.000000
9500 2 S -181.466949 -16.614853 -74.302872 1.800000 0.000000 0.000000
9500 3 G -183.709244 -13.866909 -74.106911 2.150000 0.000000 0.000000
9500 4 P -180.406403 -16.296074 -77.861534 2.110000 -1.000000 0.000000
9500 5 S -184.049454 -17.096405 -79.062943 1.800000 0.000000 0.000000
9500 6 G -184.548080 -13.425386 -78.838028 2.150000 0.000000 0.000000
9500 7 P -183.435516 -16.651854 -82.920898 2.110000 -1.000000 0.000000
9500 8 S -186.632629 -15.153238 -84.378838 1.800000 0.000000 0.000000
9500 9 G -187.167480 -12.102808 -83.382599 2.150000 0.000000 0.000000
9500 10 P -185.212418 -13.931987 -87.736069 2.110000 -1.000000 0.000000
9500 11 S -187.526886 -11.561937 -89.794617 1.800000 0.000000 0.000000
9500 12 C -187.101273 -8.992537 -87.552109 2.150000 0.000000 0.000000
9500 13 P -184.476227 -10.344162 -91.963913 2.110000 -1.000000 0.000000
9500 14 S -186.032349 -7.010740 -93.144714 1.800000 0.000000 0.000000
9500 15 G -185.593063 -5.801964 -89.765854 2.150000 0.000000 0.000000
9500 16 P -182.748260 -5.764111 -94.415207 2.110000 -1.000000 0.000000
9500 17 S -183.307755 -1.887415 -94.628754 1.800000 0.000000 0.000000
9500 18 C -182.814285 -2.290254 -98.135094 2.150000 0.000000 0.000000
9500 19 P -179.715317 -0.892169 -93.674736 2.110000 -1.000000 0.000000
9500 20 S -182.130264 1.974147 -92.588326 1.800000 0.000000 0.000000
9500 21 A -183.828705 -0.263935 -90.735710 2.150000 0.000000 0.000000
9500 22 P -179.956741 2.456134 -89.239357 2.110000 -1.000000 0.000000
9500 23 S -182.648331 2.179017 -86.405266 1.800000 0.000000 0.000000
9500 24 A -183.058655 -1.221060 -85.641449 2.150000 0.000000 0.000000
9500 25 P -183.067688 3.407625 -82.938225 2.110000 -1.000000 0.000000
9500 26 S -186.715179 2.252559 -82.782043 1.800000 0.000000 0.000000
9500 27 G -187.509445 -0.649864 -84.361809 2.150000 0.000000 0.000000
9500 28 P -187.361298 1.245883 -79.053352 2.110000 -1.000000 0.000000
9500 29 S -190.510574 -0.946589 -79.745605 1.800000 0.000000 0.000000
9500 30 C -188.497620 -3.836854 -80.353012 2.150000 0.000000 0.000000
9500 31 P -192.819122 -2.374684 -77.047150 2.110000 -1.000000 0.000000
9500 32 S -193.817184 -5.587717 -78.830147 1.800000 0.000000 0.000000
9500 33 C -190.900146 -7.149142 -77.996025 2.150000 0.000000 0.000000
9500 34 P -195.281052 -6.421562 -75.438271 2.110000 -1.000000 0.000000
9500 35 S -195.202286 -10.309817 -75.681717 1.800000 0.000000 0.000000
9500 36 U -191.931259 -10.459391 -74.789719 2.150000 0.000000 0.000000
9500 37 P -196.287323 -10.507998 -72.148834 2.110000 -1.000000 0.000000
10000 1 P -178.566864 -13.848683 -72.884857 2.110000 -1.000000 1.000000
10000 2 S -181.460571 -16.464155 -73.748611 1.800000 0.000000 0.000000
10000 3 G -183.743164 -13.847855 -73.689720 2.150000 0.000000 0.000000
10000 4 P -180.440323 -16.277018 -77.444344 2.110000 -1.000000 0.000000
10000 5 S -184.050369 -17.077183 -78.662460 1.800000 0.000000 0.000000
10000 6 G -184.722855 -13.605340 -78.483109 2.150000 0.000000 0.000000
10000 7 P -183.610291 -16.831808 -82.565979 2.110000 -1.000000 0.000000
10000 8 S -186.769012 -15.304662 -84.051582 1.800000 0.000000 0.000000
10000 9 G -187.327698 -12.193915 -83.199409 2.150000 0.000000 0.000000
10000 10 P -185.310272 -14.064458 -87.399086 2.110000 -1.000000 0.000000
10000 11 S -187.640030 -11.710110 -89.432587 1.800000 0.000000 0.000000
10000 12 C -187.214417 -9.140710 -87.190079 2.150000 0.000000 0.000000
10000 13 P -184.589371 -10.492334 -91.601883 2.110000 -1.000000 0.000000
10000 14 S -185.822220 -7.205409 -93.166237 1.800000 0.000000 0.000000
10000 15 G -186.070633 -5.576585 -90.130234 2.150000 0.000000 0.000000
10000 16 P -182.273788 -6.193153 -94.174980 2.110000 -1.000000 0.000000
10000 17 S -182.739532 -2.215705 -94.242989 1.800000 0.000000 0.000000
10000 18 C -183.953674 -0.850779 -91.290482 2.150000 0.000000 0.000000
10000 19 P -179.214996 -1.292324 -92.974953 2.110000 -1.000000 0.000000
10000 20 S -181.601074 1.536135 -91.854317 1.800000 0.000000 0.000000
10000 21 A -179.702759 3.454705 -93.679596 2.150000 0.000000 0.000000
10000 22 P -179.699341 1.934983 -88.194717 2.110000 -1.000000 0.000000
10000 23 S -182.623581 1.972090 -85.518669 1.800000 0.000000 0.000000
10000 24 A -183.557419 -1.532284 -85.559456 2.150000 0.000000 0.000000
10000 25 P -183.218307 2.930947 -81.787788 2.110000 -1.000000 0.000000
10000 26 S -186.890289 1.816234 -81.933640 1.800000 0.000000 0.000000
10000 27 G -187.684555 -1.086189 -83.513405 2.150000 0.000000 0.000000
10000 28 P -187.580002 0.938613 -78.267479 2.110000 -1.000000 0.000000
10000 29 S -190.627075 -1.193074 -79.111099 1.800000 0.000000 0.000000
10000 30 C -188.448868 -4.064269 -79.660530 2.150000 0.000000 0.000000
10000 31 P -192.845016 -2.412433 -75.972610 2.110000 -1.000000 0.000000
10000 32 S -193.891739 -5.581323 -77.784744 1.800000 0.000000 0.000000
10000 33 C -190.928848 -7.103712 -77.206970 2.150000 0.000000 0.000000
10000 34 P -195.417587 -6.201138 -74.279510 2.110000 -1.000000 0.000000
10000 35 S -195.587067 -10.119773 -74.200142 1.800000 0.000000 0.000000
10000 36 U -192.316040 -10.269346 -73.308144 2.150000 0.000000 0.000000
10000 37 P -196.283310 -9.918772 -70.418320 2.110000 -1.000000 0.000000
