500 1 P -178.863220 -14.974892 -73.111855 2.110000 -1.000000 1.000000
500 2 S -181.819397 -17.413631 -74.036797 1.800000 0.000000 0.000000
500 3 G -184.134079 -14.807605 -74.343201 2.150000 0.000000 0.000000
500 4 P -180.658188 -16.807285 -77.752342 2.110000 -1.000000 0.000000
500 5 S -184.237381 -16.906166 -79.288910 1.800000 0.000000 0.000000
500 6 G -185.357208 -13.508142 -79.338554 2.150000 0.000000 0.000000
500 7 P -183.690567 -16.642447 -83.063736 2.110000 -1.000000 0.000000
500 8 S -186.611649 -15.153642 -84.503899 1.800000 0.000000 0.000000
500 9 G -187.456604 -12.064634 -83.172722 2.150000 0.000000 0.000000
500 10 P -184.990479 -13.796980 -87.892357 2.110000 -1.000000 0.000000
500 11 S -187.803375 -11.727757 -89.384865 1.800000 0.000000 0.000000
500 12 C -187.015610 -9.211603 -87.252930 2.150000 0.000000 0.000000
500 13 P -184.844635 -10.649934 -91.393967 2.110000 -1.000000 0.000000
500 14 S -185.279114 -7.241536 -93.319801 1.800000 0.000000 0.000000
500 15 G -185.954056 -5.161552 -90.760498 2.150000 0.000000 0.000000
500 16 P -181.441330 -6.497767 -93.030190 2.110000 -1.000000 0.000000
500 17 S -180.772537 -2.568079 -92.638397 1.800000 0.000000 0.000000
500 18 C -183.615891 -1.380955 -91.554443 2.150000 0.000000 0.000000
500 19 P -177.287811 -2.282547 -90.341530 2.110000 -1.000000 0.000000
500 20 S -179.581131 0.686603 -89.370461 1.800000 0.000000 0.000000
500 21 A -181.640045 -1.786819 -87.916512 2.150000 0.000000 0.000000
500 22 P -178.091492 1.255212 -85.922348 2.110000 -1.000000 0.000000
500 23 S -181.810699 1.560402 -84.699455 1.800000 0.000000 0.000000
500 24 A -182.274033 -1.663615 -83.809982 2.150000 0.000000 0.000000
500 25 P -182.839050 2.519420 -81.001709 2.110000 -1.000000 0.000000
500 26 S -186.675323 1.436731 -81.424385 1.800000 0.000000 0.000000
500 27 G -188.004120 -1.210678 -83.325722 2.150000 0.000000 0.000000
500 28 P -187.172516 0.865037 -77.740746 2.110000 -1.000000 0.000000
500 29 S -190.451553 -1.132015 -78.485146 1.800000 0.000000 0.000000
500 30 C -188.907272 -4.174883 -79.452393 2.150000 0.000000 0.000000
500 31 P -192.295441 -2.562741 -75.327072 2.110000 -1.000000 0.000000
500 32 S -193.994370 -5.311945 -77.179131 1.800000 0.000000 0.000000
500 33 C -191.017212 -7.353469 -76.226234 2.150000 0.000000 0.000000
500 34 P -195.489563 -6.775883 -73.808571 2.110000 -1.000000 0.000000
500 35 S -195.491226 -10.494008 -75.063301 1.800000 0.000000 0.000000
500 36 U -192.233856 -11.163109 -73.808372 2.150000 0.000000 0.000000
500 37 P -194.163300 -9.843796 -78.630592 2.110000 -1.000000 0.000000
1000 1 P -179.132553 -14.545878 -71.781639 2.110000 -1.000000 1.000000
1000 2 S -181.265717 -16.772072 -74.312393 1.800000 0.000000 0.000000
1000 3 G -184.406601 -15.468374 -73.267723 2.150000 0.000000 0.000000
1000 4 P -180.311478 -16.352602 -77.998772 2.110000 -1.000000 0.000000
1000 5 S -183.865143 -16.721712 -79.600121 1.800000 0.000000 0.000000
1000 6 G -186.508118 -14.844777 -78.395180 2.150000 0.000000 0.000000
1000 7 P -183.267914 -16.345169 -83.287193 2.110000 -1.000000 0.000000
1000 8 S -186.360031 -14.900410 -84.800812 1.800000 0.000000 0.000000
1000 9 G -187.278488 -11.930035 -83.430580 2.150000 0.000000 0.000000
1000 10 P -184.894363 -13.679760 -88.180840 2.110000 -1.000000 0.000000
1000 11 S -187.691940 -11.580759 -89.682167 1.800000 0.000000 0.000000
1000 12 C -186.885193 -9.034516 -87.497215 2.150000 0.000000 0.000000
1000 13 P -184.714218 -10.472847 -91.638252 2.110000 -1.000000 0.000000
1000 14 S -185.550629 -6.948499 -93.211700 1.800000 0.000000 0.000000
1000 15 G -186.913498 -5.892088 -90.237450 2.150000 0.000000 0.000000
1000 16 P -181.855484 -6.008904 -93.558838 2.110000 -1.000000 0.000000
1000 17 S -181.494202 -1.973071 -93.290535 1.800000 0.000000 0.000000
1000 18 C -183.038925 -1.954544 -90.041573 2.150000 0.000000 0.000000
1000 19 P -178.116837 -1.369900 -91.365852 2.110000 -1.000000 0.000000
1000 20 S -180.405838 1.581237 -90.367775 1.800000 0.000000 0.000000
1000 21 A -177.946152 4.220402 -91.560410 2.150000 0.000000 0.000000
1000 22 P -178.627426 1.839623 -86.939827 2.110000 -1.000000 0.000000
1000 23 S -182.216217 1.946319 -85.093864 1.800000 0.000000 0.000000
1000 24 A -182.280655 -1.233521 -84.203499 2.150000 0.000000 0.000000
1000 25 P -183.140625 2.882568 -81.323051 2.110000 -1.000000 0.000000
1000 26 S -186.847702 1.476264 -81.374733 1.800000 0.000000 0.000000
1000 27 G -188.013321 -1.312468 -83.112473 2.150000 0.000000 0.000000
1000 28 P -187.126892 0.807059 -77.509186 2.110000 -1.000000 0.000000
1000 29 S -190.392883 -1.170980 -78.428383 1.800000 0.000000 0.000000
1000 30 C -188.848602 -4.213848 -79.395630 2.150000 0.000000 0.000000
1000 31 P -192.252243 -2.599175 -75.307991 2.110000 -1.000000 0.000000
1000 32 S -193.907349 -5.252252 -77.431267 1.800000 0.000000 0.000000
1000 33 C -190.930191 -7.293777 -76.478371 2.150000 0.000000 0.000000
1000 34 P -195.444260 -7.086658 -74.295059 2.110000 -1.000000 0.000000
1000 35 S -195.551651 -10.886710 -75.355934 1.800000 0.000000 0.000000
1000 36 U -192.197998 -11.593364 -75.421616 2.150000 0.000000 0.000000
1000 37 P -196.067612 -12.223578 -71.906136 2.110000 -1.000000 0.000000
1500 1 P -179.435089 -14.673256 -71.262955 2.110000 -1.000000 1.000000
1500 2 S -181.506256 -16.868885 -73.983543 1.800000 0.000000 0.000000
1500 3 G -185.047058 -16.388002 -73.503151 2.150000 0.000000 0.000000
1500 4 P -180.493927 -16.264954 -77.792343 2.110000 -1.000000 0.000000
1500 5 S -184.015472 -16.818243 -79.549995 1.800000 0.000000 0.000000
1500 6 G -185.520737 -13.931685 -79.067894 2.150000 0.000000 0.000000
1500 7 P -183.277069 -16.300941 -83.343369 2.110000 -1.000000 0.000000
1500 8 S -186.380600 -14.834106 -84.757614 1.800000 0.000000 0.000000
1500 9 G -186.895050 -11.626963 -83.759216 2.150000 0.000000 0.000000
1500 10 P -184.901459 -13.654209 -88.171288 2.110000 -1.000000 0.000000
1500 11 S -187.701080 -11.553243 -89.678215 1.800000 0.000000 0.000000
1500 12 C -186.853134 -9.007519 -87.503609 2.150000 0.000000 0.000000
1500 13 P -184.682159 -10.445849 -91.644646 2.110000 -1.000000 0.000000
1500 14 S -185.560394 -7.202417 -93.490738 1.800000 0.000000 0.000000
1500 15 G -186.200119 -5.615677 -90.629768 2.150000 0.000000 0.000000
1500 16 P -181.899582 -5.785463 -93.739944 2.110000 -1.000000 0.000000
1500 17 S -182.093353 -1.924134 -93.463303 1.800000 0.000000 0.000000
1500 18 C -184.852966 -1.478477 -91.332016 2.150000 0.000000 0.000000
1500 19 P -178.768555 -1.273022 -91.964607 2.110000 -1.000000 0.000000
1500 20 S -181.061554 1.661152 -90.933380 1.800000 0.000000 0.000000
1500 21 A -179.369110 4.262087 -92.881821 2.150000 0.000000 0.000000
1500 22 P -179.150452 2.386228 -87.590385 2.110000 -1.000000 0.000000
1500 23 S -182.497757 1.962321 -85.623169 1.800000 0.000000 0.000000
1500 24 A -183.581573 -1.242240 -86.157646 2.150000 0.000000 0.000000
1500 25 P -183.013123 3.055743 -81.914276 2.110000 -1.000000 0.000000
1500 26 S -186.762543 1.716054 -81.760406 1.800000 0.000000 0.000000
1500 27 G -187.928162 -1.072678 -83.498146 2.150000 0.000000 0.000000
1500 28 P -186.875275 1.065116 -77.880913 2.110000 -1.000000 0.000000
1500 29 S -190.100113 -1.032872 -78.474663 1.800000 0.000000 0.000000
1500 30 C -188.555832 -4.075740 -79.441910 2.150000 0.000000 0.000000
1500 31 P -192.182587 -2.373515 -75.467033 2.110000 -1.000000 0.000000
1500 32 S -193.946365 -5.297931 -77.427391 1.800000 0.000000 0.000000
1500 33 C -190.868164 -7.254729 -76.533096 2.150000 0.000000 0.000000
1500 34 P -195.494507 -7.188811 -74.369698 2.110000 -1.000000 0.000000
1500 35 S -195.832672 -10.980416 -74.994347 1.800000 0.000000 0.000000
1500 36 U -192.479019 -11.687070 -75.060028 2.150000 0.000000 0.000000
1500 37 P -196.748169 -12.120821 -71.245987 2.110000 -1.000000 0.000000
2000 1 P -181.758102 -20.789200 -74.049576 2.110000 -1.000000 1.000000
2000 2 S -181.372223 -16.849796 -74.321831 1.800000 0.000000 0.000000
2000 3 G -184.737961 -16.117037 -73.738480 2.150000 0.000000 0.000000
2000 4 P -180.350006 -16.352890 -78.119423 2.110000 -1.000000 0.000000
2000 5 S -183.960205 -16.890724 -79.550888 1.800000 0.000000 0.000000
2000 6 G -185.462280 -13.952946 -79.094986 2.150000 0.000000 0.000000
2000 7 P -183.218613 -16.322203 -83.370461 2.110000 -1.000000 0.000000
2000 8 S -186.344070 -14.817741 -84.694717 1.800000 0.000000 0.000000
2000 9 G -186.942963 -11.842400 -83.379440 2.150000 0.000000 0.000000
2000 10 P -184.902405 -13.747949 -87.958916 2.110000 -1.000000 0.000000
2000 11 S -187.689056 -11.636278 -89.477242 1.800000 0.000000 0.000000
2000 12 C -186.822952 -9.028852 -87.413773 2.150000 0.000000 0.000000
2000 13 P -184.651978 -10.467183 -91.554810 2.110000 -1.000000 0.000000
2000 14 S -185.860825 -7.329051 -93.506256 1.800000 0.000000 0.000000
2000 15 G -187.634979 -5.134761 -91.216660 2.150000 0.000000 0.000000
2000 16 P -182.694626 -5.162139 -94.012566 2.110000 -1.000000 0.000000
2000 17 S -183.693756 -1.256782 -93.822166 1.800000 0.000000 0.000000
2000 18 C -183.434418 -0.877471 -97.321274 2.150000 0.000000 0.000000
2000 19 P -180.335388 -0.525758 -92.107010 2.110000 -1.000000 0.000000
2000 20 S -182.625046 2.410116 -91.081467 1.800000 0.000000 0.000000
2000 21 A -184.112488 0.184651 -88.995094 2.150000 0.000000 0.000000
2000 22 P -180.557938 3.247407 -87.912453 2.110000 -1.000000 0.000000
2000 23 S -183.417633 2.075988 -85.643677 1.800000 0.000000 0.000000
2000 24 A -186.174332 4.220992 -86.511047 2.150000 0.000000 0.000000
2000 25 P -183.007370 3.156951 -81.913689 2.110000 -1.000000 0.000000
2000 26 S -186.718979 1.825125 -81.969055 1.800000 0.000000 0.000000
2000 27 G -187.884598 -0.963607 -83.706795 2.150000 0.000000 0.000000
2000 28 P -186.933502 1.120399 -78.093048 2.110000 -1.000000 0.000000
2000 29 S -190.058853 -1.074172 -78.465118 1.800000 0.000000 0.000000
2000 30 C -188.380203 -4.158211 -79.108238 2.150000 0.000000 0.000000
2000 31 P -192.149536 -2.419695 -75.457993 2.110000 -1.000000 0.000000
2000 32 S -193.925415 -5.384675 -77.252495 1.800000 0.000000 0.000000
2000 33 C -191.246017 -7.585637 -76.717796 2.150000 0.000000 0.000000
2000 34 P -195.476959 -7.229120 -74.226418 2.110000 -1.000000 0.000000
2000 35 S -195.764771 -11.034595 -74.801575 1.800000 0.000000 0.000000
2000 36 U -192.411118 -11.741248 -74.867256 2.150000 0.000000 0.000000
2000 37 P -195.800812 -12.191219 -71.085991 2.110000 -1.000000 0.000000
2500 1 P -179.259781 -14.627350 -71.865211 2.110000 -1.000000 1.000000
2500 2 S -181.587860 -16.855543 -74.011421 1.800000 0.000000 0.000000
2500 3 G -184.941742 -16.114069 -73.331413 2.150000 0.000000 0.000000
2500 4 P -180.553787 -16.349916 -77.712357 2.110000 -1.000000 0.000000
2500 5 S -184.093979 -17.022884 -79.626160 1.800000 0.000000 0.000000
2500 6 G -185.587616 -14.096564 -79.049797 2.150000 0.000000 0.000000
2500 7 P -183.343948 -16.465815 -83.325272 2.110000 -1.000000 0.000000
2500 8 S -186.374908 -14.849941 -84.658630 1.800000 0.000000 0.000000
2500 9 G -187.426437 -11.852977 -83.555771 2.150000 0.000000 0.000000
2500 10 P -184.901291 -13.764960 -88.010017 2.110000 -1.000000 0.000000
2500 11 S -187.699921 -11.648946 -89.504829 1.800000 0.000000 0.000000
2500 12 C -186.827087 -9.031281 -87.448730 2.150000 0.000000 0.000000
2500 13 P -184.656113 -10.469612 -91.589767 2.110000 -1.000000 0.000000
2500 14 S -185.445129 -7.533776 -93.797211 1.800000 0.000000 0.000000
2500 15 G -185.852524 -5.397652 -91.206848 2.150000 0.000000 0.000000
2500 16 P -182.224457 -5.505861 -94.155281 2.110000 -1.000000 0.000000
2500 17 S -183.397949 -1.808890 -94.024239 1.800000 0.000000 0.000000
2500 18 C -181.949844 -0.944142 -97.160187 2.150000 0.000000 0.000000
2500 19 P -180.087387 -0.973986 -92.344452 2.110000 -1.000000 0.000000
2500 20 S -182.336060 2.040143 -91.420113 1.800000 0.000000 0.000000
2500 21 A -185.020905 0.321407 -89.869987 2.150000 0.000000 0.000000
2500 22 P -180.686203 3.065034 -88.006432 2.110000 -1.000000 0.000000
2500 23 S -183.677017 1.865345 -85.627296 1.800000 0.000000 0.000000
2500 24 A -186.875259 3.561281 -85.874329 2.150000 0.000000 0.000000
2500 25 P -183.197083 3.169085 -81.868256 2.110000 -1.000000 0.000000
2500 26 S -186.864471 1.719433 -81.836914 1.800000 0.000000 0.000000
2500 27 G -188.030090 -1.069299 -83.574654 2.150000 0.000000 0.000000
2500 28 P -187.003265 0.986284 -77.983948 2.110000 -1.000000 0.000000
2500 29 S -190.121506 -1.196008 -78.331436 1.800000 0.000000 0.000000
2500 30 C -188.442856 -4.280046 -78.974556 2.150000 0.000000 0.000000
2500 31 P -192.266495 -2.565856 -75.289177 2.110000 -1.000000 0.000000
2500 32 S -194.042099 -5.500946 -77.302574 1.800000 0.000000 0.000000
2500 33 C -191.362701 -7.701908 -76.767876 2.150000 0.000000 0.000000
2500 34 P -195.523605 -7.150509 -74.161537 2.110000 -1.000000 0.000000
2500 35 S -195.848984 -10.972826 -75.008072 1.800000 0.000000 0.000000
2500 36 U -192.495331 -11.679480 -75.073753 2.150000 0.000000 0.000000
2500 37 P -196.186325 -12.530638 -71.272263 2.110000 -1.000000 0.000000
3000 1 P -179.318817 -14.652844 -71.892548 2.110000 -1.000000 1.000000
3000 2 S -181.485413 -16.763390 -74.449104 1.800000 0.000000 0.000000
3000 3 G -184.353745 -15.125242 -74.583191 2.150000 0.000000 0.000000
3000 4 P -180.543915 -16.298134 -78.018311 2.110000 -1.000000 0.000000
3000 5 S -184.032288 -16.896225 -79.841721 1.800000 0.000000 0.000000
3000 6 G -185.528473 -13.937506 -79.214752 2.150000 0.000000 0.000000
3000 7 P -183.284805 -16.306755 -83.490227 2.110000 -1.000000 0.000000
3000 8 S -186.318497 -14.706880 -84.893333 1.800000 0.000000 0.000000
3000 9 G -187.354355 -11.690557 -83.819893 2.150000 0.000000 0.000000
3000 10 P -184.829208 -13.602540 -88.274139 2.110000 -1.000000 0.000000
3000 11 S -187.627441 -11.515906 -89.738274 1.800000 0.000000 0.000000
3000 12 C -186.839020 -9.005025 -87.503548 2.150000 0.000000 0.000000
3000 13 P -184.668045 -10.443356 -91.644585 2.110000 -1.000000 0.000000
3000 14 S -185.921082 -7.330001 -93.513298 1.800000 0.000000 0.000000
3000 15 G -188.097961 -6.003057 -91.217751 2.150000 0.000000 0.000000
3000 16 P -182.373978 -6.015719 -93.315948 2.110000 -1.000000 0.000000
3000 17 S -182.832626 -2.178500 -93.014893 1.800000 0.000000 0.000000
3000 18 C -182.642303 -1.534095 -96.436958 2.150000 0.000000 0.000000
3000 19 P -179.705872 -1.163829 -91.488197 2.110000 -1.000000 0.000000
3000 20 S -181.997086 1.837967 -90.544106 1.800000 0.000000 0.000000
3000 21 A -185.231979 0.362470 -89.924324 2.150000 0.000000 0.000000
3000 22 P -179.919189 2.680772 -87.492630 2.110000 -1.000000 0.000000
3000 23 S -183.236862 2.194013 -85.674469 1.800000 0.000000 0.000000
3000 24 A -181.421692 -0.699461 -84.423370 2.150000 0.000000 0.000000
3000 25 P -183.431442 3.339552 -82.027534 2.110000 -1.000000 0.000000
3000 26 S -186.968994 1.636346 -81.688141 1.800000 0.000000 0.000000
3000 27 G -188.134613 -1.152386 -83.425880 2.150000 0.000000 0.000000
3000 28 P -187.139267 0.873921 -77.756721 2.110000 -1.000000 0.000000
3000 29 S -190.326721 -1.232653 -78.366043 1.800000 0.000000 0.000000
3000 30 C -188.648071 -4.316692 -79.009163 2.150000 0.000000 0.000000
3000 31 P -192.502197 -2.653190 -75.343918 2.110000 -1.000000 0.000000
3000 32 S -194.182098 -5.573485 -77.379768 1.800000 0.000000 0.000000
3000 33 C -191.502701 -7.774447 -76.845070 2.150000 0.000000 0.000000
3000 34 P -195.632507 -7.280406 -74.381348 2.110000 -1.000000 0.000000
3000 35 S -195.933334 -11.117432 -75.043480 1.800000 0.000000 0.000000
3000 36 U -192.579681 -11.824085 -75.109161 2.150000 0.000000 0.000000
3000 37 P -196.989288 -13.081364 -71.546242 2.110000 -1.000000 0.000000
3500 1 P -181.535843 -20.555542 -75.001976 2.110000 -1.000000 1.000000
3500 2 S -181.287354 -16.621569 -74.409569 1.800000 0.000000 0.000000
3500 3 G -184.562653 -15.938074 -74.398605 2.150000 0.000000 0.000000
3500 4 P -180.361221 -16.163897 -78.263863 2.110000 -1.000000 0.000000
3500 5 S -183.949509 -16.979168 -79.561371 1.800000 0.000000 0.000000
3500 6 G -185.382584 -14.036897 -79.017906 2.150000 0.000000 0.000000
3500 7 P -183.164444 -16.364244 -83.175972 2.110000 -1.000000 0.000000
3500 8 S -186.139297 -14.676148 -84.819366 1.800000 0.000000 0.000000
3500 9 G -187.158310 -11.656867 -83.751366 2.150000 0.000000 0.000000
3500 10 P -184.633163 -13.568851 -88.205612 2.110000 -1.000000 0.000000
3500 11 S -187.545074 -11.572613 -89.622917 1.800000 0.000000 0.000000
3500 12 C -186.974518 -8.885932 -87.742371 2.150000 0.000000 0.000000
3500 13 P -184.624313 -10.481937 -91.543015 2.110000 -1.000000 0.000000
3500 14 S -185.203049 -7.495422 -93.813744 1.800000 0.000000 0.000000
3500 15 G -186.087494 -6.441164 -90.725594 2.150000 0.000000 0.000000
3500 16 P -181.443375 -6.660249 -93.528610 2.110000 -1.000000 0.000000
3500 17 S -181.420929 -2.748873 -93.142036 1.800000 0.000000 0.000000
3500 18 C -181.227295 -1.929793 -96.610184 2.150000 0.000000 0.000000
3500 19 P -178.248642 -1.707375 -91.786026 2.110000 -1.000000 0.000000
3500 20 S -180.556702 1.296722 -90.837982 1.800000 0.000000 0.000000
3500 21 A -183.279877 -0.408369 -89.921715 2.150000 0.000000 0.000000
3500 22 P -179.235962 2.328153 -87.438339 2.110000 -1.000000 0.000000
3500 23 S -182.934799 2.371044 -85.880913 1.800000 0.000000 0.000000
3500 24 A -183.909286 -1.033849 -85.762619 2.150000 0.000000 0.000000
3500 25 P -183.466812 3.364396 -82.180489 2.110000 -1.000000 0.000000
3500 26 S -187.165298 1.606885 -81.661133 1.800000 0.000000 0.000000
3500 27 G -188.330917 -1.181847 -83.398872 2.150000 0.000000 0.000000
3500 28 P -187.475143 0.915762 -77.880775 2.110000 -1.000000 0.000000
3500 29 S -190.520538 -1.187754 -78.417816 1.800000 0.000000 0.000000
3500 30 C -188.841888 -4.271793 -79.060936 2.150000 0.000000 0.000000
3500 31 P -192.383163 -2.586227 -75.290283 2.110000 -1.000000 0.000000
3500 32 S -193.986710 -5.555336 -77.352806 1.800000 0.000000 0.000000
3500 33 C -191.307312 -7.756298 -76.818108 2.150000 0.000000 0.000000
3500 34 P -195.570099 -7.474533 -74.302109 2.110000 -1.000000 0.000000
3500 35 S -195.811386 -11.201192 -75.399750 1.800000 0.000000 0.000000
3500 36 U -192.457733 -11.907845 -75.465431 2.150000 0.000000 0.000000
3500 37 P -196.775574 -12.745322 -71.831970 2.110000 -1.000000 0.000000
4000 1 P -181.424988 -20.362257 -73.313927 2.110000 -1.000000 1.000000
4000 2 S -181.234344 -16.574461 -74.496857 1.800000 0.000000 0.000000
4000 3 G -184.659546 -16.163717 -74.554886 2.150000 0.000000 0.000000
4000 4 P -180.417587 -16.288445 -78.354462 2.110000 -1.000000 0.000000
4000 5 S -184.050400 -17.270838 -79.078621 1.800000 0.000000 0.000000
4000 6 G -185.465363 -14.194587 -78.826065 2.150000 0.000000 0.000000
4000 7 P -183.247223 -16.521936 -82.984131 2.110000 -1.000000 0.000000
4000 8 S -186.223999 -14.800036 -84.616913 1.800000 0.000000 0.000000
4000 9 G -187.377457 -11.772857 -83.642517 2.150000 0.000000 0.000000
4000 10 P -184.694427 -13.626364 -88.134850 2.110000 -1.000000 0.000000
4000 11 S -187.606064 -11.629785 -89.549049 1.800000 0.000000 0.000000
4000 12 C -187.005569 -8.899241 -87.719116 2.150000 0.000000 0.000000
4000 13 P -184.655365 -10.495247 -91.519760 2.110000 -1.000000 0.000000
4000 14 S -185.576233 -7.402928 -93.590515 1.800000 0.000000 0.000000
4000 15 G -187.141556 -5.596539 -91.151970 2.150000 0.000000 0.000000
4000 16 P -181.809464 -7.092626 -92.927460 2.110000 -1.000000 0.000000
4000 17 S -181.893936 -3.150454 -92.508034 1.800000 0.000000 0.000000
4000 18 C -181.581268 -2.504360 -95.862862 2.150000 0.000000 0.000000
4000 19 P -178.776489 -2.172280 -90.959702 2.110000 -1.000000 0.000000
4000 20 S -181.073792 0.812818 -89.990517 1.800000 0.000000 0.000000
4000 21 A -182.277588 -1.832347 -88.385719 2.150000 0.000000 0.000000
4000 22 P -179.411957 1.745675 -86.772308 2.110000 -1.000000 0.000000
4000 23 S -183.136749 2.285332 -85.535378 1.800000 0.000000 0.000000
4000 24 A -183.209686 -1.238106 -84.515778 2.150000 0.000000 0.000000
4000 25 P -183.515411 3.198431 -81.857025 2.110000 -1.000000 0.000000
4000 26 S -187.042984 1.674513 -81.775742 1.800000 0.000000 0.000000
4000 27 G -188.199097 -1.193573 -83.328392 2.150000 0.000000 0.000000
4000 28 P -187.430420 1.003014 -78.006081 2.110000 -1.000000 0.000000
4000 29 S -190.574783 -1.375538 -78.147560 1.800000 0.000000 0.000000
4000 30 C -188.896133 -4.459577 -78.790680 2.150000 0.000000 0.000000
4000 31 P -192.398376 -2.761868 -74.940338 2.110000 -1.000000 0.000000
4000 32 S -194.014572 -5.728739 -76.893623 1.800000 0.000000 0.000000
4000 33 C -191.335175 -7.929701 -76.358925 2.150000 0.000000 0.000000
4000 34 P -195.688293 -7.654922 -73.975365 2.110000 -1.000000 0.000000
4000 35 S -195.892090 -11.431898 -74.909515 1.800000 0.000000 0.000000
4000 36 U -192.544113 -11.999271 -74.493011 2.150000 0.000000 0.000000
4000 37 P -197.089447 -13.017873 -71.547569 2.110000 -1.000000 0.000000
4500 1 P -180.762497 -19.635998 -74.032356 2.110000 -1.000000 1.000000
4500 2 S -180.821564 -15.874493 -74.656830 1.800000 0.000000 0.000000
4500 3 G -184.406937 -15.967302 -74.713341 2.150000 0.000000 0.000000
4500 4 P -180.164978 -16.092030 -78.512917 2.110000 -1.000000 0.000000
4500 5 S -183.825897 -17.065334 -79.242493 1.800000 0.000000 0.000000
4500 6 G -185.224030 -14.004505 -78.808197 2.150000 0.000000 0.000000
4500 7 P -183.005890 -16.331852 -82.966263 2.110000 -1.000000 0.000000
4500 8 S -186.224548 -14.848533 -84.610657 1.800000 0.000000 0.000000
4500 9 G -186.670090 -11.756157 -83.415413 2.150000 0.000000 0.000000
4500 10 P -184.658997 -13.639454 -87.990059 2.110000 -1.000000 0.000000
4500 11 S -187.598801 -11.630282 -89.553505 1.800000 0.000000 0.000000
4500 12 C -187.114700 -8.978270 -87.603912 2.150000 0.000000 0.000000
4500 13 P -184.654358 -10.513141 -91.542290 2.110000 -1.000000 0.000000
4500 14 S -185.940231 -7.547954 -93.740311 1.800000 0.000000 0.000000
4500 15 G -186.518585 -8.226665 -97.199348 2.150000 0.000000 0.000000
4500 16 P -182.242004 -6.650718 -93.599297 2.110000 -1.000000 0.000000
4500 17 S -183.283539 -2.902148 -93.423241 1.800000 0.000000 0.000000
4500 18 C -182.800903 -1.712060 -96.578850 2.150000 0.000000 0.000000
4500 19 P -180.036987 -2.074319 -91.658897 2.110000 -1.000000 0.000000
4500 20 S -182.337219 0.905527 -90.691612 1.800000 0.000000 0.000000
4500 21 A -185.372421 0.106176 -89.161606 2.150000 0.000000 0.000000
4500 22 P -180.416687 2.056263 -87.483414 2.110000 -1.000000 0.000000
4500 23 S -184.076065 2.030041 -85.725792 1.800000 0.000000 0.000000
4500 24 A -185.522110 5.098270 -86.727753 2.150000 0.000000 0.000000
4500 25 P -183.383972 3.231592 -81.964096 2.110000 -1.000000 0.000000
4500 26 S -187.029709 1.661177 -81.730415 1.800000 0.000000 0.000000
4500 27 G -188.185822 -1.206909 -83.283066 2.150000 0.000000 0.000000
4500 28 P -187.448929 0.970365 -77.909958 2.110000 -1.000000 0.000000
4500 29 S -190.478149 -1.252106 -78.391571 1.800000 0.000000 0.000000
4500 30 C -188.799500 -4.336144 -79.034691 2.150000 0.000000 0.000000
4500 31 P -192.171219 -2.593651 -74.993523 2.110000 -1.000000 0.000000
4500 32 S -193.731735 -5.624049 -76.673752 1.800000 0.000000 0.000000
4500 33 C -190.858566 -7.630603 -76.133865 2.150000 0.000000 0.000000
4500 34 P -195.447266 -7.476344 -73.773674 2.110000 -1.000000 0.000000
4500 35 S -195.626022 -11.219039 -74.877693 1.800000 0.000000 0.000000
4500 36 U -192.278046 -11.786412 -74.461189 2.150000 0.000000 0.000000
4500 37 P -196.368271 -12.254677 -71.081223 2.110000 -1.000000 0.000000
5000 1 P -180.654739 -19.348883 -72.988647 2.110000 -1.000000 1.000000
5000 2 S -180.801224 -15.775103 -74.613922 1.800000 0.000000 0.000000
5000 3 G -184.305786 -15.841932 -74.572327 2.150000 0.000000 0.000000
5000 4 P -180.063828 -15.966658 -78.371902 2.110000 -1.000000 0.000000
5000 5 S -183.690430 -16.951723 -79.291794 1.800000 0.000000 0.000000
5000 6 G -185.202881 -14.049622 -78.761696 2.150000 0.000000 0.000000
5000 7 P -182.984741 -16.376966 -82.919762 2.110000 -1.000000 0.000000
5000 8 S -186.218750 -14.896974 -84.667702 1.800000 0.000000 0.000000
5000 9 G -186.663452 -11.803161 -83.474075 2.150000 0.000000 0.000000
5000 10 P -184.652359 -13.686458 -88.048721 2.110000 -1.000000 0.000000
5000 11 S -187.576462 -11.635767 -89.667282 1.800000 0.000000 0.000000
5000 12 C -187.106354 -8.974998 -87.655411 2.150000 0.000000 0.000000
5000 13 P -184.646011 -10.509870 -91.593788 2.110000 -1.000000 0.000000
5000 14 S -185.520996 -7.847723 -94.165474 1.800000 0.000000 0.000000
5000 15 G -187.214691 -5.897472 -91.698532 2.150000 0.000000 0.000000
5000 16 P -182.132736 -6.862272 -94.136421 2.110000 -1.000000 0.000000
5000 17 S -182.482269 -2.990537 -93.989456 1.800000 0.000000 0.000000
5000 18 C -181.254501 -1.612341 -96.933731 2.150000 0.000000 0.000000
5000 19 P -179.208084 -2.219180 -92.247681 2.110000 -1.000000 0.000000
5000 20 S -181.486465 0.760321 -91.307983 1.800000 0.000000 0.000000
5000 21 A -183.805450 -1.703164 -90.251526 2.150000 0.000000 0.000000
5000 22 P -179.847900 2.310929 -87.868477 2.110000 -1.000000 0.000000
5000 23 S -183.202087 2.196263 -85.996094 1.800000 0.000000 0.000000
5000 24 A -183.908310 -1.238833 -85.506981 2.150000 0.000000 0.000000
5000 25 P -183.324966 3.273917 -82.237541 2.110000 -1.000000 0.000000
5000 26 S -187.031998 1.757367 -81.992401 1.800000 0.000000 0.000000
5000 27 G -188.188110 -1.110719 -83.545052 2.150000 0.000000 0.000000
5000 28 P -187.360611 1.035549 -78.117653 2.110000 -1.000000 0.000000
5000 29 S -190.491730 -1.305356 -78.403389 1.800000 0.000000 0.000000
5000 30 C -188.813080 -4.389395 -79.046509 2.150000 0.000000 0.000000
5000 31 P -192.173340 -2.561257 -75.155861 2.110000 -1.000000 0.000000
5000 32 S -193.798065 -5.667432 -76.772827 1.800000 0.000000 0.000000
5000 33 C -190.924896 -7.673986 -76.232941 2.150000 0.000000 0.000000
5000 34 P -195.479385 -7.465959 -73.804085 2.110000 -1.000000 0.000000
5000 35 S -195.556274 -11.224786 -74.482674 1.800000 0.000000 0.000000
5000 36 U -192.321487 -11.990551 -74.392105 2.150000 0.000000 0.000000
5000 37 P -195.820892 -12.552002 -70.809471 2.110000 -1.000000 0.000000
5500 1 P -178.666397 -13.436135 -72.104744 2.110000 -1.000000 1.000000
5500 2 S -180.679947 -15.874306 -74.537758 1.800000 0.000000 0.000000
5500 3 G -184.152481 -15.733230 -74.739677 2.150000 0.000000 0.000000
5500 4 P -179.910522 -15.857955 -78.539253 2.110000 -1.000000 0.000000
5500 5 S -183.531052 -16.819487 -79.551819 1.800000 0.000000 0.000000
5500 6 G -185.191269 -13.920156 -79.195892 2.150000 0.000000 0.000000
5500 7 P -182.864960 -16.237556 -83.385277 2.110000 -1.000000 0.000000
5500 8 S -186.199722 -14.886388 -84.698990 1.800000 0.000000 0.000000
5500 9 G -186.661545 -11.802548 -83.472290 2.150000 0.000000 0.000000
5500 10 P -184.650452 -13.685845 -88.046936 2.110000 -1.000000 0.000000
5500 11 S -187.574326 -11.635555 -89.681038 1.800000 0.000000 0.000000
5500 12 C -187.065170 -8.963171 -87.630714 2.150000 0.000000 0.000000
5500 13 P -184.604828 -10.498042 -91.569092 2.110000 -1.000000 0.000000
5500 14 S -185.600876 -7.646502 -94.004478 1.800000 0.000000 0.000000
5500 15 G -187.592010 -5.922669 -91.908440 2.150000 0.000000 0.000000
5500 16 P -181.905441 -6.450664 -93.669151 2.110000 -1.000000 0.000000
5500 17 S -181.991714 -2.552777 -93.470406 1.800000 0.000000 0.000000
5500 18 C -183.657089 -1.970629 -90.489105 2.150000 0.000000 0.000000
5500 19 P -178.636490 -1.940629 -91.758926 2.110000 -1.000000 0.000000
5500 20 S -180.951843 1.058622 -90.849236 1.800000 0.000000 0.000000
5500 21 A -180.445618 3.244989 -93.544487 2.150000 0.000000 0.000000
5500 22 P -179.156784 2.532331 -87.797081 2.110000 -1.000000 0.000000
5500 23 S -182.819458 2.199381 -86.209915 1.800000 0.000000 0.000000
5500 24 A -183.980026 4.843781 -87.945961 2.150000 0.000000 0.000000
5500 25 P -182.951935 3.385445 -82.637009 2.110000 -1.000000 0.000000
5500 26 S -186.734756 2.081493 -82.549484 1.800000 0.000000 0.000000
5500 27 G -187.890869 -0.786592 -84.102135 2.150000 0.000000 0.000000
5500 28 P -187.243820 1.269498 -78.681046 2.110000 -1.000000 0.000000
5500 29 S -190.374939 -1.071408 -78.966782 1.800000 0.000000 0.000000
5500 30 C -188.414825 -3.881775 -79.875954 2.150000 0.000000 0.000000
5500 31 P -191.980606 -2.318638 -75.613174 2.110000 -1.000000 0.000000
5500 32 S -193.643509 -5.503044 -76.963013 1.800000 0.000000 0.000000
5500 33 C -190.770340 -7.509598 -76.423126 2.150000 0.000000 0.000000
5500 34 P -195.337860 -7.281960 -74.003143 2.110000 -1.000000 0.000000
5500 35 S -195.403381 -11.041611 -74.865845 1.800000 0.000000 0.000000
5500 36 U -192.168594 -11.807376 -74.775276 2.150000 0.000000 0.000000
5500 37 P -196.340195 -11.773458 -71.010124 2.110000 -1.000000 0.000000
6000 1 P -178.633255 -13.591475 -72.234360 2.110000 -1.000000 1.000000
6000 2 S -180.746368 -16.149542 -74.430069 1.800000 0.000000 0.000000
6000 3 G -184.035004 -15.488319 -74.491013 2.150000 0.000000 0.000000
6000 4 P -179.958969 -16.036240 -78.205772 2.110000 -1.000000 0.000000
6000 5 S -183.654449 -16.959366 -79.101967 1.800000 0.000000 0.000000
6000 6 G -185.295853 -14.077912 -78.773438 2.150000 0.000000 0.000000
6000 7 P -182.969543 -16.395311 -82.962822 2.110000 -1.000000 0.000000
6000 8 S -186.305679 -15.029371 -84.336327 1.800000 0.000000 0.000000
6000 9 G -186.866684 -11.979259 -83.101685 2.150000 0.000000 0.000000
6000 10 P -184.855591 -13.862556 -87.676331 2.110000 -1.000000 0.000000
6000 11 S -187.762924 -11.828657 -89.226509 1.800000 0.000000 0.000000
6000 12 C -187.244476 -9.177050 -87.175598 2.150000 0.000000 0.000000
6000 13 P -184.784134 -10.711921 -91.113976 2.110000 -1.000000 0.000000
6000 14 S -185.698792 -7.798974 -93.686295 1.800000 0.000000 0.000000
6000 15 G -186.787933 -5.415135 -91.675011 2.150000 0.000000 0.000000
6000 16 P -181.909271 -7.000581 -93.312347 2.110000 -1.000000 0.000000
6000 17 S -181.656433 -3.042453 -93.149277 1.800000 0.000000 0.000000
6000 18 C -182.811737 -2.842739 -90.012398 2.150000 0.000000 0.000000
6000 19 P -177.967697 -2.542332 -91.696037 2.110000 -1.000000 0.000000
6000 20 S -180.286041 0.456197 -90.773613 1.800000 0.000000 0.000000
6000 21 A -178.867874 2.610050 -92.952957 2.150000 0.000000 0.000000
6000 22 P -178.551086 1.876305 -87.586121 2.110000 -1.000000 0.000000
6000 23 S -182.291443 1.964513 -86.153931 1.800000 0.000000 0.000000
6000 24 A -183.417892 4.690565 -87.930351 2.150000 0.000000 0.000000
6000 25 P -182.569336 3.049593 -82.353378 2.110000 -1.000000 0.000000
6000 26 S -186.475128 1.973137 -82.351990 1.800000 0.000000 0.000000
6000 27 G -187.631241 -0.894949 -83.904640 2.150000 0.000000 0.000000
6000 28 P -187.172882 1.284840 -78.727135 2.110000 -1.000000 0.000000
6000 29 S -190.310883 -0.978054 -79.130508 1.800000 0.000000 0.000000
6000 30 C -188.350769 -3.788422 -80.039680 2.150000 0.000000 0.000000
6000 31 P -191.913834 -2.240700 -75.640251 2.110000 -1.000000 0.000000
6000 32 S -193.662018 -5.499395 -76.708954 1.800000 0.000000 0.000000
6000 33 C -190.788849 -7.505949 -76.169067 2.150000 0.000000 0.000000
6000 34 P -195.309921 -7.344542 -73.966522 2.110000 -1.000000 0.000000
6000 35 S -195.367325 -11.108527 -75.020721 1.800000 0.000000 0.000000
6000 36 U -192.132538 -11.874292 -74.930153 2.150000 0.000000 0.000000
6000 37 P -196.798950 -13.552414 -72.161690 2.110000 -1.000000 0.000000
6500 1 P -180.550125 -19.246880 -73.733543 2.110000 -1.000000 1.000000
6500 2 S -180.659225 -15.635759 -74.893188 1.800000 0.000000 0.000000
6500 3 G -184.084518 -15.406486 -74.867523 2.150000 0.000000 0.000000
6500 4 P -180.021194 -16.052786 -78.679108 2.110000 -1.000000 0.000000
6500 5 S -183.689453 -16.899343 -79.375069 1.800000 0.000000 0.000000
6500 6 G -185.232849 -13.962515 -78.946716 2.150000 0.000000 0.000000
6500 7 P -182.906540 -16.279917 -83.136101 2.110000 -1.000000 0.000000
6500 8 S -186.285843 -14.974155 -84.415062 1.800000 0.000000 0.000000
6500 9 G -187.054703 -11.976391 -83.167969 2.150000 0.000000 0.000000
6500 10 P -184.772476 -13.857400 -87.578522 2.110000 -1.000000 0.000000
6500 11 S -187.691727 -11.849278 -89.039024 1.800000 0.000000 0.000000
6500 12 C -187.207077 -9.247276 -86.906090 2.150000 0.000000 0.000000
6500 13 P -184.734192 -10.722483 -91.111069 2.110000 -1.000000 0.000000
6500 14 S -185.941925 -7.973971 -93.756142 1.800000 0.000000 0.000000
6500 15 G -185.351593 -5.451655 -91.381950 2.150000 0.000000 0.000000
6500 16 P -182.361404 -6.594397 -93.869072 2.110000 -1.000000 0.000000
6500 17 S -182.492676 -2.587794 -93.606407 1.800000 0.000000 0.000000
6500 18 C -183.036835 -1.869696 -96.964195 2.150000 0.000000 0.000000
6500 19 P -178.760880 -1.905643 -92.778763 2.110000 -1.000000 0.000000
6500 20 S -181.111633 1.076984 -91.821465 1.800000 0.000000 0.000000
6500 21 A -180.228439 3.434221 -94.252205 2.150000 0.000000 0.000000
6500 22 P -179.114258 2.722878 -88.687798 2.110000 -1.000000 0.000000
6500 23 S -182.659882 2.238915 -86.830498 1.800000 0.000000 0.000000
6500 24 A -181.509628 -1.389074 -86.254883 2.150000 0.000000 0.000000
6500 25 P -182.854919 3.368970 -83.028244 2.110000 -1.000000 0.000000
6500 26 S -186.570374 1.945979 -82.095558 1.800000 0.000000 0.000000
6500 27 G -187.977676 -1.003983 -83.512711 2.150000 0.000000 0.000000
6500 28 P -186.978363 1.094314 -78.244949 2.110000 -1.000000 0.000000
6500 29 S -190.335739 -1.094309 -78.786652 1.800000 0.000000 0.000000
6500 30 C -188.375626 -3.904676 -79.695824 2.150000 0.000000 0.000000
6500 31 P -191.924164 -2.289632 -75.617065 2.110000 -1.000000 0.000000
6500 32 S -193.675262 -5.544689 -76.675262 1.800000 0.000000 0.000000
6500 33 C -190.549026 -7.268712 -76.385910 2.150000 0.000000 0.000000
6500 34 P -195.407288 -7.398413 -73.741524 2.110000 -1.000000 0.000000
6500 35 S -195.521332 -11.251317 -74.558105 1.800000 0.000000 0.000000
6500 36 U -192.208923 -11.721686 -74.435928 2.150000 0.000000 0.000000
6500 37 P -196.069580 -12.034227 -70.852379 2.110000 -1.000000 0.000000
7000 1 P -180.444870 -18.759361 -72.710464 2.110000 -1.000000 1.000000
7000 2 S -180.560501 -15.187869 -74.520088 1.800000 0.000000 0.000000
7000 3 G -184.006729 -15.213943 -74.380371 2.150000 0.000000 0.000000
7000 4 P -179.943405 -15.860242 -78.191956 2.110000 -1.000000 0.000000
7000 5 S -183.643021 -16.762005 -79.250366 1.800000 0.000000 0.000000
7000 6 G -185.212067 -13.905940 -78.917244 2.150000 0.000000 0.000000
7000 7 P -182.885757 -16.223345 -83.106628 2.110000 -1.000000 0.000000
7000 8 S -186.321671 -14.978642 -84.351303 1.800000 0.000000 0.000000
7000 9 G -187.113098 -11.973513 -83.098732 2.150000 0.000000 0.000000
7000 10 P -184.830872 -13.854522 -87.509285 2.110000 -1.000000 0.000000
7000 11 S -187.752426 -11.857302 -88.932182 1.800000 0.000000 0.000000
7000 12 C -187.266800 -9.270603 -86.751884 2.150000 0.000000 0.000000
7000 13 P -184.793915 -10.745810 -90.956863 2.110000 -1.000000 0.000000
7000 14 S -185.967087 -7.795735 -93.542961 1.800000 0.000000 0.000000
7000 15 G -186.900970 -5.886701 -90.827332 2.150000 0.000000 0.000000
7000 16 P -182.306015 -7.405387 -93.495094 2.110000 -1.000000 0.000000
7000 17 S -181.826218 -3.502354 -92.803093 1.800000 0.000000 0.000000
7000 18 C -180.524200 -1.793050 -95.480331 2.150000 0.000000 0.000000
7000 19 P -178.139084 -3.054240 -91.150246 2.110000 -1.000000 0.000000
7000 20 S -180.497757 -0.068508 -90.195633 1.800000 0.000000 0.000000
7000 21 A -183.706696 0.029908 -88.626396 2.150000 0.000000 0.000000
7000 22 P -178.674149 1.199664 -86.828568 2.110000 -1.000000 0.000000
7000 23 S -182.204468 1.802886 -85.237755 1.800000 0.000000 0.000000
7000 24 A -183.708771 -1.362730 -84.778603 2.150000 0.000000 0.000000
7000 25 P -183.059326 2.939904 -81.618507 2.110000 -1.000000 0.000000
7000 26 S -186.750656 1.860687 -81.903542 1.800000 0.000000 0.000000
7000 27 G -188.157959 -1.089276 -83.320694 2.150000 0.000000 0.000000
7000 28 P -187.148270 1.015038 -78.054939 2.110000 -1.000000 0.000000
7000 29 S -190.408340 -1.176137 -78.540535 1.800000 0.000000 0.000000
7000 30 C -188.448227 -3.986505 -79.449707 2.150000 0.000000 0.000000
7000 31 P -191.974426 -2.343009 -75.339485 2.110000 -1.000000 0.000000
7000 32 S -193.722076 -5.500488 -76.695335 1.800000 0.000000 0.000000
7000 33 C -190.633270 -7.231639 -76.481949 2.150000 0.000000 0.000000
7000 34 P -195.382614 -7.254126 -73.681160 2.110000 -1.000000 0.000000
7000 35 S -195.406006 -10.960586 -75.099213 1.800000 0.000000 0.000000
7000 36 U -192.093597 -11.430955 -74.977036 2.150000 0.000000 0.000000
7000 37 P -196.363815 -13.610611 -72.369995 2.110000 -1.000000 0.000000
7500 1 P -180.542191 -18.992722 -73.826935 2.110000 -1.000000 1.000000
7500 2 S -180.564865 -15.185047 -74.854767 1.800000 0.000000 0.000000
7500 3 G -184.016876 -15.095222 -74.824226 2.150000 0.000000 0.000000
7500 4 P -179.953552 -15.741518 -78.635811 2.110000 -1.000000 0.000000
7500 5 S -183.616592 -16.543507 -79.850182 1.800000 0.000000 0.000000
7500 6 G -185.161316 -13.663493 -79.339546 2.150000 0.000000 0.000000
7500 7 P -182.861069 -16.009279 -83.589844 2.110000 -1.000000 0.000000
7500 8 S -186.366119 -14.961226 -84.354271 1.800000 0.000000 0.000000
7500 9 G -187.155685 -11.917589 -83.301460 2.150000 0.000000 0.000000
7500 10 P -184.873459 -13.798598 -87.712013 2.110000 -1.000000 0.000000
7500 11 S -187.798660 -11.766345 -89.162872 1.800000 0.000000 0.000000
7500 12 C -187.284668 -9.176150 -87.045845 2.150000 0.000000 0.000000
7500 13 P -184.811783 -10.651357 -91.250824 2.110000 -1.000000 0.000000
7500 14 S -185.430237 -7.838233 -93.869339 1.800000 0.000000 0.000000
7500 15 G -186.904190 -5.942780 -91.375107 2.150000 0.000000 0.000000
7500 16 P -181.633575 -7.435402 -93.235512 2.110000 -1.000000 0.000000
7500 17 S -181.299515 -3.484470 -92.852417 1.800000 0.000000 0.000000
7500 18 C -180.523682 -2.343096 -96.020638 2.150000 0.000000 0.000000
7500 19 P -177.640884 -2.909703 -91.394081 2.110000 -1.000000 0.000000
7500 20 S -179.999557 0.076030 -90.439468 1.800000 0.000000 0.000000
7500 21 A -182.210159 -2.031479 -88.767586 2.150000 0.000000 0.000000
7500 22 P -178.692368 1.504047 -87.086388 2.110000 -1.000000 0.000000
7500 23 S -182.364700 2.001292 -85.772667 1.800000 0.000000 0.000000
7500 24 A -182.988693 -1.147087 -84.436668 2.150000 0.000000 0.000000
7500 25 P -183.203674 3.125978 -81.994133 2.110000 -1.000000 0.000000
7500 26 S -186.843445 1.899949 -82.024437 1.800000 0.000000 0.000000
7500 27 G -188.250748 -1.050013 -83.441589 2.150000 0.000000 0.000000
7500 28 P -187.142273 1.057328 -78.140671 2.110000 -1.000000 0.000000
7500 29 S -190.360733 -1.138611 -78.574249 1.800000 0.000000 0.000000
7500 30 C -188.400620 -3.948980 -79.483421 2.150000 0.000000 0.000000
7500 31 P -191.949265 -2.303462 -75.292625 2.110000 -1.000000 0.000000
7500 32 S -193.688660 -5.371570 -76.815163 1.800000 0.000000 0.000000
7500 33 C -190.599854 -7.102721 -76.601776 2.150000 0.000000 0.000000
7500 34 P -195.354004 -7.110837 -73.676941 2.110000 -1.000000 0.000000
7500 35 S -195.355011 -10.771115 -74.800156 1.800000 0.000000 0.000000
7500 36 U -192.174835 -11.527933 -75.290276 2.150000 0.000000 0.000000
7500 37 P -195.231171 -12.160247 -71.247086 2.110000 -1.000000 0.000000
8000 1 P -180.640213 -18.686306 -72.759453 2.110000 -1.000000 1.000000
8000 2 S -180.574966 -15.261065 -74.655777 1.800000 0.000000 0.000000
8000 3 G -184.072510 -15.244802 -74.609375 2.150000 0.000000 0.000000
8000 4 P -180.009186 -15.891099 -78.420959 2.110000 -1.000000 0.000000
8000 5 S -183.641922 -16.662600 -79.616249 1.800000 0.000000 0.000000
8000 6 G -185.160385 -13.691289 -79.148140 2.150000 0.000000 0.000000
8000 7 P -182.860138 -16.037077 -83.398438 2.110000 -1.000000 0.000000
8000 8 S -186.355698 -15.003475 -84.200508 1.800000 0.000000 0.000000
8000 9 G -187.070358 -11.913255 -83.272743 2.150000 0.000000 0.000000
8000 10 P -184.873627 -13.850921 -87.583832 2.110000 -1.000000 0.000000
8000 11 S -187.806625 -11.788465 -89.137619 1.800000 0.000000 0.000000
8000 12 C -187.293915 -9.184227 -87.046089 2.150000 0.000000 0.000000
8000 13 P -184.821030 -10.659433 -91.251068 2.110000 -1.000000 0.000000
8000 14 S -186.481445 -7.859043 -93.512047 1.800000 0.000000 0.000000
8000 15 G -187.368439 -6.420891 -90.333862 2.150000 0.000000 0.000000
8000 16 P -182.653809 -7.379812 -92.987518 2.110000 -1.000000 0.000000
8000 17 S -181.743454 -3.929979 -91.903893 1.800000 0.000000 0.000000
8000 18 C -181.640213 -2.824198 -95.163918 2.150000 0.000000 0.000000
8000 19 P -178.114044 -3.435622 -90.260345 2.110000 -1.000000 0.000000
8000 20 S -180.480316 -0.435531 -89.396584 1.800000 0.000000 0.000000
8000 21 A -182.773331 -2.445806 -87.587852 2.150000 0.000000 0.000000
8000 22 P -178.051987 0.975257 -86.443130 2.110000 -1.000000 0.000000
8000 23 S -181.814774 1.502671 -85.265045 1.800000 0.000000 0.000000
8000 24 A -182.072800 3.775234 -87.885475 2.150000 0.000000 0.000000
8000 25 P -183.159210 2.966730 -81.729614 2.110000 -1.000000 0.000000
8000 26 S -186.987976 1.930886 -82.174591 1.800000 0.000000 0.000000
8000 27 G -188.288849 -1.108082 -83.364174 2.150000 0.000000 0.000000
8000 28 P -187.410599 1.160691 -78.448036 2.110000 -1.000000 0.000000
8000 29 S -190.481125 -1.089619 -78.755638 1.800000 0.000000 0.000000
8000 30 C -188.521011 -3.899988 -79.664810 2.150000 0.000000 0.000000
8000 31 P -192.003952 -2.321151 -75.269653 2.110000 -1.000000 0.000000
8000 32 S -193.689926 -5.287323 -76.968498 1.800000 0.000000 0.000000
8000 33 C -190.601120 -7.018475 -76.755112 2.150000 0.000000 0.000000
8000 34 P -195.452209 -7.282877 -73.833557 2.110000 -1.000000 0.000000
8000 35 S -195.347626 -10.855096 -75.282257 1.800000 0.000000 0.000000
8000 36 U -192.167450 -11.611914 -75.772377 2.150000 0.000000 0.000000
8000 37 P -195.933441 -12.744473 -71.816566 2.110000 -1.000000 0.000000
8500 1 P -180.690887 -19.229515 -73.975060 2.110000 -1.000000 1.000000
8500 2 S -180.709564 -15.563746 -74.791321 1.800000 0.000000 0.000000
8500 3 G -184.070404 -15.270950 -74.746483 2.150000 0.000000 0.000000
8500 4 P -180.056747 -16.001514 -78.634262 2.110000 -1.000000 0.000000
8500 5 S -183.708389 -16.819777 -79.309700 1.800000 0.000000 0.000000
8500 6 G -185.143158 -13.757656 -78.993454 2.150000 0.000000 0.000000
8500 7 P -182.842911 -16.103445 -83.243752 2.110000 -1.000000 0.000000
8500 8 S -186.320679 -15.059915 -84.050903 1.800000 0.000000 0.000000
8500 9 G -187.624725 -12.113875 -83.051704 2.150000 0.000000 0.000000
8500 10 P -184.858902 -13.912823 -87.451683 2.110000 -1.000000 0.000000
8500 11 S -187.786438 -11.898473 -88.945427 1.800000 0.000000 0.000000
8500 12 C -187.291336 -9.302961 -86.788086 2.150000 0.000000 0.000000
8500 13 P -184.818451 -10.778168 -90.993065 2.110000 -1.000000 0.000000
8500 14 S -186.448883 -7.936433 -93.289917 1.800000 0.000000 0.000000
8500 15 G -186.266174 -5.785563 -90.771942 2.150000 0.000000 0.000000
8500 16 P -182.983002 -6.490643 -93.749687 2.110000 -1.000000 0.000000
8500 17 S -183.164078 -2.461711 -93.092972 1.800000 0.000000 0.000000
8500 18 C -182.431885 -0.723421 -96.037521 2.150000 0.000000 0.000000
8500 19 P -179.502014 -1.731257 -92.137207 2.110000 -1.000000 0.000000
8500 20 S -181.892746 1.254360 -91.275352 1.800000 0.000000 0.000000
8500 21 A -184.011017 -0.881383 -89.488304 2.150000 0.000000 0.000000
8500 22 P -179.649353 2.742916 -88.592171 2.110000 -1.000000 0.000000
8500 23 S -183.023819 2.312394 -86.456970 1.800000 0.000000 0.000000
8500 24 A -183.681702 5.153594 -88.278267 2.150000 0.000000 0.000000
8500 25 P -183.069717 3.208136 -82.568260 2.110000 -1.000000 0.000000
8500 26 S -186.869949 2.012583 -82.458458 1.800000 0.000000 0.000000
8500 27 G -187.489502 -0.875136 -83.819382 2.150000 0.000000 0.000000
8500 28 P -187.485977 1.223355 -78.678795 2.110000 -1.000000 0.000000
8500 29 S -190.445892 -0.995849 -79.046516 1.800000 0.000000 0.000000
8500 30 C -188.485779 -3.806217 -79.955688 2.150000 0.000000 0.000000
8500 31 P -191.957794 -2.222055 -75.577019 2.110000 -1.000000 0.000000
8500 32 S -193.719681 -5.352530 -76.954727 1.800000 0.000000 0.000000
8500 33 C -190.901260 -7.263291 -77.009628 2.150000 0.000000 0.000000
8500 34 P -195.519287 -7.333768 -74.096786 2.110000 -1.000000 0.000000
8500 35 S -195.404724 -10.950956 -75.590652 1.800000 0.000000 0.000000
8500 36 U -192.140747 -11.441235 -75.508217 2.150000 0.000000 0.000000
8500 37 P -196.123734 -13.585469 -72.789650 2.110000 -1.000000 0.000000
9000 1 P -180.632751 -19.115761 -73.737465 2.110000 -1.000000 1.000000
9000 2 S -180.718018 -15.566869 -74.848808 1.800000 0.000000 0.000000
9000 3 G -184.047989 -15.116616 -74.758018 2.150000 0.000000 0.000000
9000 4 P -180.034332 -15.847178 -78.645798 2.110000 -1.000000 0.000000
9000 5 S -183.608521 -16.688446 -79.599197 1.800000 0.000000 0.000000
9000 6 G -184.994659 -13.669218 -79.015503 2.150000 0.000000 0.000000
9000 7 P -182.694412 -16.015005 -83.265800 2.110000 -1.000000 0.000000
9000 8 S -186.228210 -14.956443 -84.350853 1.800000 0.000000 0.000000
9000 9 G -187.535217 -12.037985 -83.334602 2.150000 0.000000 0.000000
9000 10 P -184.769394 -13.836932 -87.734581 2.110000 -1.000000 0.000000
9000 11 S -187.717606 -11.797279 -89.260475 1.800000 0.000000 0.000000
9000 12 C -187.222504 -9.201768 -87.103134 2.150000 0.000000 0.000000
9000 13 P -184.749619 -10.676974 -91.308113 2.110000 -1.000000 0.000000
9000 14 S -186.098022 -8.071396 -93.578934 1.800000 0.000000 0.000000
9000 15 G -186.526276 -5.611811 -91.208794 2.150000 0.000000 0.000000
9000 16 P -182.288849 -7.067183 -93.377907 2.110000 -1.000000 0.000000
9000 17 S -182.665329 -3.357856 -92.579636 1.800000 0.000000 0.000000
9000 18 C -181.262405 -1.882833 -95.354622 2.150000 0.000000 0.000000
9000 19 P -178.925034 -2.582097 -91.483070 2.110000 -1.000000 0.000000
9000 20 S -181.366684 0.300799 -90.349854 1.800000 0.000000 0.000000
9000 21 A -184.074814 -1.236347 -88.297310 2.150000 0.000000 0.000000
9000 22 P -179.299957 1.903725 -87.225319 2.110000 -1.000000 0.000000
9000 23 S -183.031799 1.941564 -85.789177 1.800000 0.000000 0.000000
9000 24 A -180.632797 -0.615473 -84.236198 2.150000 0.000000 0.000000
9000 25 P -183.113525 3.257384 -82.252228 2.110000 -1.000000 0.000000
9000 26 S -186.922379 1.981541 -82.399490 1.800000 0.000000 0.000000
9000 27 G -187.726181 -0.903640 -83.762306 2.150000 0.000000 0.000000
9000 28 P -187.366867 1.114115 -78.597908 2.110000 -1.000000 0.000000
9000 29 S -190.533310 -1.012061 -79.149971 1.800000 0.000000 0.000000
9000 30 C -188.573196 -3.822429 -80.059143 2.150000 0.000000 0.000000
9000 31 P -192.025085 -2.278324 -75.654755 2.110000 -1.000000 0.000000
9000 32 S -193.711960 -5.354686 -77.115486 1.800000 0.000000 0.000000
9000 33 C -190.893539 -7.265447 -77.170387 2.150000 0.000000 0.000000
9000 34 P -195.560028 -7.306605 -74.281601 2.110000 -1.000000 0.000000
9000 35 S -195.413452 -10.821152 -75.848846 1.800000 0.000000 0.000000
9000 36 U -192.129333 -11.324041 -75.448898 2.150000 0.000000 0.000000
9000 37 P -196.417358 -13.278922 -72.839905 2.110000 -1.000000 0.000000
9500 1 P -178.380020 -12.810326 -73.546791 2.110000 -1.000000 1.000000
9500 2 S -180.886276 -15.698607 -74.762039 1.800000 0.000000 0.000000
9500 3 G -184.089493 -15.051655 -74.724800 2.150000 0.000000 0.000000
9500 4 P -180.075836 -15.782216 -78.612579 2.110000 -1.000000 0.000000
9500 5 S -183.693848 -16.762575 -79.554955 1.800000 0.000000 0.000000
9500 6 G -185.037567 -13.683735 -79.143890 2.150000 0.000000 0.000000
9500 7 P -182.772247 -16.063433 -83.278526 2.110000 -1.000000 0.000000
9500 8 S -186.300797 -14.977926 -84.402443 1.800000 0.000000 0.000000
9500 9 G -187.570526 -12.064542 -83.464218 2.150000 0.000000 0.000000
9500 10 P -184.804703 -13.863489 -87.864197 2.110000 -1.000000 0.000000
9500 11 S -187.757339 -11.814500 -89.362625 1.800000 0.000000 0.000000
9500 12 C -187.292358 -9.219105 -87.249046 2.150000 0.000000 0.000000
9500 13 P -184.819473 -10.694311 -91.454025 2.110000 -1.000000 0.000000
9500 14 S -186.204071 -7.791315 -93.612907 1.800000 0.000000 0.000000
9500 15 G -186.731766 -5.601577 -90.700027 2.150000 0.000000 0.000000
9500 16 P -182.330200 -7.128369 -93.143730 2.110000 -1.000000 0.000000
9500 17 S -182.347244 -3.212363 -92.647621 1.800000 0.000000 0.000000
9500 18 C -183.389572 -1.198638 -95.438957 2.150000 0.000000 0.000000
9500 19 P -178.616379 -2.464541 -91.743759 2.110000 -1.000000 0.000000
9500 20 S -181.056549 0.417596 -90.611679 1.800000 0.000000 0.000000
9500 21 A -183.797272 -1.645812 -89.684425 2.150000 0.000000 0.000000
9500 22 P -179.015076 1.713153 -87.715210 2.110000 -1.000000 0.000000
9500 23 S -182.754959 2.097775 -86.460434 1.800000 0.000000 0.000000
9500 24 A -182.211578 5.078920 -88.158119 2.150000 0.000000 0.000000
9500 25 P -183.237823 3.229473 -82.548424 2.110000 -1.000000 0.000000
9500 26 S -186.919479 1.924741 -82.457451 1.800000 0.000000 0.000000
9500 27 G -187.566650 -0.800279 -84.233452 2.150000 0.000000 0.000000
9500 28 P -187.262680 1.091170 -78.806892 2.110000 -1.000000 0.000000
9500 29 S -190.557419 -0.960735 -79.379318 1.800000 0.000000 0.000000
9500 30 C -188.817825 -3.954330 -80.009613 2.150000 0.000000 0.000000
9500 31 P -192.089264 -2.202148 -75.856194 2.110000 -1.000000 0.000000
9500 32 S -193.772522 -5.355332 -77.206581 1.800000 0.000000 0.000000
9500 33 C -190.954102 -7.266094 -77.261482 2.150000 0.000000 0.000000
9500 34 P -195.507584 -7.059318 -74.075897 2.110000 -1.000000 0.000000
9500 35 S -195.413055 -10.635721 -75.607750 1.800000 0.000000 0.000000
9500 36 U -192.128937 -11.138611 -75.207802 2.150000 0.000000 0.000000
9500 37 P -196.695663 -13.270123 -73.018562 2.110000 -1.000000 0.000000
10000 1 P -178.688324 -13.335049 -72.883255 2.110000 -1.000000 1.000000
10000 2 S -180.858780 -15.893527 -74.965942 1.800000 0.000000 0.000000
10000 3 G -184.047226 -15.066100 -74.871780 2.150000 0.000000 0.000000
10000 4 P -180.033569 -15.796661 -78.759560 2.110000 -1.000000 0.000000
10000 5 S -183.656265 -16.658213 -79.878815 1.800000 0.000000 0.000000
10000 6 G -185.354004 -13.831344 -79.478653 2.150000 0.000000 0.000000
10000 7 P -182.725311 -15.936407 -83.551399 2.110000 -1.000000 0.000000
10000 8 S -186.346558 -14.994943 -84.572418 1.800000 0.000000 0.000000
10000 9 G -187.571777 -12.042909 -83.499229 2.150000 0.000000 0.000000
10000 10 P -184.805954 -13.841856 -87.899208 2.110000 -1.000000 0.000000
10000 11 S -187.805222 -11.826866 -89.323532 1.800000 0.000000 0.000000
10000 12 C -187.337509 -9.228884 -87.189476 2.150000 0.000000 0.000000
10000 13 P -184.864624 -10.704090 -91.394455 2.110000 -1.000000 0.000000
10000 14 S -186.388885 -7.708777 -93.503250 1.800000 0.000000 0.000000
10000 15 G -187.210663 -5.102034 -91.347160 2.150000 0.000000 0.000000
10000 16 P -182.882172 -6.162285 -93.959549 2.110000 -1.000000 0.000000
10000 17 S -182.861267 -2.211668 -93.393684 1.800000 0.000000 0.000000
10000 18 C -182.200470 -2.332092 -96.845284 2.150000 0.000000 0.000000
10000 19 P -179.348022 -1.500784 -92.196014 2.110000 -1.000000 0.000000
10000 20 S -181.719681 1.365866 -90.807716 1.800000 0.000000 0.000000
10000 21 A -183.808258 -1.015336 -89.315552 2.150000 0.000000 0.000000
10000 22 P -179.538361 2.571881 -87.962425 2.110000 -1.000000 0.000000
10000 23 S -182.782135 2.135065 -85.902931 1.800000 0.000000 0.000000
10000 24 A -182.267868 -1.476594 -84.972229 2.150000 0.000000 0.000000
10000 25 P -183.375900 3.253794 -82.167686 2.110000 -1.000000 0.000000
10000 26 S -186.989883 1.873571 -82.061623 1.800000 0.000000 0.000000
10000 27 G -187.637054 -0.851449 -83.837624 2.150000 0.000000 0.000000
10000 28 P -187.213470 1.009210 -78.257088 2.110000 -1.000000 0.000000
10000 29 S -190.410583 -0.899765 -79.171135 1.800000 0.000000 0.000000
10000 30 C -188.670990 -3.893361 -79.801430 2.150000 0.000000 0.000000
10000 31 P -191.949814 -2.094750 -75.686333 2.110000 -1.000000 0.000000
10000 32 S -193.623886 -5.236769 -77.056267 1.800000 0.000000 0.000000
10000 33 C -190.770920 -7.088964 -77.149727 2.150000 0.000000 0.000000
10000 34 P -195.349686 -7.052481 -74.143021 2.110000 -1.000000 0.000000
10000 35 S -195.237930 -10.563025 -75.664421 1.800000 0.000000 0.000000
10000 36 U -191.965088 -11.211116 -75.757988 2.150000 0.000000 0.000000
10000 37 P -196.601868 -12.584317 -72.608459 2.110000 -1.000000 0.000000
