500 1 P -178.846680 -13.985196 -71.965080 2.110000 -1.000000 1.000000
500 2 S -181.624146 -16.577791 -72.992752 1.800000 0.000000 0.000000
500 3 G -184.548782 -14.960223 -72.295021 2.150000 0.000000 0.000000
500 4 P -180.651016 -16.464842 -76.763725 2.110000 -1.000000 0.000000
500 5 S -184.209686 -16.975210 -78.539482 1.800000 0.000000 0.000000
500 6 G -184.570786 -13.185577 -78.216393 2.150000 0.000000 0.000000
500 7 P -183.456635 -16.482634 -82.199051 2.110000 -1.000000 0.000000
500 8 S -186.498703 -15.148566 -84.222511 1.800000 0.000000 0.000000
500 9 G -187.458511 -12.120559 -82.874573 2.150000 0.000000 0.000000
500 10 P -184.992386 -13.852904 -87.594208 2.110000 -1.000000 0.000000
500 11 S -187.914612 -11.808414 -89.019051 1.800000 0.000000 0.000000
500 12 C -187.094559 -9.276870 -86.803101 2.150000 0.000000 0.000000
500 13 P -184.923584 -10.715200 -90.944138 2.110000 -1.000000 0.000000
500 14 S -186.401901 -7.628953 -93.158409 1.800000 0.000000 0.000000
500 15 G -186.486816 -6.114326 -89.963120 2.150000 0.000000 0.000000
500 16 P -182.673050 -6.867763 -93.247498 2.110000 -1.000000 0.000000
500 17 S -183.384949 -2.792836 -92.975365 1.800000 0.000000 0.000000
500 18 C -182.452667 -1.922477 -95.997673 2.150000 0.000000 0.000000
500 19 P -179.901672 -2.060947 -91.260582 2.110000 -1.000000 0.000000
500 20 S -182.194992 0.908201 -90.289513 1.800000 0.000000 0.000000
500 21 A -184.778412 -1.067427 -89.150894 2.150000 0.000000 0.000000
500 22 P -179.897842 2.346106 -87.254189 2.110000 -1.000000 0.000000
500 23 S -183.476410 2.571496 -85.616951 1.800000 0.000000 0.000000
500 24 A -183.089111 -0.648541 -84.600304 2.150000 0.000000 0.000000
500 25 P -183.589874 3.189357 -81.688423 2.110000 -1.000000 0.000000
500 26 S -187.176010 1.868735 -81.879150 1.800000 0.000000 0.000000
500 27 G -188.114731 -0.980535 -83.666794 2.150000 0.000000 0.000000
500 28 P -187.881470 1.138344 -78.009033 2.110000 -1.000000 0.000000
500 29 S -191.010452 -0.956792 -79.131050 1.800000 0.000000 0.000000
500 30 C -189.378448 -4.016900 -79.989189 2.150000 0.000000 0.000000
500 31 P -192.835831 -2.232016 -75.981010 2.110000 -1.000000 0.000000
500 32 S -193.909500 -5.455330 -77.620522 1.800000 0.000000 0.000000
500 33 C -191.052780 -7.200598 -76.585800 2.150000 0.000000 0.000000
500 34 P -195.376785 -6.742953 -74.293846 2.110000 -1.000000 0.000000
500 35 S -195.282883 -10.466805 -75.672073 1.800000 0.000000 0.000000
500 36 U -192.238235 -10.672297 -73.849724 2.150000 0.000000 0.000000
500 37 P -197.153198 -11.996802 -72.645088 2.110000 -1.000000 0.000000
1000 1 P -179.294769 -14.601320 -71.040840 2.110000 -1.000000 1.000000
1000 2 S -181.731232 -16.487637 -73.343796 1.800000 0.000000 0.000000
1000 3 G -184.559921 -14.995923 -72.606621 2.150000 0.000000 0.000000
1000 4 P -180.662155 -16.500542 -77.075325 2.110000 -1.000000 0.000000
1000 5 S -184.258347 -17.047892 -78.545258 1.800000 0.000000 0.000000
1000 6 G -184.663116 -13.298445 -78.265533 2.150000 0.000000 0.000000
1000 7 P -183.548965 -16.595501 -82.248192 2.110000 -1.000000 0.000000
1000 8 S -186.509506 -15.133166 -84.200798 1.800000 0.000000 0.000000
1000 9 G -187.451721 -12.150882 -82.984497 2.150000 0.000000 0.000000
1000 10 P -184.985596 -13.883227 -87.704132 2.110000 -1.000000 0.000000
1000 11 S -187.923965 -11.854779 -89.082024 1.800000 0.000000 0.000000
1000 12 C -187.105789 -9.301628 -86.910484 2.150000 0.000000 0.000000
1000 13 P -184.934814 -10.739959 -91.051521 2.110000 -1.000000 0.000000
1000 14 S -186.425659 -8.111253 -93.043434 1.800000 0.000000 0.000000
1000 15 G -186.452545 -5.858722 -90.512939 2.150000 0.000000 0.000000
1000 16 P -182.999557 -6.989839 -93.654907 2.110000 -1.000000 0.000000
1000 17 S -183.744675 -3.095122 -93.212547 1.800000 0.000000 0.000000
1000 18 C -183.289566 -0.970820 -95.879097 2.150000 0.000000 0.000000
1000 19 P -180.313934 -2.143209 -91.847473 2.110000 -1.000000 0.000000
1000 20 S -182.614532 0.818330 -90.884239 1.800000 0.000000 0.000000
1000 21 A -183.467178 -1.716042 -88.346550 2.150000 0.000000 0.000000
1000 22 P -180.371216 2.702796 -88.070854 2.110000 -1.000000 0.000000
1000 23 S -183.550842 2.544837 -85.815315 1.800000 0.000000 0.000000
1000 24 A -183.669449 -0.642389 -84.594566 2.150000 0.000000 0.000000
1000 25 P -183.794403 3.284010 -81.933853 2.110000 -1.000000 0.000000
1000 26 S -187.460541 1.647334 -81.507088 1.800000 0.000000 0.000000
1000 27 G -188.399261 -1.201936 -83.294731 2.150000 0.000000 0.000000
1000 28 P -188.129639 0.895996 -77.807816 2.110000 -1.000000 0.000000
1000 29 S -191.093384 -1.216894 -78.832901 1.800000 0.000000 0.000000
1000 30 C -189.817123 -4.178002 -79.991051 2.150000 0.000000 0.000000
1000 31 P -192.905838 -2.318371 -75.752693 2.110000 -1.000000 0.000000
1000 32 S -193.913818 -5.420557 -77.854034 1.800000 0.000000 0.000000
1000 33 C -191.057098 -7.165824 -76.819313 2.150000 0.000000 0.000000
1000 34 P -195.449783 -6.699946 -74.593666 2.110000 -1.000000 0.000000
1000 35 S -195.435196 -10.529652 -75.687981 1.800000 0.000000 0.000000
1000 36 U -192.390549 -10.735145 -73.865631 2.150000 0.000000 0.000000
1000 37 P -197.482956 -12.970987 -73.319534 2.110000 -1.000000 0.000000
1500 1 P -178.940506 -13.829531 -71.712463 2.110000 -1.000000 1.000000
1500 2 S -181.492233 -16.338842 -73.259621 1.800000 0.000000 0.000000
1500 3 G -184.470764 -14.900795 -72.688072 2.150000 0.000000 0.000000
1500 4 P -180.572998 -16.405411 -77.156776 2.110000 -1.000000 0.000000
1500 5 S -184.155533 -16.932016 -78.433853 1.800000 0.000000 0.000000
1500 6 G -184.617828 -13.262297 -78.252609 2.150000 0.000000 0.000000
1500 7 P -183.503677 -16.559351 -82.235268 2.110000 -1.000000 0.000000
1500 8 S -186.571899 -15.231349 -84.138367 1.800000 0.000000 0.000000
1500 9 G -187.547012 -12.282804 -82.768921 2.150000 0.000000 0.000000
1500 10 P -185.080887 -14.015149 -87.488556 2.110000 -1.000000 0.000000
1500 11 S -187.930725 -11.926346 -88.981590 1.800000 0.000000 0.000000
1500 12 C -187.097961 -9.360111 -86.837753 2.150000 0.000000 0.000000
1500 13 P -184.926987 -10.798442 -90.978790 2.110000 -1.000000 0.000000
1500 14 S -186.506622 -7.933527 -93.005219 1.800000 0.000000 0.000000
1500 15 G -187.690521 -5.635811 -90.492027 2.150000 0.000000 0.000000
1500 16 P -182.636368 -7.400395 -92.992416 2.110000 -1.000000 0.000000
1500 17 S -183.470810 -3.606249 -92.604050 1.800000 0.000000 0.000000
1500 18 C -182.720078 -2.477262 -96.000435 2.150000 0.000000 0.000000
1500 19 P -180.194763 -2.838936 -91.073158 2.110000 -1.000000 0.000000
1500 20 S -182.495361 0.122609 -90.106613 1.800000 0.000000 0.000000
1500 21 A -184.748962 -0.931694 -87.646027 2.150000 0.000000 0.000000
1500 22 P -180.123367 1.880700 -87.506447 2.110000 -1.000000 0.000000
1500 23 S -183.729660 2.333309 -85.946640 1.800000 0.000000 0.000000
1500 24 A -183.923782 6.001151 -86.367409 2.150000 0.000000 0.000000
1500 25 P -183.665283 3.334846 -82.401077 2.110000 -1.000000 0.000000
1500 26 S -187.114609 1.806298 -81.950859 1.800000 0.000000 0.000000
1500 27 G -188.053329 -1.042971 -83.738503 2.150000 0.000000 0.000000
1500 28 P -187.917267 0.940605 -78.063164 2.110000 -1.000000 0.000000
1500 29 S -190.963074 -1.053905 -79.252388 1.800000 0.000000 0.000000
1500 30 C -189.686813 -4.015012 -80.410538 2.150000 0.000000 0.000000
1500 31 P -192.779785 -2.153781 -76.117844 2.110000 -1.000000 0.000000
1500 32 S -193.885284 -5.401777 -77.861053 1.800000 0.000000 0.000000
1500 33 C -191.028564 -7.147045 -76.826332 2.150000 0.000000 0.000000
1500 34 P -195.382721 -6.589459 -74.569611 2.110000 -1.000000 0.000000
1500 35 S -195.336868 -10.282001 -75.613617 1.800000 0.000000 0.000000
1500 36 U -192.345306 -10.730178 -73.784782 2.150000 0.000000 0.000000
1500 37 P -196.993973 -11.972852 -72.517494 2.110000 -1.000000 0.000000
2000 1 P -178.890488 -13.291396 -71.267403 2.110000 -1.000000 1.000000
2000 2 S -181.243988 -16.002083 -72.979324 1.800000 0.000000 0.000000
2000 3 G -184.543976 -14.963470 -72.493332 2.150000 0.000000 0.000000
2000 4 P -180.646210 -16.468081 -76.962036 2.110000 -1.000000 0.000000
2000 5 S -184.223602 -17.010761 -78.226845 1.800000 0.000000 0.000000
2000 6 G -184.611481 -13.243679 -77.958694 2.150000 0.000000 0.000000
2000 7 P -183.497330 -16.540728 -81.941353 2.110000 -1.000000 0.000000
2000 8 S -186.523026 -15.149343 -84.005760 1.800000 0.000000 0.000000
2000 9 G -187.119919 -12.224050 -82.516449 2.150000 0.000000 0.000000
2000 10 P -185.074142 -14.030194 -87.338760 2.110000 -1.000000 0.000000
2000 11 S -187.897018 -11.936711 -89.022705 1.800000 0.000000 0.000000
2000 12 C -187.112213 -9.398705 -86.864716 2.150000 0.000000 0.000000
2000 13 P -184.884140 -10.806991 -91.029068 2.110000 -1.000000 0.000000
2000 14 S -186.472488 -7.965184 -93.238548 1.800000 0.000000 0.000000
2000 15 G -188.118195 -5.877604 -91.074226 2.150000 0.000000 0.000000
2000 16 P -182.758102 -6.782040 -93.622322 2.110000 -1.000000 0.000000
2000 17 S -183.216156 -2.888417 -93.540268 1.800000 0.000000 0.000000
2000 18 C -184.575760 -3.183995 -90.148697 2.150000 0.000000 0.000000
2000 19 P -179.727112 -2.160914 -91.683159 2.110000 -1.000000 0.000000
2000 20 S -182.023926 0.786206 -90.690437 1.800000 0.000000 0.000000
2000 21 A -181.129501 2.375638 -93.519005 2.150000 0.000000 0.000000
2000 22 P -179.649918 2.591275 -87.938477 2.110000 -1.000000 0.000000
2000 23 S -183.087738 2.409182 -85.973419 1.800000 0.000000 0.000000
2000 24 A -182.223038 -0.835164 -85.004089 2.150000 0.000000 0.000000
2000 25 P -183.626602 3.194148 -81.977966 2.110000 -1.000000 0.000000
2000 26 S -187.324768 1.681971 -81.788696 1.800000 0.000000 0.000000
2000 27 G -188.263489 -1.167298 -83.576340 2.150000 0.000000 0.000000
2000 28 P -187.964630 0.866468 -78.004196 2.110000 -1.000000 0.000000
2000 29 S -191.009918 -1.128805 -79.184296 1.800000 0.000000 0.000000
2000 30 C -189.411591 -4.053805 -79.984573 2.150000 0.000000 0.000000
2000 31 P -192.787277 -2.135506 -75.829529 2.110000 -1.000000 0.000000
2000 32 S -193.892838 -5.393003 -77.584892 1.800000 0.000000 0.000000
2000 33 C -190.902939 -7.006712 -76.695366 2.150000 0.000000 0.000000
2000 34 P -195.409088 -6.667775 -74.309578 2.110000 -1.000000 0.000000
2000 35 S -195.291016 -10.377045 -75.822632 1.800000 0.000000 0.000000
2000 36 U -192.299454 -10.825222 -73.993797 2.150000 0.000000 0.000000
2000 37 P -197.302902 -12.102395 -72.709930 2.110000 -1.000000 0.000000
2500 1 P -178.645920 -13.266277 -72.664780 2.110000 -1.000000 1.000000
2500 2 S -181.235870 -16.040417 -73.556801 1.800000 0.000000 0.000000
2500 3 G -184.567291 -15.116522 -72.912064 2.150000 0.000000 0.000000
2500 4 P -180.563843 -16.319803 -77.380714 2.110000 -1.000000 0.000000
2500 5 S -184.238556 -16.974850 -78.688614 1.800000 0.000000 0.000000
2500 6 G -184.651993 -13.231816 -78.457130 2.150000 0.000000 0.000000
2500 7 P -183.537842 -16.528862 -82.439789 2.110000 -1.000000 0.000000
2500 8 S -186.441818 -15.051968 -84.470367 1.800000 0.000000 0.000000
2500 9 G -187.163757 -12.226285 -82.787842 2.150000 0.000000 0.000000
2500 10 P -185.004761 -14.000905 -87.729897 2.110000 -1.000000 0.000000
2500 11 S -187.863708 -11.914398 -89.313728 1.800000 0.000000 0.000000
2500 12 C -187.034927 -9.309367 -87.101852 2.150000 0.000000 0.000000
2500 13 P -184.806854 -10.717653 -91.266205 2.110000 -1.000000 0.000000
2500 14 S -186.314148 -7.946548 -93.658440 1.800000 0.000000 0.000000
2500 15 G -187.980331 -5.860282 -91.362312 2.150000 0.000000 0.000000
2500 16 P -182.542023 -7.306392 -93.783928 2.110000 -1.000000 0.000000
2500 17 S -182.060898 -3.483583 -93.556305 1.800000 0.000000 0.000000
2500 18 C -182.253906 -2.872004 -96.873795 2.150000 0.000000 0.000000
2500 19 P -178.631866 -2.648694 -92.507988 2.110000 -1.000000 0.000000
2500 20 S -180.929596 0.297982 -91.501785 1.800000 0.000000 0.000000
2500 21 A -183.740173 -0.383393 -89.555161 2.150000 0.000000 0.000000
2500 22 P -178.522568 2.229144 -88.796371 2.110000 -1.000000 0.000000
2500 23 S -181.989502 2.604466 -86.997131 1.800000 0.000000 0.000000
2500 24 A -180.887543 -0.649505 -86.287354 2.150000 0.000000 0.000000
2500 25 P -183.198013 3.571266 -83.352531 2.110000 -1.000000 0.000000
2500 26 S -186.757996 2.006868 -82.528641 1.800000 0.000000 0.000000
2500 27 G -187.696716 -0.842401 -84.316284 2.150000 0.000000 0.000000
2500 28 P -187.618866 1.137494 -78.782272 2.110000 -1.000000 0.000000
2500 29 S -190.798141 -0.918286 -79.862389 1.800000 0.000000 0.000000
2500 30 C -189.199814 -3.843286 -80.662666 2.150000 0.000000 0.000000
2500 31 P -192.604828 -1.949367 -76.657516 2.110000 -1.000000 0.000000
2500 32 S -193.854233 -5.284316 -78.191704 1.800000 0.000000 0.000000
2500 33 C -190.864334 -6.898025 -77.302177 2.150000 0.000000 0.000000
2500 34 P -195.317307 -6.459627 -74.825119 2.110000 -1.000000 0.000000
2500 35 S -195.174973 -10.192056 -76.116905 1.800000 0.000000 0.000000
2500 36 U -192.183411 -10.640233 -74.288071 2.150000 0.000000 0.000000
2500 37 P -197.171783 -10.896013 -72.593636 2.110000 -1.000000 0.000000
3000 1 P -178.842361 -12.994086 -71.941505 2.110000 -1.000000 1.000000
3000 2 S -181.063644 -15.658044 -73.964607 1.800000 0.000000 0.000000
3000 3 G -184.393539 -14.909763 -73.292221 2.150000 0.000000 0.000000
3000 4 P -180.390091 -16.113049 -77.760872 2.110000 -1.000000 0.000000
3000 5 S -184.158936 -16.869585 -78.888535 1.800000 0.000000 0.000000
3000 6 G -184.624313 -13.184139 -78.675545 2.150000 0.000000 0.000000
3000 7 P -183.510162 -16.481190 -82.658203 2.110000 -1.000000 0.000000
3000 8 S -186.403290 -15.003284 -84.656570 1.800000 0.000000 0.000000
3000 9 G -187.118912 -12.147074 -83.191498 2.150000 0.000000 0.000000
3000 10 P -184.959915 -13.921694 -88.133553 2.110000 -1.000000 0.000000
3000 11 S -187.849976 -11.899865 -89.452217 1.800000 0.000000 0.000000
3000 12 C -187.021255 -9.295890 -87.238808 2.150000 0.000000 0.000000
3000 13 P -184.793182 -10.704176 -91.403160 2.110000 -1.000000 0.000000
3000 14 S -186.274353 -7.672193 -93.457031 1.800000 0.000000 0.000000
3000 15 G -186.545578 -6.067532 -90.421539 2.150000 0.000000 0.000000
3000 16 P -182.466995 -6.975424 -93.480873 2.110000 -1.000000 0.000000
3000 17 S -182.762924 -3.026298 -93.698448 1.800000 0.000000 0.000000
3000 18 C -184.404877 -2.121932 -90.742569 2.150000 0.000000 0.000000
3000 19 P -179.295227 -2.349378 -92.350029 2.110000 -1.000000 0.000000
3000 20 S -181.553268 0.621108 -91.401115 1.800000 0.000000 0.000000
3000 21 A -180.250214 2.485576 -94.100250 2.150000 0.000000 0.000000
3000 22 P -179.061951 2.259977 -88.929314 2.110000 -1.000000 0.000000
3000 23 S -182.504196 2.591465 -87.203949 1.800000 0.000000 0.000000
3000 24 A -182.365448 -0.487817 -85.448448 2.150000 0.000000 0.000000
3000 25 P -183.137558 3.459424 -83.330460 2.110000 -1.000000 0.000000
3000 26 S -186.695297 2.008919 -82.695358 1.800000 0.000000 0.000000
3000 27 G -187.562744 -0.824108 -84.529015 2.150000 0.000000 0.000000
3000 28 P -187.374924 1.194810 -79.035629 2.110000 -1.000000 0.000000
3000 29 S -190.655807 -0.867423 -80.035622 1.800000 0.000000 0.000000
3000 30 C -189.023514 -3.742382 -80.943382 2.150000 0.000000 0.000000
3000 31 P -192.467316 -1.886485 -76.742851 2.110000 -1.000000 0.000000
3000 32 S -193.817795 -5.244575 -78.202538 1.800000 0.000000 0.000000
3000 33 C -190.827896 -6.858284 -77.313011 2.150000 0.000000 0.000000
3000 34 P -195.497040 -6.749046 -75.071449 2.110000 -1.000000 0.000000
3000 35 S -195.339569 -10.489882 -76.216240 1.800000 0.000000 0.000000
3000 36 U -192.348007 -10.938060 -74.387405 2.150000 0.000000 0.000000
3000 37 P -197.667557 -11.210443 -73.172432 2.110000 -1.000000 0.000000
3500 1 P -178.669327 -13.554061 -73.178291 2.110000 -1.000000 1.000000
3500 2 S -181.318909 -16.316744 -73.450470 1.800000 0.000000 0.000000
3500 3 G -184.223221 -14.537982 -73.357933 2.150000 0.000000 0.000000
3500 4 P -180.577118 -16.191662 -77.353203 2.110000 -1.000000 0.000000
3500 5 S -184.173401 -16.920542 -78.874718 1.800000 0.000000 0.000000
3500 6 G -184.680710 -13.220093 -78.683441 2.150000 0.000000 0.000000
3500 7 P -183.566559 -16.517138 -82.666100 2.110000 -1.000000 0.000000
3500 8 S -186.469879 -15.033212 -84.682907 1.800000 0.000000 0.000000
3500 9 G -186.698837 -12.001052 -83.239296 2.150000 0.000000 0.000000
3500 10 P -185.035034 -13.933702 -88.083023 2.110000 -1.000000 0.000000
3500 11 S -187.920288 -11.907158 -89.467010 1.800000 0.000000 0.000000
3500 12 C -187.085831 -9.303536 -87.253479 2.150000 0.000000 0.000000
3500 13 P -184.857758 -10.711823 -91.417831 2.110000 -1.000000 0.000000
3500 14 S -185.644547 -7.841280 -93.859261 1.800000 0.000000 0.000000
3500 15 G -186.952286 -5.644030 -91.537308 2.150000 0.000000 0.000000
3500 16 P -181.627243 -7.201597 -93.387825 2.110000 -1.000000 0.000000
3500 17 S -181.921143 -3.347694 -93.699821 1.800000 0.000000 0.000000
3500 18 C -184.251083 -2.178732 -91.240700 2.150000 0.000000 0.000000
3500 19 P -178.319916 -2.722435 -92.191475 2.110000 -1.000000 0.000000
3500 20 S -180.576477 0.248390 -91.246010 1.800000 0.000000 0.000000
3500 21 A -180.401489 2.330613 -94.030846 2.150000 0.000000 0.000000
3500 22 P -178.946609 2.062208 -88.231255 2.110000 -1.000000 0.000000
3500 23 S -182.585373 2.382339 -86.734840 1.800000 0.000000 0.000000
3500 24 A -182.480606 -0.772489 -85.475288 2.150000 0.000000 0.000000
3500 25 P -183.112488 3.353652 -82.946365 2.110000 -1.000000 0.000000
3500 26 S -186.759003 2.022171 -82.693733 1.800000 0.000000 0.000000
3500 27 G -187.626450 -0.810856 -84.527390 2.150000 0.000000 0.000000
3500 28 P -187.464905 1.188981 -78.832718 2.110000 -1.000000 0.000000
3500 29 S -190.519577 -0.840338 -80.016052 1.800000 0.000000 0.000000
3500 30 C -188.887283 -3.715297 -80.923813 2.150000 0.000000 0.000000
3500 31 P -192.354355 -1.809807 -76.954964 2.110000 -1.000000 0.000000
3500 32 S -193.729309 -5.152938 -78.396179 1.800000 0.000000 0.000000
3500 33 C -190.739410 -6.766647 -77.506653 2.150000 0.000000 0.000000
3500 34 P -195.462814 -6.702402 -75.381683 2.110000 -1.000000 0.000000
3500 35 S -195.328659 -10.502743 -76.440971 1.800000 0.000000 0.000000
3500 36 U -192.226425 -10.916696 -74.857643 2.150000 0.000000 0.000000
3500 37 P -196.909256 -13.081566 -74.455307 2.110000 -1.000000 0.000000
4000 1 P -178.964355 -14.400753 -72.602356 2.110000 -1.000000 1.000000
4000 2 S -181.663132 -16.908579 -73.934998 1.800000 0.000000 0.000000
4000 3 G -184.112732 -14.701099 -74.165848 2.150000 0.000000 0.000000
4000 4 P -180.545364 -16.395256 -77.467628 2.110000 -1.000000 0.000000
4000 5 S -184.092331 -16.833727 -79.049629 1.800000 0.000000 0.000000
4000 6 G -184.617447 -13.178480 -78.809746 2.150000 0.000000 0.000000
4000 7 P -183.503296 -16.475523 -82.792404 2.110000 -1.000000 0.000000
4000 8 S -186.373123 -14.975758 -84.754639 1.800000 0.000000 0.000000
4000 9 G -187.057968 -12.179590 -82.923515 2.150000 0.000000 0.000000
4000 10 P -184.964706 -13.898762 -88.097794 2.110000 -1.000000 0.000000
4000 11 S -187.871262 -11.893385 -89.385468 1.800000 0.000000 0.000000
4000 12 C -187.065125 -9.299363 -87.182228 2.150000 0.000000 0.000000
4000 13 P -184.837051 -10.707649 -91.346581 2.110000 -1.000000 0.000000
4000 14 S -185.780014 -7.757696 -93.628754 1.800000 0.000000 0.000000
4000 15 G -186.274887 -5.868483 -90.675888 2.150000 0.000000 0.000000
4000 16 P -181.995041 -7.563444 -93.559189 2.110000 -1.000000 0.000000
4000 17 S -182.081589 -3.700655 -93.754753 1.800000 0.000000 0.000000
4000 18 C -183.760971 -2.927371 -91.040443 2.150000 0.000000 0.000000
4000 19 P -178.502899 -3.187376 -92.108429 2.110000 -1.000000 0.000000
4000 20 S -180.759460 -0.216552 -91.162964 1.800000 0.000000 0.000000
4000 21 A -179.578400 0.649051 -94.080238 2.150000 0.000000 0.000000
4000 22 P -179.070175 1.404093 -88.170174 2.110000 -1.000000 0.000000
4000 23 S -182.448166 2.307541 -86.554008 1.800000 0.000000 0.000000
4000 24 A -183.834808 5.604335 -86.372871 2.150000 0.000000 0.000000
4000 25 P -183.097580 3.237899 -82.788696 2.110000 -1.000000 0.000000
4000 26 S -186.771255 1.974208 -82.497055 1.800000 0.000000 0.000000
4000 27 G -187.638702 -0.858820 -84.330711 2.150000 0.000000 0.000000
4000 28 P -187.533569 1.139315 -78.700592 2.110000 -1.000000 0.000000
4000 29 S -190.452072 -0.782025 -80.152534 1.800000 0.000000 0.000000
4000 30 C -188.659393 -3.659938 -80.930763 2.150000 0.000000 0.000000
4000 31 P -192.244370 -1.793626 -76.802650 2.110000 -1.000000 0.000000
4000 32 S -193.689362 -5.172248 -78.155159 1.800000 0.000000 0.000000
4000 33 C -190.699463 -6.785957 -77.265633 2.150000 0.000000 0.000000
4000 34 P -195.446106 -6.598109 -75.146751 2.110000 -1.000000 0.000000
4000 35 S -195.293076 -10.377088 -75.993454 1.800000 0.000000 0.000000
4000 36 U -192.196091 -10.861547 -74.577126 2.150000 0.000000 0.000000
4000 37 P -197.086304 -11.673672 -72.999893 2.110000 -1.000000 0.000000
4500 1 P -179.098862 -14.553485 -71.615845 2.110000 -1.000000 1.000000
4500 2 S -181.667160 -16.828115 -73.817307 1.800000 0.000000 0.000000
4500 3 G -183.979416 -14.493345 -74.195343 2.150000 0.000000 0.000000
4500 4 P -180.412048 -16.187502 -77.497124 2.110000 -1.000000 0.000000
4500 5 S -184.064972 -16.832140 -78.912491 1.800000 0.000000 0.000000
4500 6 G -184.543930 -13.196045 -78.673523 2.150000 0.000000 0.000000
4500 7 P -183.429779 -16.493088 -82.656181 2.110000 -1.000000 0.000000
4500 8 S -186.270508 -14.958820 -84.709312 1.800000 0.000000 0.000000
4500 9 G -187.030090 -12.191902 -82.868866 2.150000 0.000000 0.000000
4500 10 P -184.936829 -13.911074 -88.043144 2.110000 -1.000000 0.000000
4500 11 S -187.850189 -11.882343 -89.415642 1.800000 0.000000 0.000000
4500 12 C -187.056595 -9.274184 -87.221970 2.150000 0.000000 0.000000
4500 13 P -184.828522 -10.682470 -91.386322 2.110000 -1.000000 0.000000
4500 14 S -185.962601 -7.637716 -93.533142 1.800000 0.000000 0.000000
4500 15 G -187.575226 -4.932867 -91.613373 2.150000 0.000000 0.000000
4500 16 P -182.086945 -7.043291 -93.671173 2.110000 -1.000000 0.000000
4500 17 S -182.308716 -3.048928 -94.362053 1.800000 0.000000 0.000000
4500 18 C -183.965118 -1.820138 -91.492050 2.150000 0.000000 0.000000
4500 19 P -178.660858 -2.378147 -92.943352 2.110000 -1.000000 0.000000
4500 20 S -180.940994 0.573573 -91.984932 1.800000 0.000000 0.000000
4500 21 A -181.011932 3.514062 -93.956329 2.150000 0.000000 0.000000
4500 22 P -179.106003 2.030368 -88.994751 2.110000 -1.000000 0.000000
4500 23 S -182.560104 2.534473 -87.152016 1.800000 0.000000 0.000000
4500 24 A -182.519424 -0.752541 -87.402847 2.150000 0.000000 0.000000
4500 25 P -182.968506 3.477109 -83.418427 2.110000 -1.000000 0.000000
4500 26 S -186.558777 2.130847 -82.909042 1.800000 0.000000 0.000000
4500 27 G -187.155273 -0.744008 -84.664787 2.150000 0.000000 0.000000
4500 28 P -187.397888 1.307123 -79.266220 2.110000 -1.000000 0.000000
4500 29 S -190.488922 -0.702821 -80.586517 1.800000 0.000000 0.000000
4500 30 C -188.696243 -3.580734 -81.364746 2.150000 0.000000 0.000000
4500 31 P -192.256500 -1.662869 -77.251892 2.110000 -1.000000 0.000000
4500 32 S -193.642700 -5.136499 -78.454979 1.800000 0.000000 0.000000
4500 33 C -190.652802 -6.750208 -77.565453 2.150000 0.000000 0.000000
4500 34 P -195.441422 -6.736996 -75.257263 2.110000 -1.000000 0.000000
4500 35 S -195.225052 -10.374470 -76.251198 1.800000 0.000000 0.000000
4500 36 U -192.128067 -10.858929 -74.834869 2.150000 0.000000 0.000000
4500 37 P -197.293259 -11.442880 -72.934990 2.110000 -1.000000 0.000000
5000 1 P -178.531158 -13.961275 -74.413170 2.110000 -1.000000 1.000000
5000 2 S -181.502014 -16.754526 -74.108253 1.800000 0.000000 0.000000
5000 3 G -183.953232 -14.454556 -74.381386 2.150000 0.000000 0.000000
5000 4 P -180.385864 -16.148714 -77.683167 2.110000 -1.000000 0.000000
5000 5 S -184.005981 -16.795715 -78.927147 1.800000 0.000000 0.000000
5000 6 G -184.520355 -13.167122 -78.629288 2.150000 0.000000 0.000000
5000 7 P -183.406204 -16.464165 -82.611946 2.110000 -1.000000 0.000000
5000 8 S -186.280945 -14.995808 -84.545815 1.800000 0.000000 0.000000
5000 9 G -186.953812 -12.177594 -82.770111 2.150000 0.000000 0.000000
5000 10 P -184.949493 -13.952989 -87.890785 2.110000 -1.000000 0.000000
5000 11 S -187.837524 -11.893929 -89.447723 1.800000 0.000000 0.000000
5000 12 C -187.373276 -9.402938 -86.870239 2.150000 0.000000 0.000000
5000 13 P -184.827454 -10.693526 -91.390411 2.110000 -1.000000 0.000000
5000 14 S -186.536789 -7.797627 -93.163338 1.800000 0.000000 0.000000
5000 15 G -186.513321 -5.701145 -90.163681 2.150000 0.000000 0.000000
5000 16 P -182.778946 -7.069426 -93.689438 2.110000 -1.000000 0.000000
5000 17 S -183.834396 -3.392773 -94.144081 1.800000 0.000000 0.000000
5000 18 C -183.325485 -3.100545 -97.460373 2.150000 0.000000 0.000000
5000 19 P -180.312744 -2.764193 -92.751694 2.110000 -1.000000 0.000000
5000 20 S -182.538757 0.211537 -91.769424 1.800000 0.000000 0.000000
5000 21 A -185.712799 -0.509963 -90.574966 2.150000 0.000000 0.000000
5000 22 P -180.081573 1.883617 -89.387100 2.110000 -1.000000 0.000000
5000 23 S -183.418961 2.251204 -87.110008 1.800000 0.000000 0.000000
5000 24 A -183.602554 5.545159 -88.326752 2.150000 0.000000 0.000000
5000 25 P -183.286774 3.474116 -83.421532 2.110000 -1.000000 0.000000
5000 26 S -186.914856 2.156694 -82.968216 1.800000 0.000000 0.000000
5000 27 G -187.511353 -0.718161 -84.723961 2.150000 0.000000 0.000000
5000 28 P -187.621445 1.272120 -79.272919 2.110000 -1.000000 0.000000
5000 29 S -190.504883 -0.708890 -80.454391 1.800000 0.000000 0.000000
5000 30 C -188.712204 -3.586802 -81.232620 2.150000 0.000000 0.000000
5000 31 P -192.289368 -1.633511 -77.201012 2.110000 -1.000000 0.000000
5000 32 S -193.570923 -5.081468 -78.472290 1.800000 0.000000 0.000000
5000 33 C -190.581024 -6.695177 -77.582764 2.150000 0.000000 0.000000
5000 34 P -195.315414 -6.693082 -75.405678 2.110000 -1.000000 0.000000
5000 35 S -195.166122 -10.316399 -76.526276 1.800000 0.000000 0.000000
5000 36 U -192.032135 -10.781357 -75.186882 2.150000 0.000000 0.000000
5000 37 P -196.752396 -13.253205 -74.591919 2.110000 -1.000000 0.000000
5500 1 P -178.963531 -14.636857 -71.545876 2.110000 -1.000000 1.000000
5500 2 S -181.427139 -16.689365 -73.642044 1.800000 0.000000 0.000000
5500 3 G -183.876282 -14.398863 -73.989281 2.150000 0.000000 0.000000
5500 4 P -180.308914 -16.093006 -77.291061 2.110000 -1.000000 0.000000
5500 5 S -183.916122 -16.856321 -78.697807 1.800000 0.000000 0.000000
5500 6 G -184.435455 -13.214552 -78.461288 2.150000 0.000000 0.000000
5500 7 P -183.321304 -16.511581 -82.443947 2.110000 -1.000000 0.000000
5500 8 S -186.322311 -15.104271 -84.529930 1.800000 0.000000 0.000000
5500 9 G -186.916428 -12.199065 -82.788101 2.150000 0.000000 0.000000
5500 10 P -184.989883 -14.013601 -87.876663 2.110000 -1.000000 0.000000
5500 11 S -187.878433 -11.964499 -89.389496 1.800000 0.000000 0.000000
5500 12 C -187.425583 -9.470740 -86.756485 2.150000 0.000000 0.000000
5500 13 P -184.879761 -10.761329 -91.276657 2.110000 -1.000000 0.000000
5500 14 S -186.061722 -7.824919 -93.659981 1.800000 0.000000 0.000000
5500 15 G -186.788605 -5.700444 -90.876862 2.150000 0.000000 0.000000
5500 16 P -182.311096 -6.747103 -94.295265 2.110000 -1.000000 0.000000
5500 17 S -183.178772 -2.951417 -95.110764 1.800000 0.000000 0.000000
5500 18 C -183.036682 -4.705395 -97.892776 2.150000 0.000000 0.000000
5500 19 P -179.638474 -2.425764 -93.401947 2.110000 -1.000000 0.000000
5500 20 S -181.846237 0.550992 -92.371826 1.800000 0.000000 0.000000
5500 21 A -184.593658 -0.674407 -90.689842 2.150000 0.000000 0.000000
5500 22 P -179.736023 2.156966 -89.330475 2.110000 -1.000000 0.000000
5500 23 S -183.040085 2.244693 -87.045227 1.800000 0.000000 0.000000
5500 24 A -183.519913 -1.263061 -87.030540 2.150000 0.000000 0.000000
5500 25 P -183.405060 3.336586 -83.256935 2.110000 -1.000000 0.000000
5500 26 S -187.007339 2.161441 -83.209503 1.800000 0.000000 0.000000
5500 27 G -187.603836 -0.713415 -84.965248 2.150000 0.000000 0.000000
5500 28 P -187.376862 1.289479 -79.415077 2.110000 -1.000000 0.000000
5500 29 S -190.390427 -0.773588 -80.346878 1.800000 0.000000 0.000000
5500 30 C -188.597748 -3.651500 -81.125107 2.150000 0.000000 0.000000
5500 31 P -192.122650 -1.666416 -77.186966 2.110000 -1.000000 0.000000
5500 32 S -193.406067 -4.994871 -78.702003 1.800000 0.000000 0.000000
5500 33 C -190.416168 -6.608580 -77.812477 2.150000 0.000000 0.000000
5500 34 P -195.109161 -6.330019 -75.448494 2.110000 -1.000000 0.000000
5500 35 S -194.976471 -10.024076 -76.418747 1.800000 0.000000 0.000000
5500 36 U -191.842484 -10.489035 -75.079353 2.150000 0.000000 0.000000
5500 37 P -196.704315 -12.438534 -73.571381 2.110000 -1.000000 0.000000
6000 1 P -178.720871 -14.391876 -72.871216 2.110000 -1.000000 1.000000
6000 2 S -181.668472 -16.914618 -73.470482 1.800000 0.000000 0.000000
6000 3 G -184.053864 -14.514967 -73.424530 2.150000 0.000000 0.000000
6000 4 P -180.427216 -16.174788 -76.988686 2.110000 -1.000000 0.000000
6000 5 S -184.062408 -16.946665 -78.399292 1.800000 0.000000 0.000000
6000 6 G -184.524094 -13.314943 -78.174881 2.150000 0.000000 0.000000
6000 7 P -183.409943 -16.611975 -82.157539 2.110000 -1.000000 0.000000
6000 8 S -186.407364 -15.185228 -84.368927 1.800000 0.000000 0.000000
6000 9 G -187.045929 -12.316225 -82.598961 2.150000 0.000000 0.000000
6000 10 P -185.119385 -14.130761 -87.687523 2.110000 -1.000000 0.000000
6000 11 S -187.924866 -11.957797 -89.277657 1.800000 0.000000 0.000000
6000 12 C -187.384689 -9.417351 -86.832520 2.150000 0.000000 0.000000
6000 13 P -184.838867 -10.707939 -91.352692 2.110000 -1.000000 0.000000
6000 14 S -186.115234 -7.662735 -93.505386 1.800000 0.000000 0.000000
6000 15 G -187.021622 -5.435197 -90.857811 2.150000 0.000000 0.000000
6000 16 P -182.632690 -5.985051 -94.400742 2.110000 -1.000000 0.000000
6000 17 S -183.546570 -2.093431 -94.765915 1.800000 0.000000 0.000000
6000 18 C -182.636459 -2.408517 -97.958405 2.150000 0.000000 0.000000
6000 19 P -180.093552 -1.492060 -93.219627 2.110000 -1.000000 0.000000
6000 20 S -182.301315 1.484697 -92.189507 1.800000 0.000000 0.000000
6000 21 A -183.554245 -1.154963 -90.303825 2.150000 0.000000 0.000000
6000 22 P -179.869675 2.949992 -89.521210 2.110000 -1.000000 0.000000
6000 23 S -182.948868 2.397208 -86.904106 1.800000 0.000000 0.000000
6000 24 A -181.190369 -0.510375 -86.778297 2.150000 0.000000 0.000000
6000 25 P -183.249832 3.390065 -83.217796 2.110000 -1.000000 0.000000
6000 26 S -186.917435 2.061526 -82.768509 1.800000 0.000000 0.000000
6000 27 G -187.513931 -0.813330 -84.524254 2.150000 0.000000 0.000000
6000 28 P -187.294357 1.152849 -79.157494 2.110000 -1.000000 0.000000
6000 29 S -190.366821 -0.801330 -80.290573 1.800000 0.000000 0.000000
6000 30 C -188.574142 -3.679242 -81.068802 2.150000 0.000000 0.000000
6000 31 P -192.099365 -1.710057 -77.029800 2.110000 -1.000000 0.000000
6000 32 S -193.395569 -5.001103 -78.537521 1.800000 0.000000 0.000000
6000 33 C -190.405670 -6.614812 -77.647995 2.150000 0.000000 0.000000
6000 34 P -195.091446 -6.347560 -75.498825 2.110000 -1.000000 0.000000
6000 35 S -195.011353 -10.051911 -76.394745 1.800000 0.000000 0.000000
6000 36 U -191.877365 -10.516870 -75.055351 2.150000 0.000000 0.000000
6000 37 P -197.072327 -11.871691 -73.712219 2.110000 -1.000000 0.000000
6500 1 P -179.080643 -14.830999 -71.633904 2.110000 -1.000000 1.000000
6500 2 S -181.291489 -16.827343 -74.001968 1.800000 0.000000 0.000000
6500 3 G -183.963516 -14.812613 -74.022018 2.150000 0.000000 0.000000
6500 4 P -180.221848 -16.322474 -77.592056 2.110000 -1.000000 0.000000
6500 5 S -183.885025 -16.929396 -78.592331 1.800000 0.000000 0.000000
6500 6 G -184.377411 -13.294872 -78.440651 2.150000 0.000000 0.000000
6500 7 P -183.263260 -16.591900 -82.423309 2.110000 -1.000000 0.000000
6500 8 S -186.419220 -15.217706 -84.269608 1.800000 0.000000 0.000000
6500 9 G -187.037384 -12.325951 -82.603996 2.150000 0.000000 0.000000
6500 10 P -185.110840 -14.140487 -87.692558 2.110000 -1.000000 0.000000
6500 11 S -187.919815 -11.962317 -89.336525 1.800000 0.000000 0.000000
6500 12 C -187.244598 -9.490652 -86.565704 2.150000 0.000000 0.000000
6500 13 P -184.786743 -10.690627 -91.420204 2.110000 -1.000000 0.000000
6500 14 S -185.596909 -7.996143 -93.909454 1.800000 0.000000 0.000000
6500 15 G -186.082733 -4.999221 -92.245941 2.150000 0.000000 0.000000
6500 16 P -181.769470 -7.148716 -94.063988 2.110000 -1.000000 0.000000
6500 17 S -182.095764 -3.358706 -94.471085 1.800000 0.000000 0.000000
6500 18 C -180.774124 -4.110409 -97.630127 2.150000 0.000000 0.000000
6500 19 P -178.589859 -2.753388 -92.899330 2.110000 -1.000000 0.000000
6500 20 S -180.797623 0.223370 -91.869209 1.800000 0.000000 0.000000
6500 21 A -183.494797 -1.277803 -90.069504 2.150000 0.000000 0.000000
6500 22 P -178.865341 2.068819 -89.051643 2.110000 -1.000000 0.000000
6500 23 S -182.290649 2.351444 -87.182739 1.800000 0.000000 0.000000
6500 24 A -181.312241 -0.673135 -85.558846 2.150000 0.000000 0.000000
6500 25 P -183.051773 3.466206 -83.409447 2.110000 -1.000000 0.000000
6500 26 S -186.702499 2.093180 -82.787476 1.800000 0.000000 0.000000
6500 27 G -187.298996 -0.781677 -84.543221 2.150000 0.000000 0.000000
6500 28 P -187.252029 1.143554 -79.206985 2.110000 -1.000000 0.000000
6500 29 S -190.313354 -0.837154 -80.320648 1.800000 0.000000 0.000000
6500 30 C -188.520676 -3.715066 -81.098877 2.150000 0.000000 0.000000
6500 31 P -192.011673 -1.755438 -77.073410 2.110000 -1.000000 0.000000
6500 32 S -193.262039 -5.012726 -78.657684 1.800000 0.000000 0.000000
6500 33 C -190.272141 -6.626435 -77.768158 2.150000 0.000000 0.000000
6500 34 P -195.000290 -6.577083 -75.523201 2.110000 -1.000000 0.000000
6500 35 S -194.746689 -10.156368 -77.047318 1.800000 0.000000 0.000000
6500 36 U -191.669846 -10.986495 -76.290443 2.150000 0.000000 0.000000
6500 37 P -196.108200 -12.034959 -73.775986 2.110000 -1.000000 0.000000
7000 1 P -178.845230 -14.553887 -71.947342 2.110000 -1.000000 1.000000
7000 2 S -181.308136 -16.703922 -73.832787 1.800000 0.000000 0.000000
7000 3 G -183.947937 -14.697042 -73.992737 2.150000 0.000000 0.000000
7000 4 P -180.206268 -16.206907 -77.562775 2.110000 -1.000000 0.000000
7000 5 S -183.738892 -16.708685 -78.784355 1.800000 0.000000 0.000000
7000 6 G -184.298401 -13.114808 -78.598999 2.150000 0.000000 0.000000
7000 7 P -183.184250 -16.411839 -82.581657 2.110000 -1.000000 0.000000
7000 8 S -186.455856 -15.220125 -84.236069 1.800000 0.000000 0.000000
7000 9 G -187.078491 -12.329163 -82.591324 2.150000 0.000000 0.000000
7000 10 P -185.151947 -14.143699 -87.679886 2.110000 -1.000000 0.000000
7000 11 S -187.958008 -11.963923 -89.313400 1.800000 0.000000 0.000000
7000 12 C -187.259628 -9.486475 -86.564636 2.150000 0.000000 0.000000
7000 13 P -184.801773 -10.686450 -91.419136 2.110000 -1.000000 0.000000
7000 14 S -185.832657 -8.157458 -94.209328 1.800000 0.000000 0.000000
7000 15 G -187.198593 -5.609053 -92.461197 2.150000 0.000000 0.000000
7000 16 P -182.127686 -6.951823 -94.600594 2.110000 -1.000000 0.000000
7000 17 S -182.442261 -2.901561 -95.011841 1.800000 0.000000 0.000000
7000 18 C -184.791077 -2.678625 -92.709900 2.150000 0.000000 0.000000
7000 19 P -178.880615 -2.497600 -93.308403 2.110000 -1.000000 0.000000
7000 20 S -181.051315 0.477532 -92.243736 1.800000 0.000000 0.000000
7000 21 A -182.384888 -1.459682 -89.921104 2.150000 0.000000 0.000000
7000 22 P -178.938461 2.556412 -89.418785 2.110000 -1.000000 0.000000
7000 23 S -182.231079 2.490149 -87.329002 1.800000 0.000000 0.000000
7000 24 A -179.618561 0.444699 -85.828499 2.150000 0.000000 0.000000
7000 25 P -182.701218 3.299954 -83.558456 2.110000 -1.000000 0.000000
7000 26 S -186.362091 2.180355 -83.245239 1.800000 0.000000 0.000000
7000 27 G -186.958588 -0.694502 -85.000984 2.150000 0.000000 0.000000
7000 28 P -187.263000 1.248335 -79.480408 2.110000 -1.000000 0.000000
7000 29 S -190.305008 -0.716763 -80.596992 1.800000 0.000000 0.000000
7000 30 C -188.512329 -3.594675 -81.375221 2.150000 0.000000 0.000000
7000 31 P -192.016281 -1.623616 -77.274780 2.110000 -1.000000 0.000000
7000 32 S -193.412598 -5.070770 -78.429672 1.800000 0.000000 0.000000
7000 33 C -190.422699 -6.684479 -77.540146 2.150000 0.000000 0.000000
7000 34 P -195.116379 -6.570111 -75.340454 2.110000 -1.000000 0.000000
7000 35 S -194.956390 -10.249617 -76.594177 1.800000 0.000000 0.000000
7000 36 U -191.784439 -10.693815 -75.425774 2.150000 0.000000 0.000000
7000 37 P -196.878448 -12.418210 -73.646935 2.110000 -1.000000 0.000000
7500 1 P -179.055206 -14.550422 -71.461891 2.110000 -1.000000 1.000000
7500 2 S -181.257935 -16.651205 -73.806808 1.800000 0.000000 0.000000
7500 3 G -183.906204 -14.618781 -73.927277 2.150000 0.000000 0.000000
7500 4 P -180.164536 -16.128653 -77.497314 2.110000 -1.000000 0.000000
7500 5 S -183.732452 -16.698477 -78.865196 1.800000 0.000000 0.000000
7500 6 G -184.289337 -13.069684 -78.636719 2.150000 0.000000 0.000000
7500 7 P -183.175186 -16.366718 -82.619377 2.110000 -1.000000 0.000000
7500 8 S -186.464874 -15.196705 -84.171272 1.800000 0.000000 0.000000
7500 9 G -187.093277 -12.319673 -82.502953 2.150000 0.000000 0.000000
7500 10 P -185.166733 -14.134209 -87.591515 2.110000 -1.000000 0.000000
7500 11 S -187.983566 -11.953547 -89.041603 1.800000 0.000000 0.000000
7500 12 C -187.291809 -9.473047 -86.315689 2.150000 0.000000 0.000000
7500 13 P -184.833954 -10.673022 -91.170189 2.110000 -1.000000 0.000000
7500 14 S -186.257507 -7.877067 -93.635826 1.800000 0.000000 0.000000
7500 15 G -187.287430 -5.652295 -91.309540 2.150000 0.000000 0.000000
7500 16 P -182.540176 -6.442159 -94.201118 2.110000 -1.000000 0.000000
7500 17 S -183.118088 -2.543026 -94.515160 1.800000 0.000000 0.000000
7500 18 C -183.776291 -2.829323 -91.268745 2.150000 0.000000 0.000000
7500 19 P -179.548401 -1.883277 -93.223007 2.110000 -1.000000 0.000000
7500 20 S -181.719101 1.091855 -92.158340 1.800000 0.000000 0.000000
7500 21 A -181.473389 3.349828 -94.901314 2.150000 0.000000 0.000000
7500 22 P -179.240158 2.851803 -89.347626 2.110000 -1.000000 0.000000
7500 23 S -182.579590 2.543406 -87.248329 1.800000 0.000000 0.000000
7500 24 A -181.462479 -0.675227 -87.691711 2.150000 0.000000 0.000000
7500 25 P -182.921066 3.535179 -83.644051 2.110000 -1.000000 0.000000
7500 26 S -186.535599 2.181953 -82.891739 1.800000 0.000000 0.000000
7500 27 G -187.132095 -0.692903 -84.647484 2.150000 0.000000 0.000000
7500 28 P -187.254135 1.269139 -79.090271 2.110000 -1.000000 0.000000
7500 29 S -190.390472 -0.776863 -80.248802 1.800000 0.000000 0.000000
7500 30 C -188.597794 -3.654775 -81.027031 2.150000 0.000000 0.000000
7500 31 P -192.089661 -1.682405 -76.834686 2.110000 -1.000000 0.000000
7500 32 S -193.445221 -5.081135 -78.278015 1.800000 0.000000 0.000000
7500 33 C -190.455322 -6.694844 -77.388489 2.150000 0.000000 0.000000
7500 34 P -195.237610 -6.694584 -75.324921 2.110000 -1.000000 0.000000
7500 35 S -195.036636 -10.407079 -76.494675 1.800000 0.000000 0.000000
7500 36 U -191.864685 -10.851277 -75.326271 2.150000 0.000000 0.000000
7500 37 P -196.603043 -11.930588 -73.189812 2.110000 -1.000000 0.000000
8000 1 P -179.254730 -14.609830 -70.737991 2.110000 -1.000000 1.000000
8000 2 S -181.282883 -16.487131 -73.622673 1.800000 0.000000 0.000000
8000 3 G -183.999939 -14.608803 -73.904076 2.150000 0.000000 0.000000
8000 4 P -180.258270 -16.118681 -77.474113 2.110000 -1.000000 0.000000
8000 5 S -183.824203 -16.737194 -78.983368 1.800000 0.000000 0.000000
8000 6 G -184.361572 -13.122679 -78.735199 2.150000 0.000000 0.000000
8000 7 P -183.247421 -16.419716 -82.717857 2.110000 -1.000000 0.000000
8000 8 S -186.496643 -15.197162 -84.326706 1.800000 0.000000 0.000000
8000 9 G -187.096634 -12.297268 -82.564308 2.150000 0.000000 0.000000
8000 10 P -185.170090 -14.111804 -87.652870 2.110000 -1.000000 0.000000
8000 11 S -187.985046 -11.939672 -88.968559 1.800000 0.000000 0.000000
8000 12 C -187.301147 -9.478314 -86.265152 2.150000 0.000000 0.000000
8000 13 P -184.843292 -10.678289 -91.119652 2.110000 -1.000000 0.000000
8000 14 S -186.130569 -7.694382 -93.299026 1.800000 0.000000 0.000000
8000 15 G -185.998260 -6.185281 -90.297562 2.150000 0.000000 0.000000
8000 16 P -182.728226 -6.447523 -94.144547 2.110000 -1.000000 0.000000
8000 17 S -183.285889 -2.536597 -94.632713 1.800000 0.000000 0.000000
8000 18 C -184.866241 -1.856857 -91.590508 2.150000 0.000000 0.000000
8000 19 P -179.634857 -1.822879 -93.370949 2.110000 -1.000000 0.000000
8000 20 S -181.799149 1.170219 -92.347115 1.800000 0.000000 0.000000
8000 21 A -181.165421 3.151314 -95.111610 2.150000 0.000000 0.000000
8000 22 P -179.471069 2.751267 -89.822853 2.110000 -1.000000 0.000000
8000 23 S -182.495834 2.630411 -87.439163 1.800000 0.000000 0.000000
8000 24 A -184.033600 -0.446064 -87.132812 2.150000 0.000000 0.000000
8000 25 P -183.049057 3.524831 -83.416832 2.110000 -1.000000 0.000000
8000 26 S -186.693726 2.123835 -82.682472 1.800000 0.000000 0.000000
8000 27 G -187.290222 -0.751021 -84.438217 2.150000 0.000000 0.000000
8000 28 P -187.194473 1.240754 -79.035233 2.110000 -1.000000 0.000000
8000 29 S -190.335922 -0.808338 -80.042488 1.800000 0.000000 0.000000
8000 30 C -188.543243 -3.686250 -80.820717 2.150000 0.000000 0.000000
8000 31 P -192.037369 -1.721790 -76.758591 2.110000 -1.000000 0.000000
8000 32 S -193.433929 -5.067981 -78.355003 1.800000 0.000000 0.000000
8000 33 C -190.444031 -6.681690 -77.465477 2.150000 0.000000 0.000000
8000 34 P -195.247711 -6.629848 -75.226669 2.110000 -1.000000 0.000000
8000 35 S -195.076782 -10.318657 -76.247353 1.800000 0.000000 0.000000
8000 36 U -191.864731 -10.544582 -75.126900 2.150000 0.000000 0.000000
8000 37 P -196.561859 -12.470780 -73.606041 2.110000 -1.000000 0.000000
8500 1 P -179.133911 -14.585231 -70.900566 2.110000 -1.000000 1.000000
8500 2 S -181.507584 -16.731054 -73.269127 1.800000 0.000000 0.000000
8500 3 G -184.156097 -14.805481 -73.391365 2.150000 0.000000 0.000000
8500 4 P -180.332367 -16.234978 -76.879227 2.110000 -1.000000 0.000000
8500 5 S -183.760376 -16.782637 -78.778206 1.800000 0.000000 0.000000
8500 6 G -184.326019 -13.157798 -78.557106 2.150000 0.000000 0.000000
8500 7 P -183.211868 -16.454832 -82.539764 2.110000 -1.000000 0.000000
8500 8 S -186.538010 -15.278851 -83.950920 1.800000 0.000000 0.000000
8500 9 G -187.130600 -12.356904 -82.363464 2.150000 0.000000 0.000000
8500 10 P -185.204056 -14.171440 -87.452026 2.110000 -1.000000 0.000000
8500 11 S -188.029633 -11.957403 -88.982704 1.800000 0.000000 0.000000
8500 12 C -187.426208 -9.461683 -86.415474 2.150000 0.000000 0.000000
8500 13 P -184.873413 -10.672865 -91.125008 2.110000 -1.000000 0.000000
8500 14 S -185.632874 -7.724891 -93.569023 1.800000 0.000000 0.000000
8500 15 G -186.796844 -5.978174 -90.891472 2.150000 0.000000 0.000000
8500 16 P -182.075684 -6.578682 -94.339691 2.110000 -1.000000 0.000000
8500 17 S -182.851044 -2.833372 -94.630890 1.800000 0.000000 0.000000
8500 18 C -180.731247 -3.110619 -97.635452 2.150000 0.000000 0.000000
8500 19 P -179.341324 -2.235996 -93.559227 2.110000 -1.000000 0.000000
8500 20 S -181.493805 0.756837 -92.534348 1.800000 0.000000 0.000000
8500 21 A -183.502304 -0.889344 -90.221107 2.150000 0.000000 0.000000
8500 22 P -179.591080 2.403776 -89.696938 2.110000 -1.000000 0.000000
8500 23 S -182.737427 2.398107 -87.395798 1.800000 0.000000 0.000000
8500 24 A -185.275223 3.357137 -89.721832 2.150000 0.000000 0.000000
8500 25 P -183.074081 3.469398 -83.654938 2.110000 -1.000000 0.000000
8500 26 S -186.723434 2.170141 -82.804352 1.800000 0.000000 0.000000
8500 27 G -187.319931 -0.704715 -84.560097 2.150000 0.000000 0.000000
8500 28 P -187.225830 1.282811 -79.127586 2.110000 -1.000000 0.000000
8500 29 S -190.309372 -0.779883 -80.309853 1.800000 0.000000 0.000000
8500 30 C -188.516693 -3.657794 -81.088081 2.150000 0.000000 0.000000
8500 31 P -192.037949 -1.721500 -76.964500 2.110000 -1.000000 0.000000
8500 32 S -193.400360 -5.038251 -78.622475 1.800000 0.000000 0.000000
8500 33 C -190.410461 -6.651960 -77.732948 2.150000 0.000000 0.000000
8500 34 P -195.200699 -6.592103 -75.596931 2.110000 -1.000000 0.000000
8500 35 S -195.082062 -10.401468 -76.345818 1.800000 0.000000 0.000000
8500 36 U -191.870010 -10.627394 -75.225365 2.150000 0.000000 0.000000
8500 37 P -196.370819 -11.497682 -72.692772 2.110000 -1.000000 0.000000
9000 1 P -178.676117 -14.061334 -72.707481 2.110000 -1.000000 1.000000
9000 2 S -181.643051 -16.862450 -73.287125 1.800000 0.000000 0.000000
9000 3 G -184.108536 -14.742392 -73.890335 2.150000 0.000000 0.000000
9000 4 P -180.452789 -16.314642 -77.010727 2.110000 -1.000000 0.000000
9000 5 S -183.870895 -16.844391 -78.668953 1.800000 0.000000 0.000000
9000 6 G -184.379959 -13.174997 -78.518478 2.150000 0.000000 0.000000
9000 7 P -183.265808 -16.472034 -82.501137 2.110000 -1.000000 0.000000
9000 8 S -186.596954 -15.302022 -84.068222 1.800000 0.000000 0.000000
9000 9 G -187.140289 -12.339265 -82.323822 2.150000 0.000000 0.000000
9000 10 P -185.213745 -14.153801 -87.412384 2.110000 -1.000000 0.000000
9000 11 S -188.023148 -11.939789 -88.949371 1.800000 0.000000 0.000000
9000 12 C -187.433807 -9.451264 -86.373901 2.150000 0.000000 0.000000
9000 13 P -184.881012 -10.662446 -91.083435 2.110000 -1.000000 0.000000
9000 14 S -185.766937 -7.606661 -93.430092 1.800000 0.000000 0.000000
9000 15 G -186.925018 -5.293565 -91.173470 2.150000 0.000000 0.000000
9000 16 P -181.953430 -6.764227 -93.736496 2.110000 -1.000000 0.000000
9000 17 S -181.573929 -2.732494 -94.047867 1.800000 0.000000 0.000000
9000 18 C -184.241287 -1.662071 -92.251511 2.150000 0.000000 0.000000
9000 19 P -178.236145 -2.209490 -92.335098 2.110000 -1.000000 0.000000
9000 20 S -180.388626 0.783344 -91.310219 1.800000 0.000000 0.000000
9000 21 A -182.663910 -0.808215 -89.222359 2.150000 0.000000 0.000000
9000 22 P -178.291885 2.229573 -88.441284 2.110000 -1.000000 0.000000
9000 23 S -181.770035 2.540783 -86.573059 1.800000 0.000000 0.000000
9000 24 A -180.824295 -0.819463 -85.832375 2.150000 0.000000 0.000000
9000 25 P -183.065613 3.364006 -83.055046 2.110000 -1.000000 0.000000
9000 26 S -186.751572 2.156939 -82.748566 1.800000 0.000000 0.000000
9000 27 G -187.348068 -0.717918 -84.504311 2.150000 0.000000 0.000000
9000 28 P -187.454330 1.300249 -79.146492 2.110000 -1.000000 0.000000
9000 29 S -190.585556 -0.796788 -80.361595 1.800000 0.000000 0.000000
9000 30 C -188.792877 -3.674699 -81.139824 2.150000 0.000000 0.000000
9000 31 P -192.357071 -1.801405 -77.142082 2.110000 -1.000000 0.000000
9000 32 S -193.576111 -5.181019 -78.610023 1.800000 0.000000 0.000000
9000 33 C -190.586212 -6.794728 -77.720497 2.150000 0.000000 0.000000
9000 34 P -195.427673 -6.767505 -75.559402 2.110000 -1.000000 0.000000
9000 35 S -195.321976 -10.686187 -76.115486 1.800000 0.000000 0.000000
9000 36 U -191.983521 -10.756145 -75.201149 2.150000 0.000000 0.000000
9000 37 P -196.367416 -12.943491 -72.966064 2.110000 -1.000000 0.000000
9500 1 P -178.830521 -13.863978 -71.821365 2.110000 -1.000000 1.000000
9500 2 S -181.592743 -16.516315 -73.161247 1.800000 0.000000 0.000000
9500 3 G -184.012772 -14.401832 -73.829704 2.150000 0.000000 0.000000
9500 4 P -180.330261 -16.083288 -76.906700 2.110000 -1.000000 0.000000
9500 5 S -183.847778 -16.792778 -78.477081 1.800000 0.000000 0.000000
9500 6 G -184.414673 -13.141753 -78.293266 2.150000 0.000000 0.000000
9500 7 P -183.300522 -16.438795 -82.275925 2.110000 -1.000000 0.000000
9500 8 S -186.592377 -15.261058 -83.849808 1.800000 0.000000 0.000000
9500 9 G -187.131577 -12.322331 -82.169792 2.150000 0.000000 0.000000
9500 10 P -185.205032 -14.136868 -87.258354 2.110000 -1.000000 0.000000
9500 11 S -187.992828 -11.930714 -88.823151 1.800000 0.000000 0.000000
9500 12 C -187.710114 -9.451471 -86.161224 2.150000 0.000000 0.000000
9500 13 P -184.873535 -10.660945 -90.966469 2.110000 -1.000000 0.000000
9500 14 S -186.480743 -7.567294 -93.141212 1.800000 0.000000 0.000000
9500 15 G -187.498169 -6.799204 -89.526787 2.150000 0.000000 0.000000
9500 16 P -182.573608 -6.503164 -93.149719 2.110000 -1.000000 0.000000
9500 17 S -182.401901 -2.541641 -93.752106 1.800000 0.000000 0.000000
9500 18 C -184.899536 -1.735952 -91.396759 2.150000 0.000000 0.000000
9500 19 P -179.017044 -2.263357 -91.688446 2.110000 -1.000000 0.000000
9500 20 S -181.169220 0.731101 -90.644142 1.800000 0.000000 0.000000
9500 21 A -181.272400 3.148128 -93.148079 2.150000 0.000000 0.000000
9500 22 P -178.375275 2.129171 -88.023491 2.110000 -1.000000 0.000000
9500 23 S -182.005280 2.169398 -86.207611 1.800000 0.000000 0.000000
9500 24 A -181.914261 -1.297809 -85.672539 2.150000 0.000000 0.000000
9500 25 P -182.885574 3.077762 -82.326324 2.110000 -1.000000 0.000000
9500 26 S -186.580521 2.125848 -82.420433 1.800000 0.000000 0.000000
9500 27 G -187.177017 -0.749009 -84.176178 2.150000 0.000000 0.000000
9500 28 P -187.498657 1.261264 -78.804756 2.110000 -1.000000 0.000000
9500 29 S -190.649628 -0.821606 -80.170059 1.800000 0.000000 0.000000
9500 30 C -188.856949 -3.699517 -80.948288 2.150000 0.000000 0.000000
9500 31 P -192.436844 -1.870837 -76.917068 2.110000 -1.000000 0.000000
9500 32 S -193.547775 -5.054714 -78.763321 1.800000 0.000000 0.000000
9500 33 C -190.557877 -6.668423 -77.873795 2.150000 0.000000 0.000000
9500 34 P -195.386292 -6.608792 -75.715767 2.110000 -1.000000 0.000000
9500 35 S -195.287384 -10.514255 -76.128189 1.800000 0.000000 0.000000
9500 36 U -191.948929 -10.584212 -75.213852 2.150000 0.000000 0.000000
9500 37 P -196.749390 -11.994916 -72.810783 2.110000 -1.000000 0.000000
10000 1 P -178.374069 -13.482323 -72.839149 2.110000 -1.000000 1.000000
10000 2 S -181.092529 -16.258261 -73.615288 1.800000 0.000000 0.000000
10000 3 G -183.662445 -14.206630 -74.263252 2.150000 0.000000 0.000000
10000 4 P -180.017288 -15.853616 -77.242943 2.110000 -1.000000 0.000000
10000 5 S -183.469574 -16.504419 -78.958702 1.800000 0.000000 0.000000
10000 6 G -184.083069 -12.865961 -78.917656 2.150000 0.000000 0.000000
10000 7 P -182.910278 -16.130678 -82.741333 2.110000 -1.000000 0.000000
10000 8 S -186.280930 -15.040424 -84.301346 1.800000 0.000000 0.000000
10000 9 G -186.813187 -12.112233 -82.647896 2.150000 0.000000 0.000000
10000 10 P -184.886642 -13.926769 -87.736458 2.110000 -1.000000 0.000000
10000 11 S -187.674850 -11.705664 -89.335785 1.800000 0.000000 0.000000
10000 12 C -187.393188 -9.227443 -86.674088 2.150000 0.000000 0.000000
10000 13 P -184.556610 -10.436916 -91.479332 2.110000 -1.000000 0.000000
10000 14 S -186.161758 -7.358345 -93.227882 1.800000 0.000000 0.000000
10000 15 G -185.878616 -5.490446 -89.999146 2.150000 0.000000 0.000000
10000 16 P -182.584976 -5.755126 -93.476570 2.110000 -1.000000 0.000000
10000 17 S -181.973541 -1.760190 -93.651123 1.800000 0.000000 0.000000
10000 18 C -183.995590 -1.293144 -91.003098 2.150000 0.000000 0.000000
10000 19 P -178.566986 -1.574725 -91.356995 2.110000 -1.000000 0.000000
10000 20 S -180.735565 1.409327 -90.334473 1.800000 0.000000 0.000000
10000 21 A -181.032150 4.021562 -92.527008 2.150000 0.000000 0.000000
10000 22 P -178.014450 2.708360 -87.710258 2.110000 -1.000000 0.000000
10000 23 S -181.298920 2.211137 -85.693344 1.800000 0.000000 0.000000
10000 24 A -178.094513 0.625535 -84.238518 2.150000 0.000000 0.000000
10000 25 P -182.717850 3.077263 -82.174408 2.110000 -1.000000 0.000000
10000 26 S -186.412262 2.257491 -82.594467 1.800000 0.000000 0.000000
10000 27 G -187.008759 -0.617366 -84.350212 2.150000 0.000000 0.000000
10000 28 P -187.223770 1.403355 -79.111519 2.110000 -1.000000 0.000000
10000 29 S -190.363083 -0.709373 -80.229240 1.800000 0.000000 0.000000
10000 30 C -188.498138 -3.517130 -81.151314 2.150000 0.000000 0.000000
10000 31 P -192.208832 -1.817682 -76.926018 2.110000 -1.000000 0.000000
10000 32 S -193.562149 -5.088824 -78.687225 1.800000 0.000000 0.000000
10000 33 C -190.572250 -6.702533 -77.797699 2.150000 0.000000 0.000000
10000 34 P -195.436661 -6.691400 -75.533646 2.110000 -1.000000 0.000000
10000 35 S -195.253845 -10.560601 -75.802658 1.800000 0.000000 0.000000
10000 36 U -191.915390 -10.630559 -74.888321 2.150000 0.000000 0.000000
10000 37 P -196.915253 -11.132915 -72.279343 2.110000 -1.000000 0.000000
