500 1 P -178.810989 -13.224042 -71.538101 2.110000 -1.000000 1.000000
500 2 S -180.756775 -15.865519 -73.605492 1.800000 0.000000 0.000000
500 3 G -183.405075 -13.575454 -73.841614 2.150000 0.000000 0.000000
500 4 P -180.230087 -15.987614 -77.565887 2.110000 -1.000000 0.000000
500 5 S -183.990555 -16.993410 -78.581841 1.800000 0.000000 0.000000
500 6 G -185.770721 -14.226270 -78.631149 2.150000 0.000000 0.000000
500 7 P -183.439697 -16.538099 -82.350937 2.110000 -1.000000 0.000000
500 8 S -186.401657 -15.049550 -84.222694 1.800000 0.000000 0.000000
500 9 G -187.302475 -12.126072 -82.934731 2.150000 0.000000 0.000000
500 10 P -184.836349 -13.858418 -87.654366 2.110000 -1.000000 0.000000
500 11 S -187.802032 -11.898682 -88.922195 1.800000 0.000000 0.000000
500 12 C -187.038589 -9.273046 -86.876854 2.150000 0.000000 0.000000
500 13 P -184.867615 -10.711376 -91.017891 2.110000 -1.000000 0.000000
500 14 S -186.200867 -7.490514 -93.133034 1.800000 0.000000 0.000000
500 15 G -186.486130 -5.352812 -90.612587 2.150000 0.000000 0.000000
500 16 P -182.522812 -7.085382 -93.081520 2.110000 -1.000000 0.000000
500 17 S -182.153778 -3.070402 -93.298332 1.800000 0.000000 0.000000
500 18 C -183.622025 -3.005982 -90.067535 2.150000 0.000000 0.000000
500 19 P -178.625275 -2.521732 -91.352577 2.110000 -1.000000 0.000000
500 20 S -180.927094 0.430818 -90.348663 1.800000 0.000000 0.000000
500 21 A -180.822205 2.957111 -92.696060 2.150000 0.000000 0.000000
500 22 P -178.785919 1.648932 -87.208977 2.110000 -1.000000 0.000000
500 23 S -182.432861 2.158266 -85.862106 1.800000 0.000000 0.000000
500 24 A -182.667862 -1.089727 -85.575951 2.150000 0.000000 0.000000
500 25 P -183.235306 3.218360 -82.204926 2.110000 -1.000000 0.000000
500 26 S -187.080139 2.010510 -82.342331 1.800000 0.000000 0.000000
500 27 G -188.210449 -1.064321 -83.586517 2.150000 0.000000 0.000000
500 28 P -187.702347 1.324607 -78.491585 2.110000 -1.000000 0.000000
500 29 S -190.595459 -0.966758 -79.119408 1.800000 0.000000 0.000000
500 30 C -188.535172 -3.813313 -80.046661 2.150000 0.000000 0.000000
500 31 P -192.436951 -2.315042 -76.100418 2.110000 -1.000000 0.000000
500 32 S -193.965942 -5.204516 -77.891350 1.800000 0.000000 0.000000
500 33 C -190.749481 -6.905044 -77.488823 2.150000 0.000000 0.000000
500 34 P -195.356064 -6.568829 -74.528633 2.110000 -1.000000 0.000000
500 35 S -195.072891 -10.301791 -75.460251 1.800000 0.000000 0.000000
500 36 U -191.823074 -11.583436 -76.115364 2.150000 0.000000 0.000000
500 37 P -195.862488 -11.870140 -72.178787 2.110000 -1.000000 0.000000
1000 1 P -178.284790 -13.198744 -72.874641 2.110000 -1.000000 1.000000
1000 2 S -180.678879 -16.107742 -73.961388 1.800000 0.000000 0.000000
1000 3 G -183.326813 -13.749904 -74.019150 2.150000 0.000000 0.000000
1000 4 P -180.151825 -16.162066 -77.743423 2.110000 -1.000000 0.000000
1000 5 S -183.842072 -16.827379 -78.624710 1.800000 0.000000 0.000000
1000 6 G -185.532181 -14.049702 -78.595085 2.150000 0.000000 0.000000
1000 7 P -183.334305 -16.445591 -82.464066 2.110000 -1.000000 0.000000
1000 8 S -186.292435 -14.984992 -84.280853 1.800000 0.000000 0.000000
1000 9 G -187.192490 -12.052315 -82.956337 2.150000 0.000000 0.000000
1000 10 P -184.726364 -13.784660 -87.675972 2.110000 -1.000000 0.000000
1000 11 S -187.804688 -11.918757 -88.799416 1.800000 0.000000 0.000000
1000 12 C -187.064163 -9.301820 -86.822754 2.150000 0.000000 0.000000
1000 13 P -184.893188 -10.740150 -90.963791 2.110000 -1.000000 0.000000
1000 14 S -186.014877 -7.429627 -92.795029 1.800000 0.000000 0.000000
1000 15 G -184.993515 -5.003975 -90.533211 2.150000 0.000000 0.000000
1000 16 P -182.449326 -6.365587 -93.542496 2.110000 -1.000000 0.000000
1000 17 S -182.166534 -2.510303 -93.761986 1.800000 0.000000 0.000000
1000 18 C -180.167236 -2.797960 -96.590691 2.150000 0.000000 0.000000
1000 19 P -178.717804 -1.874758 -92.054260 2.110000 -1.000000 0.000000
1000 20 S -181.029221 1.083270 -91.034119 1.800000 0.000000 0.000000
1000 21 A -183.433853 -1.102014 -89.762291 2.150000 0.000000 0.000000
1000 22 P -178.842575 2.219310 -88.125549 2.110000 -1.000000 0.000000
1000 23 S -182.307953 2.095566 -85.974777 1.800000 0.000000 0.000000
1000 24 A -181.611099 -1.056382 -84.284912 2.150000 0.000000 0.000000
1000 25 P -183.238358 3.298382 -82.236183 2.110000 -1.000000 0.000000
1000 26 S -187.071548 2.111040 -82.486618 1.800000 0.000000 0.000000
1000 27 G -188.201859 -0.963791 -83.730804 2.150000 0.000000 0.000000
1000 28 P -187.507156 1.440966 -78.714775 2.110000 -1.000000 0.000000
1000 29 S -190.531570 -0.907294 -79.195244 1.800000 0.000000 0.000000
1000 30 C -188.471283 -3.753849 -80.122498 2.150000 0.000000 0.000000
1000 31 P -192.339844 -2.241287 -76.040100 2.110000 -1.000000 0.000000
1000 32 S -193.801224 -5.116216 -77.924026 1.800000 0.000000 0.000000
1000 33 C -190.584763 -6.816744 -77.521500 2.150000 0.000000 0.000000
1000 34 P -195.128342 -6.452684 -74.768585 2.110000 -1.000000 0.000000
1000 35 S -194.920212 -10.222682 -75.605370 1.800000 0.000000 0.000000
1000 36 U -191.670395 -11.504327 -76.260483 2.150000 0.000000 0.000000
1000 37 P -195.006165 -12.650324 -72.635376 2.110000 -1.000000 0.000000
1500 1 P -178.128372 -13.168216 -73.679985 2.110000 -1.000000 1.000000
1500 2 S -180.841354 -16.060650 -73.761230 1.800000 0.000000 0.000000
1500 3 G -183.416321 -13.760453 -73.938087 2.150000 0.000000 0.000000
1500 4 P -180.241333 -16.172611 -77.662361 2.110000 -1.000000 0.000000
1500 5 S -183.949158 -16.992645 -78.420212 1.800000 0.000000 0.000000
1500 6 G -185.900116 -14.375422 -78.557037 2.150000 0.000000 0.000000
1500 7 P -183.402283 -16.557686 -82.325378 2.110000 -1.000000 0.000000
1500 8 S -186.366852 -15.120212 -83.983559 1.800000 0.000000 0.000000
1500 9 G -187.258072 -12.185275 -82.702599 2.150000 0.000000 0.000000
1500 10 P -184.791946 -13.917621 -87.422234 2.110000 -1.000000 0.000000
1500 11 S -187.834244 -11.945989 -88.935928 1.800000 0.000000 0.000000
1500 12 C -187.106400 -9.330436 -86.793083 2.150000 0.000000 0.000000
1500 13 P -184.935425 -10.768766 -90.934120 2.110000 -1.000000 0.000000
1500 14 S -186.192551 -7.539370 -92.654747 1.800000 0.000000 0.000000
1500 15 G -186.142990 -5.521925 -89.689247 2.150000 0.000000 0.000000
1500 16 P -182.482635 -7.022652 -93.341614 2.110000 -1.000000 0.000000
1500 17 S -182.385437 -3.057051 -93.487740 1.800000 0.000000 0.000000
1500 18 C -182.249130 -1.867400 -96.625946 2.150000 0.000000 0.000000
1500 19 P -178.861771 -2.339093 -92.167542 2.110000 -1.000000 0.000000
1500 20 S -181.142960 0.607312 -91.205452 1.800000 0.000000 0.000000
1500 21 A -183.010208 -1.603903 -89.139908 2.150000 0.000000 0.000000
1500 22 P -178.871124 1.738075 -88.118454 2.110000 -1.000000 0.000000
1500 23 S -182.475891 2.156665 -86.049713 1.800000 0.000000 0.000000
1500 24 A -182.746979 -1.170358 -84.483368 2.150000 0.000000 0.000000
1500 25 P -183.377426 3.281086 -82.362617 2.110000 -1.000000 0.000000
1500 26 S -187.285599 1.972470 -82.302650 1.800000 0.000000 0.000000
1500 27 G -188.415909 -1.102361 -83.546837 2.150000 0.000000 0.000000
1500 28 P -187.546997 1.277142 -78.559380 2.110000 -1.000000 0.000000
1500 29 S -190.605011 -1.004286 -79.007179 1.800000 0.000000 0.000000
1500 30 C -188.544724 -3.850841 -79.934433 2.150000 0.000000 0.000000
1500 31 P -192.414047 -2.353909 -75.768135 2.110000 -1.000000 0.000000
1500 32 S -193.908310 -5.258241 -77.676178 1.800000 0.000000 0.000000
1500 33 C -190.691849 -6.958769 -77.273651 2.150000 0.000000 0.000000
1500 34 P -195.412735 -6.720167 -74.311073 2.110000 -1.000000 0.000000
1500 35 S -195.101761 -10.435398 -75.363350 1.800000 0.000000 0.000000
1500 36 U -191.719376 -11.176085 -76.092751 2.150000 0.000000 0.000000
1500 37 P -195.247238 -12.339988 -71.933586 2.110000 -1.000000 0.000000
2000 1 P -178.444153 -13.618378 -72.153664 2.110000 -1.000000 1.000000
2000 2 S -181.068863 -16.346956 -73.137581 1.800000 0.000000 0.000000
2000 3 G -183.594467 -13.899132 -73.272781 2.150000 0.000000 0.000000
2000 4 P -180.419479 -16.311287 -76.997055 2.110000 -1.000000 0.000000
2000 5 S -184.124084 -17.142851 -77.972649 1.800000 0.000000 0.000000
2000 6 G -186.059601 -14.524961 -78.080574 2.150000 0.000000 0.000000
2000 7 P -183.561768 -16.707226 -81.848915 2.110000 -1.000000 0.000000
2000 8 S -186.512207 -15.239322 -83.754097 1.800000 0.000000 0.000000
2000 9 G -186.703934 -12.139775 -82.486404 2.150000 0.000000 0.000000
2000 10 P -184.876053 -14.001415 -87.193329 2.110000 -1.000000 0.000000
2000 11 S -187.881195 -12.004909 -88.778641 1.800000 0.000000 0.000000
2000 12 C -187.120163 -9.365393 -86.690727 2.150000 0.000000 0.000000
2000 13 P -184.949188 -10.803723 -90.831764 2.110000 -1.000000 0.000000
2000 14 S -186.282471 -7.567454 -92.501518 1.800000 0.000000 0.000000
2000 15 G -185.420181 -5.219945 -90.374466 2.150000 0.000000 0.000000
2000 16 P -182.564240 -7.187155 -92.961395 2.110000 -1.000000 0.000000
2000 17 S -182.120895 -3.131697 -93.236412 1.800000 0.000000 0.000000
2000 18 C -181.941849 -3.784189 -96.631645 2.150000 0.000000 0.000000
2000 19 P -178.675995 -2.609367 -91.746796 2.110000 -1.000000 0.000000
2000 20 S -180.915207 0.345536 -90.829399 1.800000 0.000000 0.000000
2000 21 A -184.071274 -0.661515 -89.599884 2.150000 0.000000 0.000000
2000 22 P -178.121490 1.572792 -88.103851 2.110000 -1.000000 0.000000
2000 23 S -181.713303 2.166636 -86.309998 1.800000 0.000000 0.000000
2000 24 A -182.018951 -1.191077 -85.038811 2.150000 0.000000 0.000000
2000 25 P -182.930176 3.296779 -82.718208 2.110000 -1.000000 0.000000
2000 26 S -186.769699 2.192995 -82.782661 1.800000 0.000000 0.000000
2000 27 G -187.900009 -0.881835 -84.026848 2.150000 0.000000 0.000000
2000 28 P -187.051331 1.409372 -78.934334 2.110000 -1.000000 0.000000
2000 29 S -190.349304 -0.828448 -79.442307 1.800000 0.000000 0.000000
2000 30 C -188.289017 -3.675004 -80.369560 2.150000 0.000000 0.000000
2000 31 P -192.105133 -2.093586 -76.177223 2.110000 -1.000000 0.000000
2000 32 S -193.951920 -5.297739 -77.369766 1.800000 0.000000 0.000000
2000 33 C -190.624817 -6.857058 -77.426468 2.150000 0.000000 0.000000
2000 34 P -195.433197 -6.679134 -74.096191 2.110000 -1.000000 0.000000
2000 35 S -195.138748 -10.505954 -75.151398 1.800000 0.000000 0.000000
2000 36 U -191.648819 -11.158229 -76.000870 2.150000 0.000000 0.000000
2000 37 P -194.581329 -11.130065 -71.166550 2.110000 -1.000000 0.000000
2500 1 P -179.002060 -13.751101 -70.928482 2.110000 -1.000000 1.000000
2500 2 S -180.978149 -16.391651 -73.310898 1.800000 0.000000 0.000000
2500 3 G -183.595490 -14.029874 -73.163445 2.150000 0.000000 0.000000
2500 4 P -180.336288 -16.352251 -77.126266 2.110000 -1.000000 0.000000
2500 5 S -183.963196 -17.060991 -78.123001 1.800000 0.000000 0.000000
2500 6 G -185.825745 -14.388700 -77.297241 2.150000 0.000000 0.000000
2500 7 P -183.478836 -16.672829 -81.975555 2.110000 -1.000000 0.000000
2500 8 S -186.495438 -15.236117 -83.629929 1.800000 0.000000 0.000000
2500 9 G -186.791565 -11.958004 -83.177109 2.150000 0.000000 0.000000
2500 10 P -184.890381 -14.013799 -87.160141 2.110000 -1.000000 0.000000
2500 11 S -187.881439 -12.009934 -88.836349 1.800000 0.000000 0.000000
2500 12 C -187.244888 -9.298372 -86.875748 2.150000 0.000000 0.000000
2500 13 P -184.949432 -10.808749 -90.889473 2.110000 -1.000000 0.000000
2500 14 S -185.917664 -7.662492 -92.610252 1.800000 0.000000 0.000000
2500 15 G -187.214737 -5.426752 -90.121201 2.150000 0.000000 0.000000
2500 16 P -182.156128 -6.991155 -92.902344 2.110000 -1.000000 0.000000
2500 17 S -181.781265 -2.970737 -93.208961 1.800000 0.000000 0.000000
2500 18 C -181.070023 -2.898185 -96.862503 2.150000 0.000000 0.000000
2500 19 P -178.309555 -2.456844 -91.914421 2.110000 -1.000000 0.000000
2500 20 S -180.532608 0.524488 -91.025391 1.800000 0.000000 0.000000
2500 21 A -183.285034 -1.187642 -89.431602 2.150000 0.000000 0.000000
2500 22 P -178.056488 1.773313 -88.289948 2.110000 -1.000000 0.000000
2500 23 S -181.691711 2.099891 -86.664536 1.800000 0.000000 0.000000
2500 24 A -181.030441 -1.310094 -85.773857 2.150000 0.000000 0.000000
2500 25 P -182.650330 3.308778 -83.014999 2.110000 -1.000000 0.000000
2500 26 S -186.497894 2.362132 -83.220375 1.800000 0.000000 0.000000
2500 27 G -187.628204 -0.712699 -84.464561 2.150000 0.000000 0.000000
2500 28 P -186.961533 1.528089 -79.354767 2.110000 -1.000000 0.000000
2500 29 S -190.168381 -0.740509 -79.817314 1.800000 0.000000 0.000000
2500 30 C -187.927124 -3.521626 -80.569824 2.150000 0.000000 0.000000
2500 31 P -191.918655 -1.975233 -76.651474 2.110000 -1.000000 0.000000
2500 32 S -193.737488 -5.192438 -77.966713 1.800000 0.000000 0.000000
2500 33 C -190.410385 -6.751757 -78.023415 2.150000 0.000000 0.000000
2500 34 P -195.214172 -6.589829 -74.655205 2.110000 -1.000000 0.000000
2500 35 S -194.830521 -10.258924 -75.596611 1.800000 0.000000 0.000000
2500 36 U -191.340591 -10.911199 -76.446083 2.150000 0.000000 0.000000
2500 37 P -195.347061 -12.044985 -72.042831 2.110000 -1.000000 0.000000
3000 1 P -178.854156 -14.634420 -70.513046 2.110000 -1.000000 1.000000
3000 2 S -181.148392 -16.646202 -72.955772 1.800000 0.000000 0.000000
3000 3 G -183.666824 -14.080593 -72.601547 2.150000 0.000000 0.000000
3000 4 P -180.285828 -16.308132 -76.795731 2.110000 -1.000000 0.000000
3000 5 S -183.859207 -16.999777 -78.245872 1.800000 0.000000 0.000000
3000 6 G -185.812759 -14.352020 -78.433670 2.150000 0.000000 0.000000
3000 7 P -183.391495 -16.623123 -82.080505 2.110000 -1.000000 0.000000
3000 8 S -186.427887 -15.138135 -83.799377 1.800000 0.000000 0.000000
3000 9 G -186.758514 -11.932349 -83.159233 2.150000 0.000000 0.000000
3000 10 P -184.857330 -13.988144 -87.142265 2.110000 -1.000000 0.000000
3000 11 S -187.842819 -11.990746 -88.810036 1.800000 0.000000 0.000000
3000 12 C -187.205750 -9.271169 -86.855080 2.150000 0.000000 0.000000
3000 13 P -184.910294 -10.781546 -90.868805 2.110000 -1.000000 0.000000
3000 14 S -185.825943 -7.492916 -92.546562 1.800000 0.000000 0.000000
3000 15 G -185.926407 -6.123627 -89.478127 2.150000 0.000000 0.000000
3000 16 P -182.072128 -6.417641 -92.855721 2.110000 -1.000000 0.000000
3000 17 S -181.939407 -2.503523 -92.845337 1.800000 0.000000 0.000000
3000 18 C -180.724014 -2.091536 -95.961357 2.150000 0.000000 0.000000
3000 19 P -178.632507 -1.832279 -91.476616 2.110000 -1.000000 0.000000
3000 20 S -180.857346 1.148873 -90.576378 1.800000 0.000000 0.000000
3000 21 A -182.780670 -1.325642 -89.167252 2.150000 0.000000 0.000000
3000 22 P -178.601273 2.121115 -87.525032 2.110000 -1.000000 0.000000
3000 23 S -182.277115 1.983210 -85.821312 1.800000 0.000000 0.000000
3000 24 A -182.836487 -1.153199 -84.520103 2.150000 0.000000 0.000000
3000 25 P -183.246246 3.234057 -82.241730 2.110000 -1.000000 0.000000
3000 26 S -187.023438 2.082742 -82.409782 1.800000 0.000000 0.000000
3000 27 G -188.153748 -0.992089 -83.653969 2.150000 0.000000 0.000000
3000 28 P -187.290146 1.285437 -78.732224 2.110000 -1.000000 0.000000
3000 29 S -190.380768 -0.922947 -79.323761 1.800000 0.000000 0.000000
3000 30 C -188.084122 -3.775065 -79.789055 2.150000 0.000000 0.000000
3000 31 P -192.157623 -2.148588 -75.963516 2.110000 -1.000000 0.000000
3000 32 S -193.904099 -5.364080 -77.148315 1.800000 0.000000 0.000000
3000 33 C -190.576996 -6.923399 -77.205017 2.150000 0.000000 0.000000
3000 34 P -195.395340 -6.783835 -73.870644 2.110000 -1.000000 0.000000
3000 35 S -195.180847 -10.538279 -74.570496 1.800000 0.000000 0.000000
3000 36 U -191.656601 -11.087976 -75.242348 2.150000 0.000000 0.000000
3000 37 P -195.559021 -11.335402 -70.860085 2.110000 -1.000000 0.000000
3500 1 P -178.743576 -14.147759 -71.265808 2.110000 -1.000000 1.000000
3500 2 S -181.291138 -16.616699 -72.945526 1.800000 0.000000 0.000000
3500 3 G -183.786133 -14.085275 -72.534782 2.150000 0.000000 0.000000
3500 4 P -180.405136 -16.312819 -76.728966 2.110000 -1.000000 0.000000
3500 5 S -183.887527 -16.992506 -78.215225 1.800000 0.000000 0.000000
3500 6 G -185.956512 -14.454797 -78.077965 2.150000 0.000000 0.000000
3500 7 P -183.416412 -16.635300 -82.010147 2.110000 -1.000000 0.000000
3500 8 S -186.483017 -15.145864 -83.710350 1.800000 0.000000 0.000000
3500 9 G -186.722885 -12.107541 -82.414413 2.150000 0.000000 0.000000
3500 10 P -184.848419 -13.969778 -87.112610 2.110000 -1.000000 0.000000
3500 11 S -187.831726 -11.973105 -88.779579 1.800000 0.000000 0.000000
3500 12 C -187.181839 -9.451634 -86.171875 2.150000 0.000000 0.000000
3500 13 P -184.907425 -10.772798 -90.849525 2.110000 -1.000000 0.000000
3500 14 S -185.979095 -7.433687 -92.779434 1.800000 0.000000 0.000000
3500 15 G -186.657944 -5.030182 -90.429672 2.150000 0.000000 0.000000
3500 16 P -182.255768 -7.078101 -93.232193 2.110000 -1.000000 0.000000
3500 17 S -182.751740 -3.006485 -93.397774 1.800000 0.000000 0.000000
3500 18 C -183.544083 -2.515656 -90.110077 2.150000 0.000000 0.000000
3500 19 P -179.406509 -2.205886 -91.883560 2.110000 -1.000000 0.000000
3500 20 S -181.638870 0.760458 -90.953224 1.800000 0.000000 0.000000
3500 21 A -179.999954 1.632095 -93.805145 2.150000 0.000000 0.000000
3500 22 P -179.236008 1.744154 -87.910660 2.110000 -1.000000 0.000000
3500 23 S -182.883514 2.312813 -86.080200 1.800000 0.000000 0.000000
3500 24 A -185.275314 0.302291 -87.039551 2.150000 0.000000 0.000000
3500 25 P -183.408951 3.434163 -82.430450 2.110000 -1.000000 0.000000
3500 26 S -187.110825 2.208287 -82.664467 1.800000 0.000000 0.000000
3500 27 G -187.904434 -0.905972 -83.741333 2.150000 0.000000 0.000000
3500 28 P -187.183670 1.412079 -78.894379 2.110000 -1.000000 0.000000
3500 29 S -190.356140 -0.829658 -79.484093 1.800000 0.000000 0.000000
3500 30 C -188.242798 -3.754694 -79.841011 2.150000 0.000000 0.000000
3500 31 P -192.123413 -2.064570 -76.134926 2.110000 -1.000000 0.000000
3500 32 S -193.862961 -5.277716 -77.256088 1.800000 0.000000 0.000000
3500 33 C -190.535858 -6.837035 -77.312790 2.150000 0.000000 0.000000
3500 34 P -195.289154 -6.564622 -74.052414 2.110000 -1.000000 0.000000
3500 35 S -195.234116 -10.454965 -74.696320 1.800000 0.000000 0.000000
3500 36 U -191.709869 -11.004662 -75.368172 2.150000 0.000000 0.000000
3500 37 P -195.526031 -12.588863 -71.254257 2.110000 -1.000000 0.000000
4000 1 P -178.688950 -13.733544 -70.951088 2.110000 -1.000000 1.000000
4000 2 S -181.276566 -16.438919 -72.441376 1.800000 0.000000 0.000000
4000 3 G -183.740448 -13.831680 -72.544678 2.150000 0.000000 0.000000
4000 4 P -180.542938 -16.309921 -76.327156 2.110000 -1.000000 0.000000
4000 5 S -183.969559 -16.992212 -78.005531 1.800000 0.000000 0.000000
4000 6 G -185.899780 -14.328421 -77.870476 2.150000 0.000000 0.000000
4000 7 P -183.359680 -16.508917 -81.802658 2.110000 -1.000000 0.000000
4000 8 S -186.567062 -15.158521 -83.572266 1.800000 0.000000 0.000000
4000 9 G -186.809402 -12.118953 -82.280769 2.150000 0.000000 0.000000
4000 10 P -184.934937 -13.981190 -86.978966 2.110000 -1.000000 0.000000
4000 11 S -187.916534 -11.985899 -88.641541 1.800000 0.000000 0.000000
4000 12 C -187.169922 -9.421384 -86.166451 2.150000 0.000000 0.000000
4000 13 P -184.895508 -10.742547 -90.844101 2.110000 -1.000000 0.000000
4000 14 S -186.064941 -7.686640 -92.472443 1.800000 0.000000 0.000000
4000 15 G -187.196762 -6.962658 -89.372368 2.150000 0.000000 0.000000
4000 16 P -182.347763 -7.805206 -92.607285 2.110000 -1.000000 0.000000
4000 17 S -182.624756 -3.788187 -92.836884 1.800000 0.000000 0.000000
4000 18 C -183.854645 -3.786066 -89.598831 2.150000 0.000000 0.000000
4000 19 P -179.055466 -3.059614 -91.781151 2.110000 -1.000000 0.000000
4000 20 S -181.325165 -0.097144 -90.736908 1.800000 0.000000 0.000000
4000 21 A -180.378448 1.986591 -93.464996 2.150000 0.000000 0.000000
4000 22 P -178.756760 1.148528 -87.904007 2.110000 -1.000000 0.000000
4000 23 S -182.386688 2.185580 -86.374893 1.800000 0.000000 0.000000
4000 24 A -183.638062 -0.984695 -85.954948 2.150000 0.000000 0.000000
4000 25 P -183.148117 3.354136 -82.622513 2.110000 -1.000000 0.000000
4000 26 S -186.958801 2.262355 -82.780731 1.800000 0.000000 0.000000
4000 27 G -187.706314 -0.770326 -84.013756 2.150000 0.000000 0.000000
4000 28 P -187.035019 1.436145 -79.022888 2.110000 -1.000000 0.000000
4000 29 S -190.393143 -0.834123 -79.489876 1.800000 0.000000 0.000000
4000 30 C -188.582703 -3.661068 -80.092896 2.150000 0.000000 0.000000
4000 31 P -192.152695 -2.027666 -76.037315 2.110000 -1.000000 0.000000
4000 32 S -193.898880 -5.217964 -77.299385 1.800000 0.000000 0.000000
4000 33 C -190.571777 -6.777283 -77.356087 2.150000 0.000000 0.000000
4000 34 P -195.276093 -6.307301 -73.821571 2.110000 -1.000000 0.000000
4000 35 S -195.260620 -10.184644 -74.345535 1.800000 0.000000 0.000000
4000 36 U -191.736374 -10.734341 -75.017387 2.150000 0.000000 0.000000
4000 37 P -195.725891 -12.051196 -70.786194 2.110000 -1.000000 0.000000
4500 1 P -178.406937 -13.763862 -71.821106 2.110000 -1.000000 1.000000
4500 2 S -181.321106 -16.451628 -72.393829 1.800000 0.000000 0.000000
4500 3 G -183.759430 -13.865707 -72.459839 2.150000 0.000000 0.000000
4500 4 P -180.561920 -16.343945 -76.242317 2.110000 -1.000000 0.000000
4500 5 S -184.029373 -17.018988 -77.830330 1.800000 0.000000 0.000000
4500 6 G -186.081055 -14.473655 -76.995514 2.150000 0.000000 0.000000
4500 7 P -183.424805 -16.513226 -81.550110 2.110000 -1.000000 0.000000
4500 8 S -186.608368 -15.179431 -83.398499 1.800000 0.000000 0.000000
4500 9 G -186.844238 -12.151018 -82.098076 2.150000 0.000000 0.000000
4500 10 P -184.969772 -14.013255 -86.796272 2.110000 -1.000000 0.000000
4500 11 S -187.925262 -11.987875 -88.550507 1.800000 0.000000 0.000000
4500 12 C -187.186447 -9.424340 -86.149544 2.150000 0.000000 0.000000
4500 13 P -184.912033 -10.745503 -90.827194 2.110000 -1.000000 0.000000
4500 14 S -185.419403 -7.315846 -92.784920 1.800000 0.000000 0.000000
4500 15 G -185.249802 -5.313758 -89.801903 2.150000 0.000000 0.000000
4500 16 P -181.610199 -7.112764 -93.300377 2.110000 -1.000000 0.000000
4500 17 S -181.179260 -3.176910 -92.940987 1.800000 0.000000 0.000000
4500 18 C -181.572861 -2.797219 -96.402817 2.150000 0.000000 0.000000
4500 19 P -177.572266 -2.267419 -92.050453 2.110000 -1.000000 0.000000
4500 20 S -179.859573 0.702582 -90.924660 1.800000 0.000000 0.000000
4500 21 A -182.896179 -0.634513 -89.631233 2.150000 0.000000 0.000000
4500 22 P -178.400391 1.490947 -87.395355 2.110000 -1.000000 0.000000
4500 23 S -182.090759 2.236048 -85.641602 1.800000 0.000000 0.000000
4500 24 A -182.855713 -0.920839 -85.607323 2.150000 0.000000 0.000000
4500 25 P -183.694534 3.412734 -82.313858 2.110000 -1.000000 0.000000
4500 26 S -187.329971 2.183010 -82.525887 1.800000 0.000000 0.000000
4500 27 G -188.077484 -0.849671 -83.758911 2.150000 0.000000 0.000000
4500 28 P -187.343506 1.368051 -78.766144 2.110000 -1.000000 0.000000
4500 29 S -190.447906 -0.862546 -79.390221 1.800000 0.000000 0.000000
4500 30 C -188.788635 -3.674603 -80.138596 2.150000 0.000000 0.000000
4500 31 P -192.215149 -2.040572 -76.038742 2.110000 -1.000000 0.000000
4500 32 S -193.971664 -5.227041 -77.272697 1.800000 0.000000 0.000000
4500 33 C -190.644562 -6.786360 -77.329399 2.150000 0.000000 0.000000
4500 34 P -195.339767 -6.432483 -73.820213 2.110000 -1.000000 0.000000
4500 35 S -195.240402 -10.332668 -74.499092 1.800000 0.000000 0.000000
4500 36 U -191.716156 -10.882365 -75.170944 2.150000 0.000000 0.000000
4500 37 P -195.421677 -12.271682 -70.962479 2.110000 -1.000000 0.000000
5000 1 P -178.619934 -13.397715 -71.375549 2.110000 -1.000000 1.000000
5000 2 S -181.062332 -16.188736 -72.737694 1.800000 0.000000 0.000000
5000 3 G -183.716278 -14.065013 -72.932068 2.150000 0.000000 0.000000
5000 4 P -180.417465 -16.110971 -76.454201 2.110000 -1.000000 0.000000
5000 5 S -183.903473 -16.881042 -77.976128 1.800000 0.000000 0.000000
5000 6 G -186.066040 -14.435562 -77.264084 2.150000 0.000000 0.000000
5000 7 P -183.291321 -16.392036 -81.804535 2.110000 -1.000000 0.000000
5000 8 S -186.476181 -15.079158 -83.725510 1.800000 0.000000 0.000000
5000 9 G -187.103378 -12.186042 -82.202400 2.150000 0.000000 0.000000
5000 10 P -184.875610 -13.960355 -86.979195 2.110000 -1.000000 0.000000
5000 11 S -187.822006 -11.937447 -88.701218 1.800000 0.000000 0.000000
5000 12 C -187.138382 -9.412948 -86.222328 2.150000 0.000000 0.000000
5000 13 P -184.863968 -10.734111 -90.899979 2.110000 -1.000000 0.000000
5000 14 S -185.984772 -7.530756 -92.870773 1.800000 0.000000 0.000000
5000 15 G -185.712952 -5.216134 -90.410591 2.150000 0.000000 0.000000
5000 16 P -182.193344 -7.230224 -93.545830 2.110000 -1.000000 0.000000
5000 17 S -181.772476 -3.227020 -93.240097 1.800000 0.000000 0.000000
5000 18 C -180.682785 -2.803402 -96.443993 2.150000 0.000000 0.000000
5000 19 P -178.021637 -2.486008 -92.012001 2.110000 -1.000000 0.000000
5000 20 S -180.304550 0.487639 -90.904922 1.800000 0.000000 0.000000
5000 21 A -182.477203 -1.292741 -88.966156 2.150000 0.000000 0.000000
5000 22 P -178.193390 1.568012 -87.629387 2.110000 -1.000000 0.000000
5000 23 S -181.876328 2.206010 -85.850487 1.800000 0.000000 0.000000
5000 24 A -181.266235 -1.027538 -84.623268 2.150000 0.000000 0.000000
5000 25 P -183.077423 3.317833 -82.293015 2.110000 -1.000000 0.000000
5000 26 S -186.791824 2.280308 -82.864883 1.800000 0.000000 0.000000
5000 27 G -187.539337 -0.752373 -84.097908 2.150000 0.000000 0.000000
5000 28 P -187.291809 1.397283 -79.018532 2.110000 -1.000000 0.000000
5000 29 S -190.433090 -0.821366 -79.512993 1.800000 0.000000 0.000000
5000 30 C -188.890015 -3.634561 -80.430046 2.150000 0.000000 0.000000
5000 31 P -192.234116 -2.019498 -76.108109 2.110000 -1.000000 0.000000
5000 32 S -193.910187 -5.159496 -77.494637 1.800000 0.000000 0.000000
5000 33 C -190.583084 -6.718815 -77.551338 2.150000 0.000000 0.000000
5000 34 P -195.231308 -6.286773 -73.920525 2.110000 -1.000000 0.000000
5000 35 S -195.181152 -10.213858 -74.593399 1.800000 0.000000 0.000000
5000 36 U -191.656906 -10.763555 -75.265251 2.150000 0.000000 0.000000
5000 37 P -195.456192 -12.139822 -70.943069 2.110000 -1.000000 0.000000
5500 1 P -178.862579 -14.221389 -70.710541 2.110000 -1.000000 1.000000
5500 2 S -181.308762 -16.647594 -72.546242 1.800000 0.000000 0.000000
5500 3 G -183.791565 -14.457159 -72.933754 2.150000 0.000000 0.000000
5500 4 P -180.362976 -16.195795 -76.349571 2.110000 -1.000000 0.000000
5500 5 S -183.861389 -16.896311 -77.847061 1.800000 0.000000 0.000000
5500 6 G -185.930511 -14.398494 -77.575645 2.150000 0.000000 0.000000
5500 7 P -183.279816 -16.409130 -81.680984 2.110000 -1.000000 0.000000
5500 8 S -186.502045 -15.065244 -83.764854 1.800000 0.000000 0.000000
5500 9 G -187.128342 -12.212648 -82.359352 2.150000 0.000000 0.000000
5500 10 P -184.900574 -13.986961 -87.136147 2.110000 -1.000000 0.000000
5500 11 S -187.799576 -11.900328 -88.902298 1.800000 0.000000 0.000000
5500 12 C -187.135910 -9.400771 -86.309753 2.150000 0.000000 0.000000
5500 13 P -184.861496 -10.721934 -90.987404 2.110000 -1.000000 0.000000
5500 14 S -186.376495 -7.379022 -92.575996 1.800000 0.000000 0.000000
5500 15 G -186.517532 -5.061328 -89.952553 2.150000 0.000000 0.000000
5500 16 P -182.707993 -7.004113 -93.425705 2.110000 -1.000000 0.000000
5500 17 S -182.112137 -2.936993 -92.984978 1.800000 0.000000 0.000000
5500 18 C -182.311111 -2.258363 -96.484612 2.150000 0.000000 0.000000
5500 19 P -178.305023 -2.005558 -92.787628 2.110000 -1.000000 0.000000
5500 20 S -180.595322 0.963554 -91.731285 1.800000 0.000000 0.000000
5500 21 A -183.632767 -0.499648 -90.312904 2.150000 0.000000 0.000000
5500 22 P -178.143112 1.909923 -88.840858 2.110000 -1.000000 0.000000
5500 23 S -181.650131 2.472593 -86.888290 1.800000 0.000000 0.000000
5500 24 A -182.124771 -0.863512 -86.115158 2.150000 0.000000 0.000000
5500 25 P -183.055283 3.487646 -83.262245 2.110000 -1.000000 0.000000
5500 26 S -186.754822 2.295159 -82.903931 1.800000 0.000000 0.000000
5500 27 G -187.502335 -0.737521 -84.136955 2.150000 0.000000 0.000000
5500 28 P -187.266632 1.390625 -79.153267 2.110000 -1.000000 0.000000
5500 29 S -190.434128 -0.853049 -79.430405 1.800000 0.000000 0.000000
5500 30 C -188.891052 -3.666244 -80.347458 2.150000 0.000000 0.000000
5500 31 P -192.173248 -2.010172 -76.086624 2.110000 -1.000000 0.000000
5500 32 S -193.912186 -5.221898 -77.597916 1.800000 0.000000 0.000000
5500 33 C -190.585083 -6.781217 -77.654617 2.150000 0.000000 0.000000
5500 34 P -195.112228 -6.397672 -74.141449 2.110000 -1.000000 0.000000
5500 35 S -194.959427 -10.301994 -75.194130 1.800000 0.000000 0.000000
5500 36 U -191.435181 -10.851691 -75.865982 2.150000 0.000000 0.000000
5500 37 P -194.825409 -10.934397 -71.483803 2.110000 -1.000000 0.000000
6000 1 P -178.320694 -13.780165 -71.979095 2.110000 -1.000000 1.000000
6000 2 S -181.150848 -16.428740 -72.906380 1.800000 0.000000 0.000000
6000 3 G -183.697968 -14.437659 -73.204964 2.150000 0.000000 0.000000
6000 4 P -180.269379 -16.176294 -76.620781 2.110000 -1.000000 0.000000
6000 5 S -183.781921 -16.903164 -78.102203 1.800000 0.000000 0.000000
6000 6 G -185.987701 -14.433523 -77.841515 2.150000 0.000000 0.000000
6000 7 P -183.337006 -16.444160 -81.946854 2.110000 -1.000000 0.000000
6000 8 S -186.654434 -15.151634 -83.782433 1.800000 0.000000 0.000000
6000 9 G -187.201492 -12.271174 -82.262932 2.150000 0.000000 0.000000
6000 10 P -184.973724 -14.045487 -87.039726 2.110000 -1.000000 0.000000
6000 11 S -187.813660 -11.935990 -88.882362 1.800000 0.000000 0.000000
6000 12 C -186.936981 -9.370161 -86.492424 2.150000 0.000000 0.000000
6000 13 P -184.830780 -10.730789 -91.090782 2.110000 -1.000000 0.000000
6000 14 S -186.287231 -7.376084 -92.379715 1.800000 0.000000 0.000000
6000 15 G -184.827286 -6.218233 -89.359489 2.150000 0.000000 0.000000
6000 16 P -182.844666 -6.359191 -93.745094 2.110000 -1.000000 0.000000
6000 17 S -183.777039 -2.607626 -93.622696 1.800000 0.000000 0.000000
6000 18 C -185.633682 -1.341787 -96.234726 2.150000 0.000000 0.000000
6000 19 P -180.193558 -1.384836 -93.677345 2.110000 -1.000000 0.000000
6000 20 S -182.490799 1.588626 -92.600891 1.800000 0.000000 0.000000
6000 21 A -185.059036 -0.067243 -90.808327 2.150000 0.000000 0.000000
6000 22 P -180.075470 2.403189 -89.650299 2.110000 -1.000000 0.000000
6000 23 S -183.386917 2.327978 -87.311501 1.800000 0.000000 0.000000
6000 24 A -181.753876 -0.526310 -86.370750 2.150000 0.000000 0.000000
6000 25 P -183.205460 3.717366 -83.517876 2.110000 -1.000000 0.000000
6000 26 S -186.739212 2.231115 -82.779099 1.800000 0.000000 0.000000
6000 27 G -187.486725 -0.801566 -84.012123 2.150000 0.000000 0.000000
6000 28 P -187.255066 1.305320 -79.007874 2.110000 -1.000000 0.000000
6000 29 S -190.381439 -0.890692 -79.587158 1.800000 0.000000 0.000000
6000 30 C -188.838364 -3.703887 -80.504211 2.150000 0.000000 0.000000
6000 31 P -192.146332 -2.042232 -76.184151 2.110000 -1.000000 0.000000
6000 32 S -193.893524 -5.217634 -77.676941 1.800000 0.000000 0.000000
6000 33 C -190.566422 -6.776953 -77.733643 2.150000 0.000000 0.000000
6000 34 P -195.059662 -6.440226 -74.198265 2.110000 -1.000000 0.000000
6000 35 S -194.840149 -10.172531 -75.320450 1.800000 0.000000 0.000000
6000 36 U -191.356079 -10.039542 -74.584885 2.150000 0.000000 0.000000
6000 37 P -194.937149 -12.072857 -72.022949 2.110000 -1.000000 0.000000
6500 1 P -178.107437 -13.327029 -72.256821 2.110000 -1.000000 1.000000
6500 2 S -180.956543 -16.178684 -73.016457 1.800000 0.000000 0.000000
6500 3 G -183.875229 -14.789980 -73.164146 2.150000 0.000000 0.000000
6500 4 P -180.271545 -16.145340 -76.895027 2.110000 -1.000000 0.000000
6500 5 S -183.895645 -16.973415 -78.126785 1.800000 0.000000 0.000000
6500 6 G -185.847778 -14.340169 -77.226753 2.150000 0.000000 0.000000
6500 7 P -183.397629 -16.471334 -81.892670 2.110000 -1.000000 0.000000
6500 8 S -186.702560 -15.177837 -83.741501 1.800000 0.000000 0.000000
6500 9 G -187.180618 -12.311728 -82.212852 2.150000 0.000000 0.000000
6500 10 P -184.952850 -14.086041 -86.989647 2.110000 -1.000000 0.000000
6500 11 S -187.784653 -11.981156 -88.771912 1.800000 0.000000 0.000000
6500 12 C -187.325562 -9.346944 -86.467506 2.150000 0.000000 0.000000
6500 13 P -184.826584 -10.768119 -90.965950 2.110000 -1.000000 0.000000
6500 14 S -186.201218 -7.189686 -92.390938 1.800000 0.000000 0.000000
6500 15 G -185.610001 -5.567014 -89.519890 2.150000 0.000000 0.000000
6500 16 P -182.861298 -6.025576 -93.866653 2.110000 -1.000000 0.000000
6500 17 S -183.326462 -2.101097 -93.780327 1.800000 0.000000 0.000000
6500 18 C -183.745636 -1.471318 -90.248917 2.150000 0.000000 0.000000
6500 19 P -179.706741 -1.068801 -93.629272 2.110000 -1.000000 0.000000
6500 20 S -181.985199 1.894970 -92.602394 1.800000 0.000000 0.000000
6500 21 A -180.002319 3.054740 -95.128716 2.150000 0.000000 0.000000
6500 22 P -179.519012 2.569787 -89.738914 2.110000 -1.000000 0.000000
6500 23 S -182.666168 2.401134 -87.393105 1.800000 0.000000 0.000000
6500 24 A -181.557297 -0.982007 -86.779861 2.150000 0.000000 0.000000
6500 25 P -183.261749 3.643098 -83.588844 2.110000 -1.000000 0.000000
6500 26 S -186.966995 2.268047 -82.877121 1.800000 0.000000 0.000000
6500 27 G -187.714508 -0.764634 -84.110146 2.150000 0.000000 0.000000
6500 28 P -187.167725 1.355133 -79.039917 2.110000 -1.000000 0.000000
6500 29 S -190.379852 -0.829215 -79.786873 1.800000 0.000000 0.000000
6500 30 C -188.836777 -3.642410 -80.703926 2.150000 0.000000 0.000000
6500 31 P -192.044250 -1.919749 -76.563301 2.110000 -1.000000 0.000000
6500 32 S -193.756927 -5.114096 -77.892807 1.800000 0.000000 0.000000
6500 33 C -190.664978 -6.879149 -77.835373 2.150000 0.000000 0.000000
6500 34 P -195.026123 -6.459630 -74.473763 2.110000 -1.000000 0.000000
6500 35 S -194.862076 -10.228688 -75.598122 1.800000 0.000000 0.000000
6500 36 U -191.424011 -10.507862 -75.341469 2.150000 0.000000 0.000000
6500 37 P -195.382278 -12.914488 -72.888313 2.110000 -1.000000 0.000000
7000 1 P -178.342880 -13.743724 -72.352829 2.110000 -1.000000 1.000000
7000 2 S -181.018921 -16.444498 -73.368202 1.800000 0.000000 0.000000
7000 3 G -183.899811 -14.854324 -73.453934 2.150000 0.000000 0.000000
7000 4 P -180.296127 -16.209679 -77.184814 2.110000 -1.000000 0.000000
7000 5 S -183.884155 -16.995918 -78.490753 1.800000 0.000000 0.000000
7000 6 G -185.836380 -14.361519 -77.715843 2.150000 0.000000 0.000000
7000 7 P -183.386230 -16.492680 -82.381760 2.110000 -1.000000 0.000000
7000 8 S -186.623795 -15.120830 -84.162460 1.800000 0.000000 0.000000
7000 9 G -186.749496 -12.254580 -82.170303 2.150000 0.000000 0.000000
7000 10 P -184.884644 -14.027125 -87.467354 2.110000 -1.000000 0.000000
7000 11 S -187.794373 -11.934404 -88.988441 1.800000 0.000000 0.000000
7000 12 C -187.344833 -9.304397 -86.685181 2.150000 0.000000 0.000000
7000 13 P -184.845856 -10.725572 -91.183624 2.110000 -1.000000 0.000000
7000 14 S -186.615204 -7.612276 -92.862442 1.800000 0.000000 0.000000
7000 15 G -187.397873 -5.707374 -90.105392 2.150000 0.000000 0.000000
7000 16 P -184.092377 -5.402155 -94.703568 2.110000 -1.000000 0.000000
7000 17 S -185.134125 -1.415251 -94.125320 1.800000 0.000000 0.000000
7000 18 C -185.156006 -2.087396 -90.736366 2.150000 0.000000 0.000000
7000 19 P -181.279480 -0.571730 -93.632011 2.110000 -1.000000 0.000000
7000 20 S -183.556061 2.392891 -92.729149 1.800000 0.000000 0.000000
7000 21 A -185.329926 1.501724 -90.089386 2.150000 0.000000 0.000000
7000 22 P -181.021057 3.546560 -89.753372 2.110000 -1.000000 0.000000
7000 23 S -183.351120 2.331899 -87.042152 1.800000 0.000000 0.000000
7000 24 A -183.249329 -0.966191 -86.767860 2.150000 0.000000 0.000000
7000 25 P -183.132629 3.505279 -83.455597 2.110000 -1.000000 0.000000
7000 26 S -186.753540 2.290439 -82.966171 1.800000 0.000000 0.000000
7000 27 G -187.501053 -0.742241 -84.199196 2.150000 0.000000 0.000000
7000 28 P -187.064011 1.389915 -79.318047 2.110000 -1.000000 0.000000
7000 29 S -190.319901 -0.868899 -79.676666 1.800000 0.000000 0.000000
7000 30 C -188.776825 -3.682094 -80.593719 2.150000 0.000000 0.000000
7000 31 P -191.910309 -1.882571 -76.637436 2.110000 -1.000000 0.000000
7000 32 S -193.641876 -5.086466 -77.937096 1.800000 0.000000 0.000000
7000 33 C -190.649048 -6.872442 -78.001762 2.150000 0.000000 0.000000
7000 34 P -194.955841 -6.561716 -74.585587 2.110000 -1.000000 0.000000
7000 35 S -194.811935 -10.170634 -75.861748 1.800000 0.000000 0.000000
7000 36 U -191.503342 -11.076365 -76.266609 2.150000 0.000000 0.000000
7000 37 P -195.268005 -11.525339 -72.240547 2.110000 -1.000000 0.000000
7500 1 P -178.402298 -13.354139 -71.666275 2.110000 -1.000000 1.000000
7500 2 S -180.724625 -16.007858 -73.360527 1.800000 0.000000 0.000000
7500 3 G -183.866745 -14.537781 -73.041809 2.150000 0.000000 0.000000
7500 4 P -180.207550 -16.034637 -77.220497 2.110000 -1.000000 0.000000
7500 5 S -183.809280 -16.864088 -78.438026 1.800000 0.000000 0.000000
7500 6 G -185.661163 -14.268059 -77.536232 2.150000 0.000000 0.000000
7500 7 P -183.304825 -16.454081 -82.305550 2.110000 -1.000000 0.000000
7500 8 S -186.541992 -15.078955 -84.081253 1.800000 0.000000 0.000000
7500 9 G -186.945450 -12.267966 -82.301987 2.150000 0.000000 0.000000
7500 10 P -184.941772 -14.059182 -87.299026 2.110000 -1.000000 0.000000
7500 11 S -187.891556 -12.000101 -88.758781 1.800000 0.000000 0.000000
7500 12 C -187.011185 -9.440934 -86.128571 2.150000 0.000000 0.000000
7500 13 P -184.967758 -10.776752 -90.959610 2.110000 -1.000000 0.000000
7500 14 S -186.253967 -7.539627 -92.321800 1.800000 0.000000 0.000000
7500 15 G -187.214371 -7.161183 -95.838631 2.150000 0.000000 0.000000
7500 16 P -182.748306 -6.157248 -93.766190 2.110000 -1.000000 0.000000
7500 17 S -184.004608 -2.426843 -93.499123 1.800000 0.000000 0.000000
7500 18 C -185.031738 -1.892695 -90.135818 2.150000 0.000000 0.000000
7500 19 P -180.171280 -1.514408 -93.008255 2.110000 -1.000000 0.000000
7500 20 S -182.452103 1.420267 -92.083786 1.800000 0.000000 0.000000
7500 21 A -181.882507 4.131585 -94.266182 2.150000 0.000000 0.000000
7500 22 P -179.910858 2.528791 -89.647240 2.110000 -1.000000 0.000000
7500 23 S -183.239166 2.221630 -87.630859 1.800000 0.000000 0.000000
7500 24 A -183.093292 -1.282219 -87.038330 2.150000 0.000000 0.000000
7500 25 P -182.887451 3.678522 -83.940300 2.110000 -1.000000 0.000000
7500 26 S -186.745041 2.295552 -83.027573 1.800000 0.000000 0.000000
7500 27 G -187.492554 -0.737129 -84.260597 2.150000 0.000000 0.000000
7500 28 P -186.913864 1.399025 -79.267761 2.110000 -1.000000 0.000000
7500 29 S -190.247177 -0.795847 -79.911728 1.800000 0.000000 0.000000
7500 30 C -188.397980 -3.676605 -80.209084 2.150000 0.000000 0.000000
7500 31 P -191.790695 -1.854941 -76.539261 2.110000 -1.000000 0.000000
7500 32 S -193.749344 -5.127459 -77.636032 1.800000 0.000000 0.000000
7500 33 C -190.756516 -6.913435 -77.700699 2.150000 0.000000 0.000000
7500 34 P -195.120071 -6.676731 -74.335854 2.110000 -1.000000 0.000000
7500 35 S -194.906113 -10.298075 -75.582764 1.800000 0.000000 0.000000
7500 36 U -191.597519 -11.203806 -75.987625 2.150000 0.000000 0.000000
7500 37 P -195.301666 -12.150375 -72.114990 2.110000 -1.000000 0.000000
8000 1 P -178.494995 -13.214723 -71.934357 2.110000 -1.000000 1.000000
8000 2 S -180.823456 -15.878018 -73.302170 1.800000 0.000000 0.000000
8000 3 G -183.776047 -14.388638 -73.060822 2.150000 0.000000 0.000000
8000 4 P -180.116852 -15.885496 -77.239510 2.110000 -1.000000 0.000000
8000 5 S -183.782211 -16.779022 -78.330956 1.800000 0.000000 0.000000
8000 6 G -185.727005 -14.245459 -77.354271 2.150000 0.000000 0.000000
8000 7 P -183.370667 -16.431482 -82.123589 2.110000 -1.000000 0.000000
8000 8 S -186.607880 -15.086935 -83.692825 1.800000 0.000000 0.000000
8000 9 G -186.975540 -12.242012 -82.044769 2.150000 0.000000 0.000000
8000 10 P -184.971863 -14.033228 -87.041809 2.110000 -1.000000 0.000000
8000 11 S -187.915604 -11.978951 -88.489906 1.800000 0.000000 0.000000
8000 12 C -187.082870 -9.449934 -86.006958 2.150000 0.000000 0.000000
8000 13 P -185.039444 -10.785751 -90.837997 2.110000 -1.000000 0.000000
8000 14 S -186.223907 -7.556371 -92.316841 1.800000 0.000000 0.000000
8000 15 G -186.382278 -5.727302 -89.520325 2.150000 0.000000 0.000000
8000 16 P -183.070160 -6.373137 -94.204483 2.110000 -1.000000 0.000000
8000 17 S -183.533463 -2.467726 -94.055710 1.800000 0.000000 0.000000
8000 18 C -183.199371 -1.664437 -97.427032 2.150000 0.000000 0.000000
8000 19 P -179.978119 -1.552211 -93.324120 2.110000 -1.000000 0.000000
8000 20 S -182.207733 1.383660 -92.291412 1.800000 0.000000 0.000000
8000 21 A -184.820419 0.192056 -90.234344 2.150000 0.000000 0.000000
8000 22 P -179.777435 2.465700 -89.537178 2.110000 -1.000000 0.000000
8000 23 S -182.808914 2.358933 -86.950409 1.800000 0.000000 0.000000
8000 24 A -183.064972 -1.227822 -86.913803 2.150000 0.000000 0.000000
8000 25 P -183.284943 3.636123 -83.211945 2.110000 -1.000000 0.000000
8000 26 S -186.965439 2.269026 -82.650108 1.800000 0.000000 0.000000
8000 27 G -187.712952 -0.763654 -83.883133 2.150000 0.000000 0.000000
8000 28 P -187.084061 1.382474 -78.827652 2.110000 -1.000000 0.000000
8000 29 S -190.232071 -0.777799 -79.687645 1.800000 0.000000 0.000000
8000 30 C -188.382874 -3.658558 -79.985001 2.150000 0.000000 0.000000
8000 31 P -191.770828 -1.842731 -76.237778 2.110000 -1.000000 0.000000
8000 32 S -193.749878 -5.076290 -77.347687 1.800000 0.000000 0.000000
8000 33 C -190.804825 -6.911663 -77.682564 2.150000 0.000000 0.000000
8000 34 P -195.107574 -6.612361 -74.065170 2.110000 -1.000000 0.000000
8000 35 S -194.937622 -10.251096 -75.553047 1.800000 0.000000 0.000000
8000 36 U -191.617020 -10.924676 -75.597267 2.150000 0.000000 0.000000
8000 37 P -195.877960 -13.529396 -73.379730 2.110000 -1.000000 0.000000
8500 1 P -178.132156 -12.654172 -72.995186 2.110000 -1.000000 1.000000
8500 2 S -180.660019 -15.645782 -73.629921 1.800000 0.000000 0.000000
8500 3 G -183.692520 -14.276822 -73.273743 2.150000 0.000000 0.000000
8500 4 P -180.033325 -15.773680 -77.452431 2.110000 -1.000000 0.000000
8500 5 S -183.717987 -16.763950 -78.452881 1.800000 0.000000 0.000000
8500 6 G -185.547333 -14.123392 -77.745651 2.150000 0.000000 0.000000
8500 7 P -183.328903 -16.424164 -82.194366 2.110000 -1.000000 0.000000
8500 8 S -186.606171 -15.075747 -83.750687 1.800000 0.000000 0.000000
8500 9 G -186.957489 -12.248651 -82.058815 2.150000 0.000000 0.000000
8500 10 P -184.953812 -14.039866 -87.055855 2.110000 -1.000000 0.000000
8500 11 S -187.886948 -11.979843 -88.468483 1.800000 0.000000 0.000000
8500 12 C -187.044098 -9.451387 -86.000221 2.150000 0.000000 0.000000
8500 13 P -185.000671 -10.787205 -90.831261 2.110000 -1.000000 0.000000
8500 14 S -186.179733 -7.490065 -92.291374 1.800000 0.000000 0.000000
8500 15 G -185.378830 -5.910180 -89.410217 2.150000 0.000000 0.000000
8500 16 P -182.846390 -6.664186 -93.965446 2.110000 -1.000000 0.000000
8500 17 S -183.797195 -2.867879 -93.447853 1.800000 0.000000 0.000000
8500 18 C -183.031403 -3.190489 -90.256561 2.150000 0.000000 0.000000
8500 19 P -180.172729 -1.816968 -93.198898 2.110000 -1.000000 0.000000
8500 20 S -182.415924 1.113508 -92.107361 1.800000 0.000000 0.000000
8500 21 A -185.152756 -0.074361 -90.129303 2.150000 0.000000 0.000000
8500 22 P -180.048828 2.132841 -89.318947 2.110000 -1.000000 0.000000
8500 23 S -183.256042 2.381953 -87.029884 1.800000 0.000000 0.000000
8500 24 A -181.434128 -0.429546 -86.111534 2.150000 0.000000 0.000000
8500 25 P -183.172256 3.634341 -83.333054 2.110000 -1.000000 0.000000
8500 26 S -186.922531 2.146998 -82.276604 1.800000 0.000000 0.000000
8500 27 G -187.670044 -0.885681 -83.509628 2.150000 0.000000 0.000000
8500 28 P -187.132996 1.317800 -78.633873 2.110000 -1.000000 0.000000
8500 29 S -190.248306 -0.810426 -79.607597 1.800000 0.000000 0.000000
8500 30 C -188.399109 -3.691186 -79.904953 2.150000 0.000000 0.000000
8500 31 P -191.788467 -1.875546 -76.154182 2.110000 -1.000000 0.000000
8500 32 S -193.789719 -5.126553 -77.254646 1.800000 0.000000 0.000000
8500 33 C -190.844666 -6.961926 -77.589523 2.150000 0.000000 0.000000
8500 34 P -195.138977 -6.671389 -74.071785 2.110000 -1.000000 0.000000
8500 35 S -195.111618 -10.452817 -75.190567 1.800000 0.000000 0.000000
8500 36 U -191.791016 -11.126397 -75.234787 2.150000 0.000000 0.000000
8500 37 P -196.161880 -11.883660 -71.904045 2.110000 -1.000000 0.000000
9000 1 P -178.679886 -13.247897 -71.244164 2.110000 -1.000000 1.000000
9000 2 S -180.673798 -15.981305 -73.479149 1.800000 0.000000 0.000000
9000 3 G -183.735046 -14.542750 -73.176292 2.150000 0.000000 0.000000
9000 4 P -179.984070 -15.833982 -77.327950 2.110000 -1.000000 0.000000
9000 5 S -183.612045 -16.869061 -78.508141 1.800000 0.000000 0.000000
9000 6 G -185.670258 -14.354685 -77.929405 2.150000 0.000000 0.000000
9000 7 P -183.185196 -16.409933 -82.390022 2.110000 -1.000000 0.000000
9000 8 S -186.631317 -15.180109 -83.693642 1.800000 0.000000 0.000000
9000 9 G -186.667221 -12.196430 -81.991264 2.150000 0.000000 0.000000
9000 10 P -184.920715 -14.061628 -87.037834 2.110000 -1.000000 0.000000
9000 11 S -187.859436 -11.989589 -88.474533 1.800000 0.000000 0.000000
9000 12 C -187.039108 -9.449822 -85.986946 2.150000 0.000000 0.000000
9000 13 P -184.995682 -10.785640 -90.817986 2.110000 -1.000000 0.000000
9000 14 S -185.857285 -7.569627 -92.763344 1.800000 0.000000 0.000000
9000 15 G -185.673721 -5.461663 -89.894089 2.150000 0.000000 0.000000
9000 16 P -182.232422 -6.528229 -93.942711 2.110000 -1.000000 0.000000
9000 17 S -182.413467 -2.765967 -93.356491 1.800000 0.000000 0.000000
9000 18 C -181.889267 -2.229769 -96.613937 2.150000 0.000000 0.000000
9000 19 P -178.800156 -1.737743 -92.633186 2.110000 -1.000000 0.000000
9000 20 S -181.024612 1.192221 -91.541130 1.800000 0.000000 0.000000
9000 21 A -183.479263 -0.243421 -89.661087 2.150000 0.000000 0.000000
9000 22 P -179.079681 2.313406 -88.482559 2.110000 -1.000000 0.000000
9000 23 S -182.573914 2.353626 -86.751114 1.800000 0.000000 0.000000
9000 24 A -183.728745 -0.664266 -85.314468 2.150000 0.000000 0.000000
9000 25 P -183.099411 3.661905 -83.149071 2.110000 -1.000000 0.000000
9000 26 S -186.771347 2.263848 -82.652206 1.800000 0.000000 0.000000
9000 27 G -187.518860 -0.768832 -83.885231 2.150000 0.000000 0.000000
9000 28 P -187.107117 1.376018 -79.004539 2.110000 -1.000000 0.000000
9000 29 S -190.087143 -0.774195 -79.780998 1.800000 0.000000 0.000000
9000 30 C -188.237946 -3.654954 -80.078354 2.150000 0.000000 0.000000
9000 31 P -191.659317 -1.891024 -76.411980 2.110000 -1.000000 0.000000
9000 32 S -193.669220 -5.170369 -77.522591 1.800000 0.000000 0.000000
9000 33 C -190.724167 -7.005742 -77.857468 2.150000 0.000000 0.000000
9000 34 P -195.090836 -6.787635 -74.338791 2.110000 -1.000000 0.000000
9000 35 S -194.984848 -10.598545 -75.649788 1.800000 0.000000 0.000000
9000 36 U -191.664246 -11.272125 -75.694008 2.150000 0.000000 0.000000
9000 37 P -195.686111 -12.687183 -72.547531 2.110000 -1.000000 0.000000
9500 1 P -178.330124 -13.643061 -72.225121 2.110000 -1.000000 1.000000
9500 2 S -180.821411 -16.296986 -73.598877 1.800000 0.000000 0.000000
9500 3 G -183.804474 -14.615832 -73.251671 2.150000 0.000000 0.000000
9500 4 P -180.053497 -15.907063 -77.403328 2.110000 -1.000000 0.000000
9500 5 S -183.760208 -16.971834 -78.471977 1.800000 0.000000 0.000000
9500 6 G -185.786072 -14.429079 -77.888138 2.150000 0.000000 0.000000
9500 7 P -183.301010 -16.484329 -82.348755 2.110000 -1.000000 0.000000
9500 8 S -186.717117 -15.228503 -83.648628 1.800000 0.000000 0.000000
9500 9 G -186.751648 -12.245225 -81.927200 2.150000 0.000000 0.000000
9500 10 P -185.005142 -14.110423 -86.973770 2.110000 -1.000000 0.000000
9500 11 S -187.901764 -12.006964 -88.499359 1.800000 0.000000 0.000000
9500 12 C -186.917297 -9.486731 -85.966591 2.150000 0.000000 0.000000
9500 13 P -185.020874 -10.790097 -90.806328 2.110000 -1.000000 0.000000
9500 14 S -186.450455 -7.577718 -92.643066 1.800000 0.000000 0.000000
9500 15 G -186.641678 -5.557076 -89.846588 2.150000 0.000000 0.000000
9500 16 P -183.162979 -6.122249 -94.448456 2.110000 -1.000000 0.000000
9500 17 S -183.249039 -2.289115 -94.056854 1.800000 0.000000 0.000000
9500 18 C -181.600754 -1.797587 -97.151474 2.150000 0.000000 0.000000
9500 19 P -179.325333 -1.583874 -92.719048 2.110000 -1.000000 0.000000
9500 20 S -181.587204 1.322538 -91.569336 1.800000 0.000000 0.000000
9500 21 A -183.708313 -0.733047 -89.808479 2.150000 0.000000 0.000000
9500 22 P -179.096680 2.474591 -88.726891 2.110000 -1.000000 0.000000
9500 23 S -182.203766 2.112242 -86.399101 1.800000 0.000000 0.000000
9500 24 A -183.237869 -1.188840 -85.782227 2.150000 0.000000 0.000000
9500 25 P -182.635193 3.333963 -82.615990 2.110000 -1.000000 0.000000
9500 26 S -186.454590 2.228276 -82.667526 1.800000 0.000000 0.000000
9500 27 G -187.202103 -0.804404 -83.900551 2.150000 0.000000 0.000000
9500 28 P -186.975922 1.368874 -79.021072 2.110000 -1.000000 0.000000
9500 29 S -190.100342 -0.762425 -79.872704 1.800000 0.000000 0.000000
9500 30 C -188.251144 -3.643185 -80.170059 2.150000 0.000000 0.000000
9500 31 P -191.675781 -1.922601 -76.551582 2.110000 -1.000000 0.000000
9500 32 S -193.671127 -5.159580 -77.727303 1.800000 0.000000 0.000000
9500 33 C -190.726776 -6.999183 -77.818642 2.150000 0.000000 0.000000
9500 34 P -195.126221 -6.768184 -74.464478 2.110000 -1.000000 0.000000
9500 35 S -195.022781 -10.580840 -75.546875 1.800000 0.000000 0.000000
9500 36 U -191.554001 -10.994417 -75.832695 2.150000 0.000000 0.000000
9500 37 P -195.764526 -13.633456 -72.768654 2.110000 -1.000000 0.000000
10000 1 P -178.807159 -14.057390 -71.122078 2.110000 -1.000000 1.000000
10000 2 S -181.011948 -16.451084 -73.349289 1.800000 0.000000 0.000000
10000 3 G -183.855179 -14.659041 -72.903397 2.150000 0.000000 0.000000
10000 4 P -180.104202 -15.950271 -77.055054 2.110000 -1.000000 0.000000
10000 5 S -183.790268 -16.924723 -78.016487 1.800000 0.000000 0.000000
10000 6 G -185.841019 -14.424654 -77.357353 2.150000 0.000000 0.000000
10000 7 P -183.355957 -16.479906 -81.817970 2.110000 -1.000000 0.000000
10000 8 S -186.766617 -15.226574 -83.245842 1.800000 0.000000 0.000000
10000 9 G -186.718491 -12.266214 -81.643150 2.150000 0.000000 0.000000
10000 10 P -185.090668 -14.101641 -86.583389 2.110000 -1.000000 0.000000
10000 11 S -187.956375 -11.985837 -88.084763 1.800000 0.000000 0.000000
10000 12 C -186.966537 -9.464972 -85.558876 2.150000 0.000000 0.000000
10000 13 P -185.070114 -10.768338 -90.398613 2.110000 -1.000000 0.000000
10000 14 S -186.803146 -7.445314 -92.047592 1.800000 0.000000 0.000000
10000 15 G -186.276291 -7.152360 -88.852783 2.150000 0.000000 0.000000
10000 16 P -183.382416 -6.953941 -94.138901 2.110000 -1.000000 0.000000
10000 17 S -182.883392 -3.105854 -93.804382 1.800000 0.000000 0.000000
10000 18 C -183.820038 -1.851877 -97.157333 2.150000 0.000000 0.000000
10000 19 P -178.977554 -2.274857 -93.174530 2.110000 -1.000000 0.000000
10000 20 S -181.239426 0.631557 -92.024818 1.800000 0.000000 0.000000
10000 21 A -180.141006 2.824371 -94.417328 2.150000 0.000000 0.000000
10000 22 P -178.349213 1.602578 -89.665535 2.110000 -1.000000 0.000000
10000 23 S -181.598343 2.156761 -87.412300 1.800000 0.000000 0.000000
10000 24 A -181.052887 5.587809 -87.844223 2.150000 0.000000 0.000000
10000 25 P -182.709625 3.441567 -83.718330 2.110000 -1.000000 0.000000
10000 26 S -186.322205 2.224345 -83.004288 1.800000 0.000000 0.000000
10000 27 G -187.069717 -0.808335 -84.237312 2.150000 0.000000 0.000000
10000 28 P -186.710251 1.306136 -79.182739 2.110000 -1.000000 0.000000
10000 29 S -189.972351 -0.734990 -79.973480 1.800000 0.000000 0.000000
10000 30 C -188.123154 -3.615751 -80.270836 2.150000 0.000000 0.000000
10000 31 P -191.572189 -1.836868 -76.502251 2.110000 -1.000000 0.000000
10000 32 S -193.517624 -5.029990 -77.898384 1.800000 0.000000 0.000000
10000 33 C -190.573273 -6.869593 -77.989723 2.150000 0.000000 0.000000
10000 34 P -194.888123 -6.439878 -74.583580 2.110000 -1.000000 0.000000
10000 35 S -194.853577 -10.253538 -75.571640 1.800000 0.000000 0.000000
10000 36 U -191.398682 -10.624344 -75.728371 2.150000 0.000000 0.000000
10000 37 P -195.204559 -11.163744 -71.831863 2.110000 -1.000000 0.000000
