500 1 P -178.836533 -14.836409 -72.135658 2.110000 -1.000000 1.000000
500 2 S -181.608505 -17.077782 -73.527870 1.800000 0.000000 0.000000
500 3 G -183.704788 -14.136383 -73.196594 2.150000 0.000000 0.000000
500 4 P -180.439850 -16.528690 -77.247490 2.110000 -1.000000 0.000000
500 5 S -184.062912 -16.848986 -78.956818 1.800000 0.000000 0.000000
500 6 G -184.825195 -13.346623 -79.142982 2.150000 0.000000 0.000000
500 7 P -183.281601 -16.257105 -82.536728 2.110000 -1.000000 0.000000
500 8 S -186.293884 -14.875915 -84.453514 1.800000 0.000000 0.000000
500 9 G -186.570480 -11.604722 -83.399025 2.150000 0.000000 0.000000
500 10 P -184.728409 -13.546777 -88.114006 2.110000 -1.000000 0.000000
500 11 S -187.687958 -11.595121 -89.446724 1.800000 0.000000 0.000000
500 12 C -187.430618 -9.028005 -87.366234 2.150000 0.000000 0.000000
500 13 P -184.747055 -10.523129 -91.457382 2.110000 -1.000000 0.000000
500 14 S -185.796280 -7.536137 -93.647064 1.800000 0.000000 0.000000
500 15 G -186.369568 -5.240611 -91.446068 2.150000 0.000000 0.000000
500 16 P -182.021957 -6.630886 -93.793739 2.110000 -1.000000 0.000000
500 17 S -182.157303 -2.639943 -93.257523 1.800000 0.000000 0.000000
500 18 C -180.597412 -2.615376 -96.546898 2.150000 0.000000 0.000000
500 19 P -178.675919 -1.893014 -91.681015 2.110000 -1.000000 0.000000
500 20 S -180.975098 1.065302 -90.678734 1.800000 0.000000 0.000000
500 21 A -182.680527 -1.502160 -88.996216 2.150000 0.000000 0.000000
500 22 P -179.081284 2.503932 -87.460434 2.110000 -1.000000 0.000000
500 23 S -182.853882 2.477171 -85.916206 1.800000 0.000000 0.000000
500 24 A -183.994583 -0.451032 -84.740768 2.150000 0.000000 0.000000
500 25 P -183.174698 3.253399 -82.167801 2.110000 -1.000000 0.000000
500 26 S -186.691818 1.844894 -81.817780 1.800000 0.000000 0.000000
500 27 G -188.316925 -0.979905 -83.574722 2.150000 0.000000 0.000000
500 28 P -187.337280 1.215169 -78.087845 2.110000 -1.000000 0.000000
500 29 S -190.445465 -0.810064 -79.009338 1.800000 0.000000 0.000000
500 30 C -189.168289 -4.060153 -79.540009 2.150000 0.000000 0.000000
500 31 P -192.350952 -2.241724 -75.579575 2.110000 -1.000000 0.000000
500 32 S -193.712601 -5.357644 -77.111366 1.800000 0.000000 0.000000
500 33 C -191.188492 -7.280788 -77.315208 2.150000 0.000000 0.000000
500 34 P -195.204956 -6.832426 -73.975189 2.110000 -1.000000 0.000000
500 35 S -195.125351 -10.525572 -75.251793 1.800000 0.000000 0.000000
500 36 U -191.998276 -10.917898 -73.939331 2.150000 0.000000 0.000000
500 37 P -196.207840 -12.200686 -71.903938 2.110000 -1.000000 0.000000
1000 1 P -178.978149 -15.393001 -71.208099 2.110000 -1.000000 1.000000
1000 2 S -181.524979 -17.133190 -73.698723 1.800000 0.000000 0.000000
1000 3 G -183.731903 -14.381634 -73.678047 2.150000 0.000000 0.000000
1000 4 P -180.441055 -16.677557 -77.492722 2.110000 -1.000000 0.000000
1000 5 S -184.055206 -17.000853 -79.066689 1.800000 0.000000 0.000000
1000 6 G -184.749649 -13.637459 -78.093750 2.150000 0.000000 0.000000
1000 7 P -183.309402 -16.331011 -82.742134 2.110000 -1.000000 0.000000
1000 8 S -186.309036 -14.923012 -84.535179 1.800000 0.000000 0.000000
1000 9 G -186.582672 -11.684212 -83.301895 2.150000 0.000000 0.000000
1000 10 P -184.740601 -13.626266 -88.016876 2.110000 -1.000000 0.000000
1000 11 S -187.696899 -11.586811 -89.434647 1.800000 0.000000 0.000000
1000 12 C -187.424255 -9.038802 -87.331993 2.150000 0.000000 0.000000
1000 13 P -184.740692 -10.533927 -91.423141 2.110000 -1.000000 0.000000
1000 14 S -186.503967 -7.513806 -93.032700 1.800000 0.000000 0.000000
1000 15 G -187.594986 -5.518862 -90.478012 2.150000 0.000000 0.000000
1000 16 P -182.806610 -7.037380 -93.382187 2.110000 -1.000000 0.000000
1000 17 S -183.772079 -3.213903 -92.963593 1.800000 0.000000 0.000000
1000 18 C -184.534042 -3.004757 -89.640335 2.150000 0.000000 0.000000
1000 19 P -180.110733 -2.072655 -92.098335 2.110000 -1.000000 0.000000
1000 20 S -182.527939 0.753533 -90.852570 1.800000 0.000000 0.000000
1000 21 A -181.408051 3.198912 -93.182281 2.150000 0.000000 0.000000
1000 22 P -179.967499 2.057773 -87.944717 2.110000 -1.000000 0.000000
1000 23 S -183.609543 2.467117 -86.283607 1.800000 0.000000 0.000000
1000 24 A -184.857697 -1.069753 -86.255424 2.150000 0.000000 0.000000
1000 25 P -183.739624 3.393171 -82.402199 2.110000 -1.000000 0.000000
1000 26 S -187.352417 1.689362 -81.591103 1.800000 0.000000 0.000000
1000 27 G -188.744278 -1.456683 -82.790802 2.150000 0.000000 0.000000
1000 28 P -187.368164 1.023602 -77.847595 2.110000 -1.000000 0.000000
1000 29 S -190.571014 -1.058371 -78.664360 1.800000 0.000000 0.000000
1000 30 C -189.293839 -4.308459 -79.195030 2.150000 0.000000 0.000000
1000 31 P -192.294708 -2.321674 -75.154694 2.110000 -1.000000 0.000000
1000 32 S -193.658173 -5.540221 -76.677818 1.800000 0.000000 0.000000
1000 33 C -191.188309 -7.542000 -76.687172 2.150000 0.000000 0.000000
1000 34 P -195.434814 -6.998942 -73.628403 2.110000 -1.000000 0.000000
1000 35 S -195.166702 -10.812788 -74.750999 1.800000 0.000000 0.000000
1000 36 U -191.967834 -10.891761 -73.603134 2.150000 0.000000 0.000000
1000 37 P -195.778824 -12.150679 -71.159775 2.110000 -1.000000 0.000000
1500 1 P -178.712677 -14.892840 -71.493713 2.110000 -1.000000 1.000000
1500 2 S -181.353500 -16.955038 -73.418961 1.800000 0.000000 0.000000
1500 3 G -183.585281 -14.107578 -73.352661 2.150000 0.000000 0.000000
1500 4 P -180.294434 -16.403502 -77.167336 2.110000 -1.000000 0.000000
1500 5 S -183.933640 -16.983788 -78.870674 1.800000 0.000000 0.000000
1500 6 G -184.774216 -13.708389 -77.966896 2.150000 0.000000 0.000000
1500 7 P -183.333969 -16.401941 -82.615280 2.110000 -1.000000 0.000000
1500 8 S -186.298523 -14.948226 -84.508850 1.800000 0.000000 0.000000
1500 9 G -186.548187 -11.712254 -83.293373 2.150000 0.000000 0.000000
1500 10 P -184.706116 -13.654308 -88.008354 2.110000 -1.000000 0.000000
1500 11 S -187.679596 -11.648481 -89.407753 1.800000 0.000000 0.000000
1500 12 C -187.360535 -9.064254 -87.274704 2.150000 0.000000 0.000000
1500 13 P -184.676971 -10.559379 -91.365852 2.110000 -1.000000 0.000000
1500 14 S -186.305496 -7.482790 -92.991760 1.800000 0.000000 0.000000
1500 15 G -187.759888 -5.552575 -90.777115 2.150000 0.000000 0.000000
1500 16 P -182.620758 -6.020487 -93.231613 2.110000 -1.000000 0.000000
1500 17 S -182.502777 -2.093684 -92.632545 1.800000 0.000000 0.000000
1500 18 C -184.588593 -1.650416 -89.716782 2.150000 0.000000 0.000000
1500 19 P -178.832855 -1.046496 -91.281441 2.110000 -1.000000 0.000000
1500 20 S -181.250931 1.778212 -90.028549 1.800000 0.000000 0.000000
1500 21 A -181.193787 3.770294 -92.822952 2.150000 0.000000 0.000000
1500 22 P -178.815689 3.032888 -87.123703 2.110000 -1.000000 0.000000
1500 23 S -182.471664 2.440264 -85.571510 1.800000 0.000000 0.000000
1500 24 A -181.815414 -0.877338 -84.807152 2.150000 0.000000 0.000000
1500 25 P -183.469727 3.094229 -81.598892 2.110000 -1.000000 0.000000
1500 26 S -187.212219 1.670949 -81.565422 1.800000 0.000000 0.000000
1500 27 G -188.604080 -1.475096 -82.765121 2.150000 0.000000 0.000000
1500 28 P -187.596512 1.000913 -77.745422 2.110000 -1.000000 0.000000
1500 29 S -190.726990 -1.419312 -78.151237 1.800000 0.000000 0.000000
1500 30 C -189.650696 -4.665943 -78.890213 2.150000 0.000000 0.000000
1500 31 P -192.483704 -2.677659 -74.681114 2.110000 -1.000000 0.000000
1500 32 S -193.745438 -5.650957 -76.727516 1.800000 0.000000 0.000000
1500 33 C -191.099670 -7.710007 -75.887047 2.150000 0.000000 0.000000
1500 34 P -195.568314 -7.142493 -73.603455 2.110000 -1.000000 0.000000
1500 35 S -195.286560 -11.193021 -74.263222 1.800000 0.000000 0.000000
1500 36 U -192.087692 -11.271994 -73.115356 2.150000 0.000000 0.000000
1500 37 P -196.607391 -12.797900 -70.885307 2.110000 -1.000000 0.000000
2000 1 P -178.412628 -14.159002 -71.767410 2.110000 -1.000000 1.000000
2000 2 S -181.137436 -16.515282 -73.402451 1.800000 0.000000 0.000000
2000 3 G -183.600250 -14.164160 -73.415886 2.150000 0.000000 0.000000
2000 4 P -180.309402 -16.460083 -77.230560 2.110000 -1.000000 0.000000
2000 5 S -183.963699 -17.073977 -78.887451 1.800000 0.000000 0.000000
2000 6 G -184.749786 -13.733785 -78.016449 2.150000 0.000000 0.000000
2000 7 P -183.309540 -16.427338 -82.664833 2.110000 -1.000000 0.000000
2000 8 S -186.287399 -14.955029 -84.569939 1.800000 0.000000 0.000000
2000 9 G -186.538071 -11.730624 -83.368027 2.150000 0.000000 0.000000
2000 10 P -184.695999 -13.672679 -88.083008 2.110000 -1.000000 0.000000
2000 11 S -187.677170 -11.644015 -89.498711 1.800000 0.000000 0.000000
2000 12 C -187.372589 -9.082108 -87.329430 2.150000 0.000000 0.000000
2000 13 P -184.689026 -10.577232 -91.420578 2.110000 -1.000000 0.000000
2000 14 S -186.084930 -7.404263 -93.240852 1.800000 0.000000 0.000000
2000 15 G -187.121765 -5.129672 -90.894905 2.150000 0.000000 0.000000
2000 16 P -182.959106 -5.548399 -94.187180 2.110000 -1.000000 0.000000
2000 17 S -183.383881 -1.752969 -93.242188 1.800000 0.000000 0.000000
2000 18 C -183.603699 -3.465374 -90.309830 2.150000 0.000000 0.000000
2000 19 P -179.692932 -0.936337 -91.859177 2.110000 -1.000000 0.000000
2000 20 S -182.099258 1.864061 -90.557816 1.800000 0.000000 0.000000
2000 21 A -185.241058 0.893900 -89.318611 2.150000 0.000000 0.000000
2000 22 P -179.910721 3.042774 -87.561867 2.110000 -1.000000 0.000000
2000 23 S -183.022629 2.041349 -85.236877 1.800000 0.000000 0.000000
2000 24 A -182.050110 -1.242587 -85.793182 2.150000 0.000000 0.000000
2000 25 P -183.318558 2.772262 -81.453499 2.110000 -1.000000 0.000000
2000 26 S -187.067490 1.594147 -81.445450 1.800000 0.000000 0.000000
2000 27 G -188.557907 -1.442991 -82.824890 2.150000 0.000000 0.000000
2000 28 P -187.640778 0.951358 -77.734100 2.110000 -1.000000 0.000000
2000 29 S -190.732178 -1.394826 -78.286865 1.800000 0.000000 0.000000
2000 30 C -189.655884 -4.641457 -79.025841 2.150000 0.000000 0.000000
2000 31 P -192.461380 -2.573649 -75.053268 2.110000 -1.000000 0.000000
2000 32 S -193.741562 -5.578982 -77.111771 1.800000 0.000000 0.000000
2000 33 C -191.095795 -7.638032 -76.271301 2.150000 0.000000 0.000000
2000 34 P -195.461411 -6.809351 -73.833267 2.110000 -1.000000 0.000000
2000 35 S -195.150543 -10.788527 -74.247383 1.800000 0.000000 0.000000
2000 36 U -191.951675 -10.867500 -73.099518 2.150000 0.000000 0.000000
2000 37 P -196.353714 -11.459023 -70.720009 2.110000 -1.000000 0.000000
2500 1 P -178.416260 -13.633281 -71.478569 2.110000 -1.000000 1.000000
2500 2 S -180.760452 -15.880960 -73.773918 1.800000 0.000000 0.000000
2500 3 G -183.493637 -14.024684 -73.818634 2.150000 0.000000 0.000000
2500 4 P -180.202789 -16.320601 -77.633308 2.110000 -1.000000 0.000000
2500 5 S -183.824234 -16.834534 -79.239487 1.800000 0.000000 0.000000
2500 6 G -184.646255 -13.453068 -78.422005 2.150000 0.000000 0.000000
2500 7 P -183.206009 -16.146618 -83.070389 2.110000 -1.000000 0.000000
2500 8 S -186.252686 -14.797846 -84.822418 1.800000 0.000000 0.000000
2500 9 G -186.542633 -11.737187 -83.475220 2.150000 0.000000 0.000000
2500 10 P -184.700562 -13.679242 -88.190201 2.110000 -1.000000 0.000000
2500 11 S -187.672821 -11.641513 -89.607613 1.800000 0.000000 0.000000
2500 12 C -187.361832 -9.095067 -87.380905 2.150000 0.000000 0.000000
2500 13 P -184.678268 -10.590192 -91.472054 2.110000 -1.000000 0.000000
2500 14 S -185.513474 -7.344533 -93.623734 1.800000 0.000000 0.000000
2500 15 G -185.850784 -6.640829 -90.396751 2.150000 0.000000 0.000000
2500 16 P -181.872269 -6.283703 -93.971786 2.110000 -1.000000 0.000000
2500 17 S -182.334732 -2.454212 -93.263657 1.800000 0.000000 0.000000
2500 18 C -183.400528 -2.328615 -89.948456 2.150000 0.000000 0.000000
2500 19 P -178.683472 -1.408587 -92.089241 2.110000 -1.000000 0.000000
2500 20 S -181.091141 1.393682 -90.787712 1.800000 0.000000 0.000000
2500 21 A -181.240509 3.684284 -93.474976 2.150000 0.000000 0.000000
2500 22 P -179.373016 2.535329 -87.419052 2.110000 -1.000000 0.000000
2500 23 S -183.047989 2.288892 -85.624039 1.800000 0.000000 0.000000
2500 24 A -184.298996 -0.843519 -84.784744 2.150000 0.000000 0.000000
2500 25 P -183.549835 2.969554 -81.748550 2.110000 -1.000000 0.000000
2500 26 S -187.174606 1.598470 -81.592888 1.800000 0.000000 0.000000
2500 27 G -188.665024 -1.438668 -82.972328 2.150000 0.000000 0.000000
2500 28 P -187.524094 0.961357 -77.788712 2.110000 -1.000000 0.000000
2500 29 S -190.790665 -1.448977 -78.300949 1.800000 0.000000 0.000000
2500 30 C -189.772583 -4.416138 -79.581436 2.150000 0.000000 0.000000
2500 31 P -192.511353 -2.536393 -75.029320 2.110000 -1.000000 0.000000
2500 32 S -193.810120 -5.635416 -77.059196 1.800000 0.000000 0.000000
2500 33 C -191.164352 -7.694466 -76.218727 2.150000 0.000000 0.000000
2500 34 P -195.473007 -6.983523 -73.946228 2.110000 -1.000000 0.000000
2500 35 S -195.151199 -10.999885 -74.584587 1.800000 0.000000 0.000000
2500 36 U -191.952332 -11.078857 -73.436722 2.150000 0.000000 0.000000
2500 37 P -196.461914 -12.576479 -71.368149 2.110000 -1.000000 0.000000
3000 1 P -178.360840 -13.600804 -72.228378 2.110000 -1.000000 1.000000
3000 2 S -181.026947 -16.348055 -73.205597 1.800000 0.000000 0.000000
3000 3 G -183.618622 -14.147949 -73.221809 2.150000 0.000000 0.000000
3000 4 P -180.327774 -16.443865 -77.036484 2.110000 -1.000000 0.000000
3000 5 S -183.887222 -16.899851 -78.541595 1.800000 0.000000 0.000000
3000 6 G -184.714233 -13.569975 -77.841286 2.150000 0.000000 0.000000
3000 7 P -183.273987 -16.263523 -82.489670 2.110000 -1.000000 0.000000
3000 8 S -186.341095 -14.945745 -84.396996 1.800000 0.000000 0.000000
3000 9 G -186.625092 -11.885816 -83.049843 2.150000 0.000000 0.000000
3000 10 P -184.783020 -13.827870 -87.764824 2.110000 -1.000000 0.000000
3000 11 S -187.731064 -11.773567 -89.237968 1.800000 0.000000 0.000000
3000 12 C -187.360992 -9.220587 -87.082306 2.150000 0.000000 0.000000
3000 13 P -184.679108 -10.652340 -91.250336 2.110000 -1.000000 0.000000
3000 14 S -186.087479 -7.668930 -93.290344 1.800000 0.000000 0.000000
3000 15 G -187.809631 -6.996916 -90.239616 2.150000 0.000000 0.000000
3000 16 P -182.875549 -5.807790 -93.950058 2.110000 -1.000000 0.000000
3000 17 S -183.577423 -1.819331 -93.201302 1.800000 0.000000 0.000000
3000 18 C -184.961853 -2.112020 -90.062477 2.150000 0.000000 0.000000
3000 19 P -180.046402 -0.633305 -92.410805 2.110000 -1.000000 0.000000
3000 20 S -182.456970 2.165509 -91.115959 1.800000 0.000000 0.000000
3000 21 A -185.475067 1.518189 -89.291756 2.150000 0.000000 0.000000
3000 22 P -180.218918 3.694677 -88.286423 2.110000 -1.000000 0.000000
3000 23 S -183.432373 2.692035 -86.203026 1.800000 0.000000 0.000000
3000 24 A -184.699432 5.957246 -86.075142 2.150000 0.000000 0.000000
3000 25 P -183.280777 3.247750 -82.308266 2.110000 -1.000000 0.000000
3000 26 S -186.897369 1.783262 -81.873093 1.800000 0.000000 0.000000
3000 27 G -188.237122 -1.168342 -83.309814 2.150000 0.000000 0.000000
3000 28 P -187.662704 1.118331 -78.167671 2.110000 -1.000000 0.000000
3000 29 S -190.724731 -1.213463 -78.619438 1.800000 0.000000 0.000000
3000 30 C -189.706650 -4.180624 -79.899925 2.150000 0.000000 0.000000
3000 31 P -192.411850 -2.290118 -75.269562 2.110000 -1.000000 0.000000
3000 32 S -193.746292 -5.502082 -76.946823 1.800000 0.000000 0.000000
3000 33 C -190.875565 -7.270586 -76.149200 2.150000 0.000000 0.000000
3000 34 P -195.527847 -6.976910 -73.726906 2.110000 -1.000000 0.000000
3000 35 S -195.160400 -10.852272 -74.541901 1.800000 0.000000 0.000000
3000 36 U -191.961533 -10.931245 -73.394035 2.150000 0.000000 0.000000
3000 37 P -196.645630 -12.030139 -71.012344 2.110000 -1.000000 0.000000
3500 1 P -178.401154 -13.371724 -72.503899 2.110000 -1.000000 1.000000
3500 2 S -180.975876 -16.146511 -73.561424 1.800000 0.000000 0.000000
3500 3 G -183.623566 -13.997363 -73.430321 2.150000 0.000000 0.000000
3500 4 P -180.320526 -16.276505 -77.375122 2.110000 -1.000000 0.000000
3500 5 S -183.849091 -16.756407 -78.946793 1.800000 0.000000 0.000000
3500 6 G -184.763519 -13.520363 -78.085701 2.150000 0.000000 0.000000
3500 7 P -183.323273 -16.213911 -82.734085 2.110000 -1.000000 0.000000
3500 8 S -186.457352 -15.002996 -84.373703 1.800000 0.000000 0.000000
3500 9 G -186.470261 -11.911469 -82.837196 2.150000 0.000000 0.000000
3500 10 P -184.767761 -13.846740 -87.651268 2.110000 -1.000000 0.000000
3500 11 S -187.715805 -11.792437 -89.124413 1.800000 0.000000 0.000000
3500 12 C -187.353821 -9.256290 -86.956314 2.150000 0.000000 0.000000
3500 13 P -184.671936 -10.688044 -91.124344 2.110000 -1.000000 0.000000
3500 14 S -186.111588 -7.747559 -93.265465 1.800000 0.000000 0.000000
3500 15 G -186.636536 -6.196170 -90.164986 2.150000 0.000000 0.000000
3500 16 P -182.694550 -6.336308 -94.050797 2.110000 -1.000000 0.000000
3500 17 S -183.189377 -2.494966 -93.310776 1.800000 0.000000 0.000000
3500 18 C -183.687592 -2.928933 -89.777344 2.150000 0.000000 0.000000
3500 19 P -179.550613 -1.309893 -92.453812 2.110000 -1.000000 0.000000
3500 20 S -181.961182 1.488920 -91.158966 1.800000 0.000000 0.000000
3500 21 A -181.435196 4.303650 -93.169670 2.150000 0.000000 0.000000
3500 22 P -179.597672 3.163130 -88.509476 2.110000 -1.000000 0.000000
3500 23 S -183.036118 2.655868 -86.466736 1.800000 0.000000 0.000000
3500 24 A -182.812668 -0.854222 -86.285057 2.150000 0.000000 0.000000
3500 25 P -183.272537 3.427410 -82.547157 2.110000 -1.000000 0.000000
3500 26 S -186.942780 2.016768 -82.381752 1.800000 0.000000 0.000000
3500 27 G -188.282532 -0.934835 -83.818474 2.150000 0.000000 0.000000
3500 28 P -187.494202 1.334319 -78.715523 2.110000 -1.000000 0.000000
3500 29 S -190.549316 -0.953255 -79.242561 1.800000 0.000000 0.000000
3500 30 C -189.926651 -4.177171 -80.095352 2.150000 0.000000 0.000000
3500 31 P -192.237701 -2.012277 -75.904343 2.110000 -1.000000 0.000000
3500 32 S -193.662201 -5.322922 -77.394119 1.800000 0.000000 0.000000
3500 33 C -190.791473 -7.091425 -76.596497 2.150000 0.000000 0.000000
3500 34 P -195.696594 -7.098126 -74.648384 2.110000 -1.000000 0.000000
3500 35 S -195.177673 -10.892525 -75.249138 1.800000 0.000000 0.000000
3500 36 U -191.978806 -10.971498 -74.101273 2.150000 0.000000 0.000000
3500 37 P -196.836884 -12.019681 -71.554253 2.110000 -1.000000 0.000000
4000 1 P -178.326843 -13.488319 -71.859245 2.110000 -1.000000 1.000000
4000 2 S -180.902771 -15.970597 -73.386154 1.800000 0.000000 0.000000
4000 3 G -183.621460 -14.073545 -73.203934 2.150000 0.000000 0.000000
4000 4 P -180.262909 -16.111946 -77.382332 2.110000 -1.000000 0.000000
4000 5 S -183.790695 -16.741251 -78.752335 1.800000 0.000000 0.000000
4000 6 G -184.734116 -13.555224 -77.943924 2.150000 0.000000 0.000000
4000 7 P -183.293869 -16.248775 -82.592308 2.110000 -1.000000 0.000000
4000 8 S -186.452225 -15.069756 -84.206306 1.800000 0.000000 0.000000
4000 9 G -186.486832 -11.960793 -82.701164 2.150000 0.000000 0.000000
4000 10 P -184.784332 -13.896064 -87.515236 2.110000 -1.000000 0.000000
4000 11 S -187.732269 -11.785118 -89.070038 1.800000 0.000000 0.000000
4000 12 C -187.345612 -9.181598 -87.024712 2.150000 0.000000 0.000000
4000 13 P -184.663727 -10.613351 -91.192741 2.110000 -1.000000 0.000000
4000 14 S -186.197449 -7.293873 -92.968246 1.800000 0.000000 0.000000
4000 15 G -186.256683 -5.883473 -89.840286 2.150000 0.000000 0.000000
4000 16 P -182.761948 -6.284434 -93.684959 2.110000 -1.000000 0.000000
4000 17 S -182.492111 -2.333533 -92.966728 1.800000 0.000000 0.000000
4000 18 C -184.240753 -1.280638 -89.972084 2.150000 0.000000 0.000000
4000 19 P -178.825500 -1.454737 -91.708542 2.110000 -1.000000 0.000000
4000 20 S -181.233185 1.342616 -90.427414 1.800000 0.000000 0.000000
4000 21 A -181.517090 4.073102 -92.880638 2.150000 0.000000 0.000000
4000 22 P -178.880997 2.531246 -87.842857 2.110000 -1.000000 0.000000
4000 23 S -182.246613 2.443707 -85.907547 1.800000 0.000000 0.000000
4000 24 A -182.765793 -0.725728 -85.127281 2.150000 0.000000 0.000000
4000 25 P -183.083252 3.112513 -81.999863 2.110000 -1.000000 0.000000
4000 26 S -186.763931 1.865138 -81.955444 1.800000 0.000000 0.000000
4000 27 G -188.103683 -1.086466 -83.392166 2.150000 0.000000 0.000000
4000 28 P -187.460815 1.140499 -78.205078 2.110000 -1.000000 0.000000
4000 29 S -190.481522 -0.999881 -79.080627 1.800000 0.000000 0.000000
4000 30 C -189.858856 -4.223796 -79.933418 2.150000 0.000000 0.000000
4000 31 P -192.300659 -2.108589 -75.768471 2.110000 -1.000000 0.000000
4000 32 S -193.734146 -5.435217 -77.293755 1.800000 0.000000 0.000000
4000 33 C -190.863419 -7.203721 -76.496132 2.150000 0.000000 0.000000
4000 34 P -195.725037 -7.159544 -74.523926 2.110000 -1.000000 0.000000
4000 35 S -195.166428 -10.883739 -75.352600 1.800000 0.000000 0.000000
4000 36 U -191.967560 -10.962711 -74.204735 2.150000 0.000000 0.000000
4000 37 P -196.997757 -10.915417 -71.921585 2.110000 -1.000000 0.000000
4500 1 P -178.314423 -13.544477 -72.168938 2.110000 -1.000000 1.000000
4500 2 S -180.920990 -16.192766 -73.490967 1.800000 0.000000 0.000000
4500 3 G -183.530487 -14.055208 -73.146492 2.150000 0.000000 0.000000
4500 4 P -180.171936 -16.093609 -77.324890 2.110000 -1.000000 0.000000
4500 5 S -183.627594 -16.723167 -78.961060 1.800000 0.000000 0.000000
4500 6 G -184.646027 -13.515757 -78.040245 2.150000 0.000000 0.000000
4500 7 P -183.205780 -16.209305 -82.688629 2.110000 -1.000000 0.000000
4500 8 S -186.379578 -14.940706 -84.462914 1.800000 0.000000 0.000000
4500 9 G -186.443146 -11.848118 -83.038788 2.150000 0.000000 0.000000
4500 10 P -184.740646 -13.783389 -87.852859 2.110000 -1.000000 0.000000
4500 11 S -187.598328 -11.598972 -89.399292 1.800000 0.000000 0.000000
4500 12 C -187.229965 -8.986478 -87.320023 2.150000 0.000000 0.000000
4500 13 P -184.548080 -10.418231 -91.488052 2.110000 -1.000000 0.000000
4500 14 S -186.351273 -7.430746 -93.195465 1.800000 0.000000 0.000000
4500 15 G -186.773102 -6.046211 -89.882866 2.150000 0.000000 0.000000
4500 16 P -183.149078 -5.524630 -93.809837 2.110000 -1.000000 0.000000
4500 17 S -182.768982 -1.606938 -92.842094 1.800000 0.000000 0.000000
4500 18 C -182.671219 -1.983233 -89.382515 2.150000 0.000000 0.000000
4500 19 P -179.087387 -0.874896 -91.608963 2.110000 -1.000000 0.000000
4500 20 S -181.492111 1.920908 -90.221497 1.800000 0.000000 0.000000
4500 21 A -180.469971 3.939553 -92.847992 2.150000 0.000000 0.000000
4500 22 P -178.840820 3.388870 -87.499191 2.110000 -1.000000 0.000000
4500 23 S -182.053085 2.260578 -85.392059 1.800000 0.000000 0.000000
4500 24 A -180.037491 -0.355510 -84.279999 2.150000 0.000000 0.000000
4500 25 P -182.891907 2.958203 -81.690376 2.110000 -1.000000 0.000000
4500 26 S -186.628708 1.924345 -81.915001 1.800000 0.000000 0.000000
4500 27 G -187.968460 -1.027259 -83.351723 2.150000 0.000000 0.000000
4500 28 P -187.443924 1.206194 -78.232323 2.110000 -1.000000 0.000000
4500 29 S -190.483582 -1.012249 -79.084091 1.800000 0.000000 0.000000
4500 30 C -189.541245 -4.179570 -79.744202 2.150000 0.000000 0.000000
4500 31 P -192.324661 -2.153335 -75.814964 2.110000 -1.000000 0.000000
4500 32 S -193.745850 -5.618677 -76.833221 1.800000 0.000000 0.000000
4500 33 C -190.875122 -7.387180 -76.035599 2.150000 0.000000 0.000000
4500 34 P -195.634232 -7.162550 -73.914925 2.110000 -1.000000 0.000000
4500 35 S -195.126389 -10.983253 -74.632484 1.800000 0.000000 0.000000
4500 36 U -191.927521 -11.062225 -73.484619 2.150000 0.000000 0.000000
4500 37 P -196.726227 -12.367344 -71.094673 2.110000 -1.000000 0.000000
5000 1 P -178.493607 -14.419403 -71.577293 2.110000 -1.000000 1.000000
5000 2 S -181.233749 -16.683514 -73.366402 1.800000 0.000000 0.000000
5000 3 G -183.598038 -14.192017 -72.909187 2.150000 0.000000 0.000000
5000 4 P -180.239487 -16.230423 -77.087585 2.110000 -1.000000 0.000000
5000 5 S -183.623016 -16.774498 -78.917946 1.800000 0.000000 0.000000
5000 6 G -184.632126 -13.584172 -78.080101 2.150000 0.000000 0.000000
5000 7 P -183.191879 -16.277725 -82.728485 2.110000 -1.000000 0.000000
5000 8 S -186.355011 -15.010963 -84.413376 1.800000 0.000000 0.000000
5000 9 G -186.369324 -11.718422 -83.354073 2.150000 0.000000 0.000000
5000 10 P -184.716293 -13.853153 -87.803162 2.110000 -1.000000 0.000000
5000 11 S -187.560806 -11.619437 -89.313087 1.800000 0.000000 0.000000
5000 12 C -187.200302 -9.010849 -87.235748 2.150000 0.000000 0.000000
5000 13 P -184.518417 -10.442602 -91.403778 2.110000 -1.000000 0.000000
5000 14 S -185.865509 -7.038718 -93.359718 1.800000 0.000000 0.000000
5000 15 G -186.407623 -5.406063 -90.140465 2.150000 0.000000 0.000000
5000 16 P -182.339615 -5.407478 -93.862152 2.110000 -1.000000 0.000000
5000 17 S -182.945557 -1.722707 -92.956520 1.800000 0.000000 0.000000
5000 18 C -183.097473 -3.142055 -89.426094 2.150000 0.000000 0.000000
5000 19 P -179.256561 -0.763919 -91.886856 2.110000 -1.000000 0.000000
5000 20 S -181.675034 2.066532 -90.523308 1.800000 0.000000 0.000000
5000 21 A -184.415115 0.762167 -88.486359 2.150000 0.000000 0.000000
5000 22 P -179.567841 2.960694 -87.184616 2.110000 -1.000000 0.000000
5000 23 S -183.142853 2.138679 -85.301842 1.800000 0.000000 0.000000
5000 24 A -182.972214 -1.233169 -85.342705 2.150000 0.000000 0.000000
5000 25 P -183.064011 3.099718 -81.631386 2.110000 -1.000000 0.000000
5000 26 S -186.673386 1.723285 -81.471649 1.800000 0.000000 0.000000
5000 27 G -188.013138 -1.228318 -82.908371 2.150000 0.000000 0.000000
5000 28 P -187.404602 1.018209 -77.831100 2.110000 -1.000000 0.000000
5000 29 S -190.507385 -1.152705 -78.845947 1.800000 0.000000 0.000000
5000 30 C -189.565048 -4.320027 -79.506058 2.150000 0.000000 0.000000
5000 31 P -192.405869 -2.341268 -75.716606 2.110000 -1.000000 0.000000
5000 32 S -193.843307 -5.734282 -76.968468 1.800000 0.000000 0.000000
5000 33 C -190.972580 -7.502785 -76.170845 2.150000 0.000000 0.000000
5000 34 P -195.702332 -7.188587 -73.754730 2.110000 -1.000000 0.000000
5000 35 S -195.182251 -11.025209 -74.374283 1.800000 0.000000 0.000000
5000 36 U -191.983383 -11.104182 -73.226418 2.150000 0.000000 0.000000
5000 37 P -195.547775 -12.459701 -70.700531 2.110000 -1.000000 0.000000
5500 1 P -178.356476 -13.879776 -72.685295 2.110000 -1.000000 1.000000
5500 2 S -181.056641 -16.444370 -73.553078 1.800000 0.000000 0.000000
5500 3 G -183.563721 -14.163156 -73.229477 2.150000 0.000000 0.000000
5500 4 P -180.205170 -16.201567 -77.407875 2.110000 -1.000000 0.000000
5500 5 S -183.666748 -16.810793 -78.953003 1.800000 0.000000 0.000000
5500 6 G -184.634720 -13.580976 -78.063416 2.150000 0.000000 0.000000
5500 7 P -183.194473 -16.274534 -82.711800 2.110000 -1.000000 0.000000
5500 8 S -186.386719 -15.017000 -84.456032 1.800000 0.000000 0.000000
5500 9 G -186.423706 -11.736720 -83.396599 2.150000 0.000000 0.000000
5500 10 P -184.770676 -13.871451 -87.845688 2.110000 -1.000000 0.000000
5500 11 S -187.615189 -11.637735 -89.355614 1.800000 0.000000 0.000000
5500 12 C -187.267456 -9.042256 -87.259033 2.150000 0.000000 0.000000
5500 13 P -184.585571 -10.474010 -91.427063 2.110000 -1.000000 0.000000
5500 14 S -185.928986 -7.474397 -93.284477 1.800000 0.000000 0.000000
5500 15 G -186.462387 -5.084766 -90.644218 2.150000 0.000000 0.000000
5500 16 P -182.753143 -5.476220 -93.797005 2.110000 -1.000000 0.000000
5500 17 S -183.590500 -1.615938 -92.831299 1.800000 0.000000 0.000000
5500 18 C -183.436859 0.640504 -95.361351 2.150000 0.000000 0.000000
5500 19 P -179.834442 -0.656415 -92.055679 2.110000 -1.000000 0.000000
5500 20 S -182.253052 2.174280 -90.691032 1.800000 0.000000 0.000000
5500 21 A -184.023239 -0.282280 -88.620071 2.150000 0.000000 0.000000
5500 22 P -180.231476 3.592241 -87.697678 2.110000 -1.000000 0.000000
5500 23 S -183.431656 2.386036 -85.770905 1.800000 0.000000 0.000000
5500 24 A -182.707260 -0.946870 -84.653244 2.150000 0.000000 0.000000
5500 25 P -183.207687 3.251732 -82.277557 2.110000 -1.000000 0.000000
5500 26 S -186.895493 1.905747 -81.985275 1.800000 0.000000 0.000000
5500 27 G -188.235245 -1.045857 -83.421997 2.150000 0.000000 0.000000
5500 28 P -187.509598 1.137140 -78.316818 2.110000 -1.000000 0.000000
5500 29 S -190.619888 -1.091640 -79.140625 1.800000 0.000000 0.000000
5500 30 C -189.249039 -4.162216 -79.626328 2.150000 0.000000 0.000000
5500 31 P -192.455643 -2.177590 -76.061348 2.110000 -1.000000 0.000000
5500 32 S -193.782593 -5.647075 -77.147629 1.800000 0.000000 0.000000
5500 33 C -190.911865 -7.415578 -76.350006 2.150000 0.000000 0.000000
5500 34 P -195.683395 -7.292318 -74.225204 2.110000 -1.000000 0.000000
5500 35 S -195.206573 -11.171429 -74.948029 1.800000 0.000000 0.000000
5500 36 U -192.007706 -11.250401 -73.800163 2.150000 0.000000 0.000000
5500 37 P -196.784729 -12.762438 -71.710365 2.110000 -1.000000 0.000000
6000 1 P -178.368637 -13.738521 -72.363197 2.110000 -1.000000 1.000000
6000 2 S -181.032944 -16.518982 -73.581215 1.800000 0.000000 0.000000
6000 3 G -183.462799 -14.139792 -73.429077 2.150000 0.000000 0.000000
6000 4 P -180.196884 -16.259319 -77.416817 2.110000 -1.000000 0.000000
6000 5 S -183.532654 -16.652912 -78.933388 1.800000 0.000000 0.000000
6000 6 G -184.507614 -13.418613 -77.964737 2.150000 0.000000 0.000000
6000 7 P -183.067368 -16.112175 -82.613121 2.110000 -1.000000 0.000000
6000 8 S -186.214401 -14.850648 -84.426041 1.800000 0.000000 0.000000
6000 9 G -186.329681 -11.652562 -83.324776 2.150000 0.000000 0.000000
6000 10 P -184.676651 -13.787293 -87.773865 2.110000 -1.000000 0.000000
6000 11 S -187.506531 -11.569448 -89.300720 1.800000 0.000000 0.000000
6000 12 C -187.183517 -9.001277 -87.266205 2.150000 0.000000 0.000000
6000 13 P -184.501633 -10.433030 -91.434235 2.110000 -1.000000 0.000000
6000 14 S -186.073120 -7.255762 -93.358582 1.800000 0.000000 0.000000
6000 15 G -187.152054 -4.925560 -91.003784 2.150000 0.000000 0.000000
6000 16 P -182.512909 -5.526898 -93.645454 2.110000 -1.000000 0.000000
6000 17 S -182.588165 -1.575981 -93.145569 1.800000 0.000000 0.000000
6000 18 C -181.782166 0.368076 -95.999474 2.150000 0.000000 0.000000
6000 19 P -178.833420 -0.503313 -92.485115 2.110000 -1.000000 0.000000
6000 20 S -181.223724 2.298600 -91.017830 1.800000 0.000000 0.000000
6000 21 A -183.341125 0.227576 -89.047813 2.150000 0.000000 0.000000
6000 22 P -179.274506 3.624480 -88.270088 2.110000 -1.000000 0.000000
6000 23 S -182.875305 2.661133 -86.515762 1.800000 0.000000 0.000000
6000 24 A -182.950974 -0.489376 -85.302246 2.150000 0.000000 0.000000
6000 25 P -183.410004 3.511827 -82.600883 2.110000 -1.000000 0.000000
6000 26 S -186.973221 1.945875 -81.965401 1.800000 0.000000 0.000000
6000 27 G -188.312973 -1.005729 -83.402122 2.150000 0.000000 0.000000
6000 28 P -187.542770 1.213947 -78.279556 2.110000 -1.000000 0.000000
6000 29 S -190.622116 -1.192831 -78.801270 1.800000 0.000000 0.000000
6000 30 C -189.733795 -4.376745 -79.379761 2.150000 0.000000 0.000000
6000 31 P -192.473465 -2.327464 -75.594666 2.110000 -1.000000 0.000000
6000 32 S -193.839874 -5.744113 -76.975601 1.800000 0.000000 0.000000
6000 33 C -190.969147 -7.512616 -76.177979 2.150000 0.000000 0.000000
6000 34 P -195.769882 -7.467037 -74.023613 2.110000 -1.000000 0.000000
6000 35 S -195.193863 -11.295113 -74.980537 1.800000 0.000000 0.000000
6000 36 U -191.927856 -11.194134 -73.772583 2.150000 0.000000 0.000000
6000 37 P -195.939835 -13.037223 -71.411896 2.110000 -1.000000 0.000000
6500 1 P -178.159286 -14.003753 -71.996002 2.110000 -1.000000 1.000000
6500 2 S -180.802567 -16.394207 -73.392433 1.800000 0.000000 0.000000
6500 3 G -183.310226 -13.964625 -73.237198 2.150000 0.000000 0.000000
6500 4 P -180.044312 -16.084146 -77.224937 2.110000 -1.000000 0.000000
6500 5 S -183.458817 -16.691462 -78.883553 1.800000 0.000000 0.000000
6500 6 G -184.692856 -13.749142 -77.544487 2.150000 0.000000 0.000000
6500 7 P -182.997864 -16.161551 -82.663277 2.110000 -1.000000 0.000000
6500 8 S -186.221100 -14.925757 -84.340630 1.800000 0.000000 0.000000
6500 9 G -186.134125 -11.987245 -82.502235 2.150000 0.000000 0.000000
6500 10 P -184.667847 -13.862010 -87.714218 2.110000 -1.000000 0.000000
6500 11 S -187.481995 -11.585671 -89.294228 1.800000 0.000000 0.000000
6500 12 C -187.177353 -8.998417 -87.269196 2.150000 0.000000 0.000000
6500 13 P -184.495468 -10.430170 -91.437225 2.110000 -1.000000 0.000000
6500 14 S -185.904999 -7.701691 -93.629753 1.800000 0.000000 0.000000
6500 15 G -186.774399 -5.629301 -91.034775 2.150000 0.000000 0.000000
6500 16 P -182.507385 -6.124648 -94.007179 2.110000 -1.000000 0.000000
6500 17 S -183.479736 -2.215952 -93.547394 1.800000 0.000000 0.000000
6500 18 C -184.849716 -2.410232 -90.463654 2.150000 0.000000 0.000000
6500 19 P -179.664368 -0.970883 -92.923637 2.110000 -1.000000 0.000000
6500 20 S -182.050446 1.802303 -91.407478 1.800000 0.000000 0.000000
6500 21 A -181.486450 3.763602 -94.202896 2.150000 0.000000 0.000000
6500 22 P -180.311966 3.458063 -88.085114 2.110000 -1.000000 0.000000
6500 23 S -183.759918 2.684421 -86.458687 1.800000 0.000000 0.000000
6500 24 A -184.424591 -0.716383 -86.100433 2.150000 0.000000 0.000000
6500 25 P -183.568054 3.557996 -82.586067 2.110000 -1.000000 0.000000
6500 26 S -186.933624 1.750934 -81.615356 1.800000 0.000000 0.000000
6500 27 G -188.273376 -1.200670 -83.052078 2.150000 0.000000 0.000000
6500 28 P -187.337646 0.981541 -77.812973 2.110000 -1.000000 0.000000
6500 29 S -190.629517 -1.235265 -78.785187 1.800000 0.000000 0.000000
6500 30 C -189.741196 -4.419180 -79.363678 2.150000 0.000000 0.000000
6500 31 P -192.410461 -2.303051 -75.626198 2.110000 -1.000000 0.000000
6500 32 S -193.782730 -5.717806 -76.951080 1.800000 0.000000 0.000000
6500 33 C -190.912003 -7.486309 -76.153458 2.150000 0.000000 0.000000
6500 34 P -195.616409 -7.326022 -73.905853 2.110000 -1.000000 0.000000
6500 35 S -195.043228 -11.188506 -74.531593 1.800000 0.000000 0.000000
6500 36 U -191.777222 -11.087527 -73.323639 2.150000 0.000000 0.000000
6500 37 P -196.625946 -12.747723 -70.987747 2.110000 -1.000000 0.000000
7000 1 P -178.114655 -13.335857 -72.634102 2.110000 -1.000000 1.000000
7000 2 S -180.705276 -16.193701 -73.343826 1.800000 0.000000 0.000000
7000 3 G -183.355698 -14.108211 -73.052109 2.150000 0.000000 0.000000
7000 4 P -180.089783 -16.227737 -77.039848 2.110000 -1.000000 0.000000
7000 5 S -183.539734 -16.863886 -78.685997 1.800000 0.000000 0.000000
7000 6 G -184.700897 -13.599507 -78.312019 2.150000 0.000000 0.000000
7000 7 P -183.060013 -16.244682 -82.579269 2.110000 -1.000000 0.000000
7000 8 S -186.253845 -14.958515 -84.267326 1.800000 0.000000 0.000000
7000 9 G -186.365158 -11.924277 -82.730530 2.150000 0.000000 0.000000
7000 10 P -184.662796 -13.872479 -87.638542 2.110000 -1.000000 0.000000
7000 11 S -187.511658 -11.609712 -89.195076 1.800000 0.000000 0.000000
7000 12 C -187.213394 -9.032230 -87.132271 2.150000 0.000000 0.000000
7000 13 P -184.531509 -10.463984 -91.300301 2.110000 -1.000000 0.000000
7000 14 S -185.651581 -7.482615 -93.463890 1.800000 0.000000 0.000000
7000 15 G -187.103470 -5.609146 -90.662247 2.150000 0.000000 0.000000
7000 16 P -182.152924 -5.820117 -93.764977 2.110000 -1.000000 0.000000
7000 17 S -183.347397 -2.033139 -93.148178 1.800000 0.000000 0.000000
7000 18 C -183.400772 -2.177980 -89.646828 2.150000 0.000000 0.000000
7000 19 P -179.793823 -0.670811 -92.757713 2.110000 -1.000000 0.000000
7000 20 S -182.183563 2.097998 -91.242851 1.800000 0.000000 0.000000
7000 21 A -180.979065 4.709865 -93.188889 2.150000 0.000000 0.000000
7000 22 P -180.779907 3.419367 -87.911270 2.110000 -1.000000 0.000000
7000 23 S -184.300964 2.639229 -86.345161 1.800000 0.000000 0.000000
7000 24 A -183.882690 -0.729299 -85.686699 2.150000 0.000000 0.000000
7000 25 P -183.729813 3.595764 -82.560898 2.110000 -1.000000 0.000000
7000 26 S -186.849915 1.613814 -81.277496 1.800000 0.000000 0.000000
7000 27 G -188.189667 -1.337790 -82.714218 2.150000 0.000000 0.000000
7000 28 P -187.391327 0.859274 -77.520004 2.110000 -1.000000 0.000000
7000 29 S -190.643539 -1.284647 -78.607513 1.800000 0.000000 0.000000
7000 30 C -189.755219 -4.468563 -79.186005 2.150000 0.000000 0.000000
7000 31 P -192.442978 -2.345246 -75.386169 2.110000 -1.000000 0.000000
7000 32 S -193.788361 -5.735696 -77.019699 1.800000 0.000000 0.000000
7000 33 C -190.917633 -7.504200 -76.222076 2.150000 0.000000 0.000000
7000 34 P -195.634094 -7.389175 -73.937790 2.110000 -1.000000 0.000000
7000 35 S -194.991714 -11.082409 -74.761673 1.800000 0.000000 0.000000
7000 36 U -191.725708 -10.981430 -73.553719 2.150000 0.000000 0.000000
7000 37 P -196.681931 -11.928560 -71.461723 2.110000 -1.000000 0.000000
7500 1 P -177.997559 -13.425347 -71.858681 2.110000 -1.000000 1.000000
7500 2 S -180.578598 -16.047649 -72.997047 1.800000 0.000000 0.000000
7500 3 G -183.165695 -13.811137 -73.155182 2.150000 0.000000 0.000000
7500 4 P -180.090912 -16.227999 -76.867142 2.110000 -1.000000 0.000000
7500 5 S -183.523361 -16.868904 -78.541527 1.800000 0.000000 0.000000
7500 6 G -184.696259 -13.653393 -78.106110 2.150000 0.000000 0.000000
7500 7 P -183.055374 -16.298567 -82.373360 2.110000 -1.000000 0.000000
7500 8 S -186.285126 -15.020999 -84.143883 1.800000 0.000000 0.000000
7500 9 G -186.370819 -11.919384 -82.674042 2.150000 0.000000 0.000000
7500 10 P -184.668457 -13.867586 -87.582054 2.110000 -1.000000 0.000000
7500 11 S -187.510101 -11.614345 -89.186852 1.800000 0.000000 0.000000
7500 12 C -187.199387 -9.029784 -87.195549 2.150000 0.000000 0.000000
7500 13 P -184.517502 -10.461537 -91.363579 2.110000 -1.000000 0.000000
7500 14 S -186.315430 -7.420112 -93.352356 1.800000 0.000000 0.000000
7500 15 G -186.175095 -5.620184 -90.421219 2.150000 0.000000 0.000000
7500 16 P -183.097855 -5.709465 -94.382019 2.110000 -1.000000 0.000000
7500 17 S -184.295547 -1.906571 -93.650192 1.800000 0.000000 0.000000
7500 18 C -184.476059 -0.593481 -96.781525 2.150000 0.000000 0.000000
7500 19 P -180.748093 -0.631180 -92.777092 2.110000 -1.000000 0.000000
7500 20 S -183.137833 2.137630 -91.262230 1.800000 0.000000 0.000000
7500 21 A -184.652390 0.121059 -88.891014 2.150000 0.000000 0.000000
7500 22 P -181.096680 3.375149 -87.976280 2.110000 -1.000000 0.000000
7500 23 S -184.348511 2.537211 -85.669533 1.800000 0.000000 0.000000
7500 24 A -186.908875 5.035756 -86.247597 2.150000 0.000000 0.000000
7500 25 P -183.739655 3.390981 -81.830582 2.110000 -1.000000 0.000000
7500 26 S -187.034958 1.496324 -81.130058 1.800000 0.000000 0.000000
7500 27 G -188.374710 -1.455279 -82.566780 2.150000 0.000000 0.000000
7500 28 P -187.578018 0.803803 -77.430069 2.110000 -1.000000 0.000000
7500 29 S -190.641235 -1.355172 -78.407639 1.800000 0.000000 0.000000
7500 30 C -189.752914 -4.539087 -78.986130 2.150000 0.000000 0.000000
7500 31 P -192.433777 -2.428129 -75.154907 2.110000 -1.000000 0.000000
7500 32 S -193.828979 -5.839109 -76.784035 1.800000 0.000000 0.000000
7500 33 C -190.958252 -7.607612 -75.986412 2.150000 0.000000 0.000000
7500 34 P -195.648331 -7.592274 -73.816933 2.110000 -1.000000 0.000000
7500 35 S -194.985962 -11.288997 -74.562111 1.800000 0.000000 0.000000
7500 36 U -191.719955 -11.188018 -73.354156 2.150000 0.000000 0.000000
7500 37 P -196.036011 -12.427135 -70.847977 2.110000 -1.000000 0.000000
8000 1 P -177.957474 -13.314868 -72.735580 2.110000 -1.000000 1.000000
8000 2 S -180.608017 -16.139406 -73.282845 1.800000 0.000000 0.000000
8000 3 G -183.098694 -13.759371 -73.546738 2.150000 0.000000 0.000000
8000 4 P -180.039215 -16.311232 -77.033875 2.110000 -1.000000 0.000000
8000 5 S -183.556122 -16.831030 -78.510384 1.800000 0.000000 0.000000
8000 6 G -184.707062 -13.581988 -78.161705 2.150000 0.000000 0.000000
8000 7 P -183.066177 -16.227165 -82.428955 2.110000 -1.000000 0.000000
8000 8 S -186.307663 -14.965868 -84.184288 1.800000 0.000000 0.000000
8000 9 G -186.399399 -11.870047 -82.717064 2.150000 0.000000 0.000000
8000 10 P -184.697037 -13.818249 -87.625076 2.110000 -1.000000 0.000000
8000 11 S -187.537613 -11.613126 -89.168976 1.800000 0.000000 0.000000
8000 12 C -187.193619 -9.241641 -86.767258 2.150000 0.000000 0.000000
8000 13 P -184.533432 -10.425540 -91.407280 2.110000 -1.000000 0.000000
8000 14 S -186.620285 -7.663841 -93.187553 1.800000 0.000000 0.000000
8000 15 G -187.436752 -4.977258 -90.848602 2.150000 0.000000 0.000000
8000 16 P -183.711029 -5.590440 -94.374657 2.110000 -1.000000 0.000000
8000 17 S -184.493851 -1.825899 -93.233337 1.800000 0.000000 0.000000
8000 18 C -184.301468 -2.581729 -89.689034 2.150000 0.000000 0.000000
8000 19 P -180.622070 -0.511187 -92.677689 2.110000 -1.000000 0.000000
8000 20 S -183.011810 2.257624 -91.162827 1.800000 0.000000 0.000000
8000 21 A -181.929428 4.235868 -93.833656 2.150000 0.000000 0.000000
8000 22 P -180.835403 3.884785 -88.436241 2.110000 -1.000000 0.000000
8000 23 S -183.777420 2.651066 -85.921387 1.800000 0.000000 0.000000
8000 24 A -183.249512 -0.597613 -85.465202 2.150000 0.000000 0.000000
8000 25 P -183.709457 3.486150 -82.346825 2.110000 -1.000000 0.000000
8000 26 S -187.132004 1.664695 -81.428535 1.800000 0.000000 0.000000
8000 27 G -188.471756 -1.286909 -82.865257 2.150000 0.000000 0.000000
8000 28 P -187.537430 1.017147 -77.778130 2.110000 -1.000000 0.000000
8000 29 S -190.642776 -1.248751 -78.555031 1.800000 0.000000 0.000000
8000 30 C -189.639725 -4.360546 -79.150558 2.150000 0.000000 0.000000
8000 31 P -192.448746 -2.351953 -75.260925 2.110000 -1.000000 0.000000
8000 32 S -193.852570 -5.796492 -76.824890 1.800000 0.000000 0.000000
8000 33 C -190.981842 -7.564995 -76.027267 2.150000 0.000000 0.000000
8000 34 P -195.596207 -7.449056 -73.649643 2.110000 -1.000000 0.000000
8000 35 S -194.925171 -11.268539 -74.116020 1.800000 0.000000 0.000000
8000 36 U -191.660217 -11.228886 -72.975082 2.150000 0.000000 0.000000
8000 37 P -195.565338 -13.799850 -71.219940 2.110000 -1.000000 0.000000
8500 1 P -177.886108 -12.943556 -72.361374 2.110000 -1.000000 1.000000
8500 2 S -180.422653 -15.767727 -73.835121 1.800000 0.000000 0.000000
8500 3 G -183.032257 -13.638368 -73.571770 2.150000 0.000000 0.000000
8500 4 P -179.908432 -15.995015 -77.643494 2.110000 -1.000000 0.000000
8500 5 S -183.518219 -16.727274 -78.980408 1.800000 0.000000 0.000000
8500 6 G -184.679108 -13.572251 -78.353432 2.150000 0.000000 0.000000
8500 7 P -183.038223 -16.217430 -82.620682 2.110000 -1.000000 0.000000
8500 8 S -186.279877 -14.970450 -84.238167 1.800000 0.000000 0.000000
8500 9 G -186.383408 -11.856433 -82.801521 2.150000 0.000000 0.000000
8500 10 P -184.681046 -13.804635 -87.709534 2.110000 -1.000000 0.000000
8500 11 S -187.502777 -11.595125 -89.135521 1.800000 0.000000 0.000000
8500 12 C -187.125427 -9.235505 -86.761475 2.150000 0.000000 0.000000
8500 13 P -184.465240 -10.419404 -91.401497 2.110000 -1.000000 0.000000
8500 14 S -186.056915 -7.457952 -93.349831 1.800000 0.000000 0.000000
8500 15 G -186.295013 -5.445009 -90.375267 2.150000 0.000000 0.000000
8500 16 P -182.815109 -6.037675 -94.431877 2.110000 -1.000000 0.000000
8500 17 S -183.796661 -2.500444 -93.354012 1.800000 0.000000 0.000000
8500 18 C -184.716690 -1.688829 -96.606522 2.150000 0.000000 0.000000
8500 19 P -180.108734 -1.272835 -92.884056 2.110000 -1.000000 0.000000
8500 20 S -182.498474 1.495976 -91.369194 1.800000 0.000000 0.000000
8500 21 A -183.836792 -1.369042 -89.699341 2.150000 0.000000 0.000000
8500 22 P -180.827682 2.919952 -88.478844 2.110000 -1.000000 0.000000
8500 23 S -184.091492 2.358838 -86.163231 1.800000 0.000000 0.000000
8500 24 A -184.163071 -1.223323 -85.603516 2.150000 0.000000 0.000000
8500 25 P -183.506027 3.480910 -82.507919 2.110000 -1.000000 0.000000
8500 26 S -186.749222 1.713648 -81.431564 1.800000 0.000000 0.000000
8500 27 G -188.088974 -1.237956 -82.868286 2.150000 0.000000 0.000000
8500 28 P -187.515091 1.020902 -77.724289 2.110000 -1.000000 0.000000
8500 29 S -190.619614 -1.154353 -78.790596 1.800000 0.000000 0.000000
8500 30 C -189.293060 -4.070827 -79.606537 2.150000 0.000000 0.000000
8500 31 P -192.421661 -2.253392 -75.516808 2.110000 -1.000000 0.000000
8500 32 S -193.794479 -5.614510 -77.063271 1.800000 0.000000 0.000000
8500 33 C -191.015030 -7.517009 -76.472534 2.150000 0.000000 0.000000
8500 34 P -195.433609 -7.084790 -73.996017 2.110000 -1.000000 0.000000
8500 35 S -194.785812 -10.869052 -74.518272 1.800000 0.000000 0.000000
8500 36 U -191.520859 -10.829398 -73.377335 2.150000 0.000000 0.000000
8500 37 P -195.766724 -13.186296 -71.389595 2.110000 -1.000000 0.000000
9000 1 P -177.786819 -12.985550 -74.028748 2.110000 -1.000000 1.000000
9000 2 S -180.393951 -15.895355 -74.097366 1.800000 0.000000 0.000000
9000 3 G -182.956253 -13.483636 -73.807922 2.150000 0.000000 0.000000
9000 4 P -179.832428 -15.840284 -77.879646 2.110000 -1.000000 0.000000
9000 5 S -183.494110 -16.593151 -79.168571 1.800000 0.000000 0.000000
9000 6 G -184.602203 -13.418763 -78.414932 2.150000 0.000000 0.000000
9000 7 P -182.961319 -16.063948 -82.682182 2.110000 -1.000000 0.000000
9000 8 S -186.216507 -14.883629 -84.325714 1.800000 0.000000 0.000000
9000 9 G -186.344406 -11.832612 -82.790787 2.150000 0.000000 0.000000
9000 10 P -184.642044 -13.780814 -87.698799 2.110000 -1.000000 0.000000
9000 11 S -187.483246 -11.621560 -89.126152 1.800000 0.000000 0.000000
9000 12 C -187.105896 -9.261940 -86.752106 2.150000 0.000000 0.000000
9000 13 P -184.445709 -10.445839 -91.392128 2.110000 -1.000000 0.000000
9000 14 S -186.311874 -7.574426 -93.208069 1.800000 0.000000 0.000000
9000 15 G -187.156219 -6.041486 -90.306465 2.150000 0.000000 0.000000
9000 16 P -182.992508 -6.136253 -94.120018 2.110000 -1.000000 0.000000
9000 17 S -183.852722 -2.355659 -93.236458 1.800000 0.000000 0.000000
9000 18 C -184.091095 -1.716693 -89.754478 2.150000 0.000000 0.000000
9000 19 P -180.442810 -0.925978 -93.120453 2.110000 -1.000000 0.000000
9000 20 S -182.823715 1.849606 -91.610458 1.800000 0.000000 0.000000
9000 21 A -182.142273 3.693176 -94.498062 2.150000 0.000000 0.000000
9000 22 P -180.719162 3.335867 -88.812157 2.110000 -1.000000 0.000000
9000 23 S -184.035263 2.795035 -86.758614 1.800000 0.000000 0.000000
9000 24 A -182.665558 -0.261822 -85.642044 2.150000 0.000000 0.000000
9000 25 P -183.790176 3.639531 -82.840668 2.110000 -1.000000 0.000000
9000 26 S -186.918701 1.843124 -81.730904 1.800000 0.000000 0.000000
9000 27 G -188.056274 -1.209591 -82.956375 2.150000 0.000000 0.000000
9000 28 P -187.493973 1.192968 -78.136383 2.110000 -1.000000 0.000000
9000 29 S -190.583817 -1.056013 -78.953560 1.800000 0.000000 0.000000
9000 30 C -189.387451 -4.123879 -79.558571 2.150000 0.000000 0.000000
9000 31 P -192.383331 -2.173866 -75.587379 2.110000 -1.000000 0.000000
9000 32 S -193.749176 -5.539017 -77.068748 1.800000 0.000000 0.000000
9000 33 C -190.969727 -7.441515 -76.478012 2.150000 0.000000 0.000000
9000 34 P -195.378769 -7.039982 -73.813049 2.110000 -1.000000 0.000000
9000 35 S -194.723038 -10.749355 -74.653206 1.800000 0.000000 0.000000
9000 36 U -191.446304 -10.773199 -73.432808 2.150000 0.000000 0.000000
9000 37 P -196.555191 -12.077386 -71.434219 2.110000 -1.000000 0.000000
9500 1 P -177.792709 -13.109807 -72.736397 2.110000 -1.000000 1.000000
9500 2 S -180.412552 -15.743371 -74.253433 1.800000 0.000000 0.000000
9500 3 G -182.862778 -13.196330 -73.921669 2.150000 0.000000 0.000000
9500 4 P -179.738953 -15.552979 -77.993393 2.110000 -1.000000 0.000000
9500 5 S -183.494537 -16.696419 -78.776840 1.800000 0.000000 0.000000
9500 6 G -184.587509 -13.423502 -78.234047 2.150000 0.000000 0.000000
9500 7 P -182.946625 -16.068689 -82.501297 2.110000 -1.000000 0.000000
9500 8 S -186.194199 -14.878226 -84.258171 1.800000 0.000000 0.000000
9500 9 G -186.403214 -11.844619 -82.847099 2.150000 0.000000 0.000000
9500 10 P -184.700851 -13.792821 -87.755112 2.110000 -1.000000 0.000000
9500 11 S -187.519562 -11.559437 -89.259720 1.800000 0.000000 0.000000
9500 12 C -187.175140 -9.234389 -86.759178 2.150000 0.000000 0.000000
9500 13 P -184.514954 -10.418288 -91.399200 2.110000 -1.000000 0.000000
9500 14 S -186.137665 -7.369081 -93.282478 1.800000 0.000000 0.000000
9500 15 G -187.578979 -4.661532 -91.409370 2.150000 0.000000 0.000000
9500 16 P -182.942398 -5.711401 -94.381393 2.110000 -1.000000 0.000000
9500 17 S -183.447983 -1.938464 -93.499207 1.800000 0.000000 0.000000
9500 18 C -183.333313 -3.645300 -90.634964 2.150000 0.000000 0.000000
9500 19 P -179.885712 -0.573159 -93.130959 2.110000 -1.000000 0.000000
9500 20 S -182.265320 2.198498 -91.585510 1.800000 0.000000 0.000000
9500 21 A -183.973343 0.194232 -89.132889 2.150000 0.000000 0.000000
9500 22 P -180.220291 3.491002 -88.528458 2.110000 -1.000000 0.000000
9500 23 S -183.452499 2.667134 -86.307457 1.800000 0.000000 0.000000
9500 24 A -186.446793 3.377919 -87.795311 2.150000 0.000000 0.000000
9500 25 P -183.565018 3.588553 -82.615250 2.110000 -1.000000 0.000000
9500 26 S -186.978394 1.823891 -81.710869 1.800000 0.000000 0.000000
9500 27 G -188.115967 -1.228824 -82.936340 2.150000 0.000000 0.000000
9500 28 P -187.615631 1.096949 -77.924706 2.110000 -1.000000 0.000000
9500 29 S -190.695572 -1.142265 -78.860001 1.800000 0.000000 0.000000
9500 30 C -189.499207 -4.210131 -79.465012 2.150000 0.000000 0.000000
9500 31 P -192.509399 -2.272973 -75.519653 2.110000 -1.000000 0.000000
9500 32 S -193.877487 -5.663075 -76.949059 1.800000 0.000000 0.000000
9500 33 C -191.095581 -7.555809 -76.338806 2.150000 0.000000 0.000000
9500 34 P -195.517715 -7.187872 -73.752800 2.110000 -1.000000 0.000000
9500 35 S -194.790817 -10.897640 -74.204185 1.800000 0.000000 0.000000
9500 36 U -191.591125 -11.146614 -73.364624 2.150000 0.000000 0.000000
9500 37 P -196.275467 -11.722290 -70.629616 2.110000 -1.000000 0.000000
10000 1 P -177.638275 -12.535246 -73.422386 2.110000 -1.000000 1.000000
10000 2 S -180.248917 -15.485311 -74.264168 1.800000 0.000000 0.000000
10000 3 G -182.924545 -13.292860 -73.806702 2.150000 0.000000 0.000000
10000 4 P -179.800720 -15.649508 -77.878426 2.110000 -1.000000 0.000000
10000 5 S -183.464020 -16.562181 -79.018593 1.800000 0.000000 0.000000
10000 6 G -184.511368 -13.276983 -78.458122 2.150000 0.000000 0.000000
10000 7 P -182.870483 -15.922171 -82.725372 2.110000 -1.000000 0.000000
10000 8 S -186.125900 -14.750281 -84.450294 1.800000 0.000000 0.000000
10000 9 G -186.349472 -11.727024 -83.036545 2.150000 0.000000 0.000000
10000 10 P -184.647110 -13.675226 -87.944557 2.110000 -1.000000 0.000000
10000 11 S -187.442245 -11.437639 -89.455627 1.800000 0.000000 0.000000
10000 12 C -187.116653 -9.137689 -86.933685 2.150000 0.000000 0.000000
10000 13 P -184.456467 -10.321588 -91.573708 2.110000 -1.000000 0.000000
10000 14 S -185.860672 -7.269331 -93.774902 1.800000 0.000000 0.000000
10000 15 G -186.091080 -5.597469 -90.775726 2.150000 0.000000 0.000000
10000 16 P -182.734756 -5.304447 -94.807587 2.110000 -1.000000 0.000000
10000 17 S -183.519348 -1.524932 -94.155838 1.800000 0.000000 0.000000
10000 18 C -184.044968 -1.509280 -97.831871 2.150000 0.000000 0.000000
10000 19 P -179.676483 -0.288230 -93.392967 2.110000 -1.000000 0.000000
10000 20 S -182.051575 2.466676 -91.756378 1.800000 0.000000 0.000000
10000 21 A -183.380066 -0.132123 -89.685097 2.150000 0.000000 0.000000
10000 22 P -180.317719 3.748135 -88.378555 2.110000 -1.000000 0.000000
10000 23 S -183.476044 2.600253 -86.176613 1.800000 0.000000 0.000000
10000 24 A -181.092712 0.099273 -85.344101 2.150000 0.000000 0.000000
10000 25 P -183.455704 3.359535 -82.187309 2.110000 -1.000000 0.000000
10000 26 S -186.953827 1.914007 -82.041557 1.800000 0.000000 0.000000
10000 27 G -188.091400 -1.138708 -83.267029 2.150000 0.000000 0.000000
10000 28 P -187.539627 1.217079 -78.296814 2.110000 -1.000000 0.000000
10000 29 S -190.662308 -1.078730 -79.082939 1.800000 0.000000 0.000000
10000 30 C -189.294769 -4.109298 -79.605988 2.150000 0.000000 0.000000
10000 31 P -192.466629 -2.161309 -75.940086 2.110000 -1.000000 0.000000
10000 32 S -193.757629 -5.615880 -77.434273 1.800000 0.000000 0.000000
10000 33 C -190.786224 -7.388229 -76.653038 2.150000 0.000000 0.000000
10000 34 P -195.410645 -7.066803 -74.128197 2.110000 -1.000000 0.000000
10000 35 S -194.687149 -10.706145 -74.546318 1.800000 0.000000 0.000000
10000 36 U -191.487457 -10.955119 -73.706757 2.150000 0.000000 0.000000
10000 37 P -195.620743 -12.320763 -71.044151 2.110000 -1.000000 0.000000
