500 1 P -178.890945 -15.000159 -72.014153 2.110000 -1.000000 1.000000
500 2 S -181.509033 -17.402349 -73.810143 1.800000 0.000000 0.000000
500 3 G -184.004654 -15.238077 -73.434639 2.150000 0.000000 0.000000
500 4 P -180.663925 -16.938730 -77.712662 2.110000 -1.000000 0.000000
500 5 S -184.189896 -17.392292 -79.202736 1.800000 0.000000 0.000000
500 6 G -184.685547 -13.647921 -78.938820 2.150000 0.000000 0.000000
500 7 P -183.571396 -16.944981 -82.921478 2.110000 -1.000000 0.000000
500 8 S -186.375977 -15.026507 -84.766495 1.800000 0.000000 0.000000
500 9 G -186.841980 -11.832691 -83.498703 2.150000 0.000000 0.000000
500 10 P -184.831696 -13.708190 -88.060570 2.110000 -1.000000 0.000000
500 11 S -187.694733 -11.691546 -89.402351 1.800000 0.000000 0.000000
500 12 C -186.901413 -9.190083 -87.213165 2.150000 0.000000 0.000000
500 13 P -184.730438 -10.628413 -91.354202 2.110000 -1.000000 0.000000
500 14 S -185.708710 -7.459726 -93.424309 1.800000 0.000000 0.000000
500 15 G -186.812012 -6.101180 -90.178741 2.150000 0.000000 0.000000
500 16 P -182.288727 -6.288601 -93.635475 2.110000 -1.000000 0.000000
500 17 S -183.050583 -2.345560 -93.402229 1.800000 0.000000 0.000000
500 18 C -182.315140 -1.473652 -96.788101 2.150000 0.000000 0.000000
500 19 P -179.125717 -1.314441 -92.302338 2.110000 -1.000000 0.000000
500 20 S -181.404953 1.664582 -91.345490 1.800000 0.000000 0.000000
500 21 A -183.963303 -0.625696 -90.246811 2.150000 0.000000 0.000000
500 22 P -179.696274 2.721099 -87.983719 2.110000 -1.000000 0.000000
500 23 S -182.992096 2.499021 -86.050636 1.800000 0.000000 0.000000
500 24 A -182.656021 -0.799003 -85.167091 2.150000 0.000000 0.000000
500 25 P -182.837418 3.255258 -82.131477 2.110000 -1.000000 0.000000
500 26 S -186.646759 1.661855 -81.638550 1.800000 0.000000 0.000000
500 27 G -187.777069 -1.412976 -82.882736 2.150000 0.000000 0.000000
500 28 P -187.292282 1.078734 -77.855133 2.110000 -1.000000 0.000000
500 29 S -190.347153 -1.187475 -78.482712 1.800000 0.000000 0.000000
500 30 C -188.706833 -4.342255 -79.257942 2.150000 0.000000 0.000000
500 31 P -192.282120 -2.650062 -75.449219 2.110000 -1.000000 0.000000
500 32 S -193.709045 -5.544278 -77.511475 1.800000 0.000000 0.000000
500 33 C -190.995071 -7.600228 -77.252991 2.150000 0.000000 0.000000
500 34 P -195.261383 -7.185005 -74.380630 2.110000 -1.000000 0.000000
500 35 S -194.927353 -10.701993 -76.040695 1.800000 0.000000 0.000000
500 36 U -191.921799 -11.141762 -74.514244 2.150000 0.000000 0.000000
500 37 P -196.951202 -12.544236 -73.221672 2.110000 -1.000000 0.000000
1000 1 P -178.750259 -15.256378 -72.185165 2.110000 -1.000000 1.000000
1000 2 S -181.431137 -17.285440 -74.294693 1.800000 0.000000 0.000000
1000 3 G -184.040146 -15.374538 -73.608772 2.150000 0.000000 0.000000
1000 4 P -180.553497 -16.821060 -77.995605 2.110000 -1.000000 0.000000
1000 5 S -184.100128 -17.348675 -79.470177 1.800000 0.000000 0.000000
1000 6 G -184.568771 -13.346496 -79.532722 2.150000 0.000000 0.000000
1000 7 P -183.442139 -16.644506 -83.258118 2.110000 -1.000000 0.000000
1000 8 S -186.285339 -14.803368 -84.935127 1.800000 0.000000 0.000000
1000 9 G -186.759430 -11.694928 -83.742775 2.150000 0.000000 0.000000
1000 10 P -184.749146 -13.570427 -88.304642 2.110000 -1.000000 0.000000
1000 11 S -187.606812 -11.561938 -89.643143 1.800000 0.000000 0.000000
1000 12 C -186.890488 -8.895909 -87.627357 2.150000 0.000000 0.000000
1000 13 P -184.624329 -10.465828 -91.600700 2.110000 -1.000000 0.000000
1000 14 S -185.594894 -7.622916 -93.954033 1.800000 0.000000 0.000000
1000 15 G -187.570648 -5.297186 -92.342789 2.150000 0.000000 0.000000
1000 16 P -181.912415 -6.929916 -94.206108 2.110000 -1.000000 0.000000
1000 17 S -181.926727 -2.894437 -93.906609 1.800000 0.000000 0.000000
1000 18 C -183.321579 -2.800370 -90.787796 2.150000 0.000000 0.000000
1000 19 P -178.367432 -2.046916 -92.438133 2.110000 -1.000000 0.000000
1000 20 S -180.657303 0.897793 -91.447723 1.800000 0.000000 0.000000
1000 21 A -180.324356 2.870053 -94.202034 2.150000 0.000000 0.000000
1000 22 P -178.893555 2.309702 -88.012909 2.110000 -1.000000 0.000000
1000 23 S -182.249374 2.551107 -86.007652 1.800000 0.000000 0.000000
1000 24 A -183.230225 -0.705952 -86.764290 2.150000 0.000000 0.000000
1000 25 P -182.984726 3.303744 -82.058105 2.110000 -1.000000 0.000000
1000 26 S -186.662109 1.912745 -82.041298 1.800000 0.000000 0.000000
1000 27 G -187.553085 -0.926651 -83.614937 2.150000 0.000000 0.000000
1000 28 P -187.267853 1.078802 -78.045311 2.110000 -1.000000 0.000000
1000 29 S -190.392838 -1.202415 -78.675926 1.800000 0.000000 0.000000
1000 30 C -188.647720 -4.281774 -79.246094 2.150000 0.000000 0.000000
1000 31 P -192.576874 -2.650777 -75.799873 2.110000 -1.000000 0.000000
1000 32 S -193.811035 -5.618008 -77.626518 1.800000 0.000000 0.000000
1000 33 C -191.097061 -7.673957 -77.368034 2.150000 0.000000 0.000000
1000 34 P -195.398560 -7.273390 -74.455772 2.110000 -1.000000 0.000000
1000 35 S -194.953674 -10.752824 -76.085228 1.800000 0.000000 0.000000
1000 36 U -191.948120 -11.192593 -74.558777 2.150000 0.000000 0.000000
1000 37 P -196.637436 -13.118231 -73.649284 2.110000 -1.000000 0.000000
1500 1 P -178.726471 -15.009693 -72.330276 2.110000 -1.000000 1.000000
1500 2 S -181.520691 -17.554176 -74.001434 1.800000 0.000000 0.000000
1500 3 G -184.123108 -15.521689 -73.325035 2.150000 0.000000 0.000000
1500 4 P -180.636459 -16.968210 -77.711868 2.110000 -1.000000 0.000000
1500 5 S -184.048431 -17.238447 -79.700348 1.800000 0.000000 0.000000
1500 6 G -184.586700 -13.328074 -79.586594 2.150000 0.000000 0.000000
1500 7 P -183.460068 -16.626083 -83.311989 2.110000 -1.000000 0.000000
1500 8 S -186.303268 -14.784945 -84.988998 1.800000 0.000000 0.000000
1500 9 G -186.767181 -11.681551 -83.770515 2.150000 0.000000 0.000000
1500 10 P -184.756897 -13.557050 -88.332382 2.110000 -1.000000 0.000000
1500 11 S -187.616547 -11.545163 -89.687828 1.800000 0.000000 0.000000
1500 12 C -186.905380 -8.863281 -87.677864 2.150000 0.000000 0.000000
1500 13 P -184.639221 -10.433200 -91.651207 2.110000 -1.000000 0.000000
1500 14 S -186.000244 -7.109489 -93.587227 1.800000 0.000000 0.000000
1500 15 G -186.536346 -4.218883 -91.543671 2.150000 0.000000 0.000000
1500 16 P -182.230927 -6.008759 -94.024780 2.110000 -1.000000 0.000000
1500 17 S -182.216064 -2.027863 -93.502510 1.800000 0.000000 0.000000
1500 18 C -183.833771 -1.099359 -90.559677 2.150000 0.000000 0.000000
1500 19 P -178.829742 -1.313283 -91.850525 2.110000 -1.000000 0.000000
1500 20 S -181.121216 1.634317 -90.853165 1.800000 0.000000 0.000000
1500 21 A -179.679474 4.362424 -92.589661 2.150000 0.000000 0.000000
1500 22 P -179.049667 2.555476 -87.801010 2.110000 -1.000000 0.000000
1500 23 S -182.549973 2.509427 -85.873100 1.800000 0.000000 0.000000
1500 24 A -183.921875 -0.768724 -86.163177 2.150000 0.000000 0.000000
1500 25 P -183.156876 3.151929 -81.905739 2.110000 -1.000000 0.000000
1500 26 S -186.859192 1.856133 -81.991997 1.800000 0.000000 0.000000
1500 27 G -187.750168 -0.983263 -83.565636 2.150000 0.000000 0.000000
1500 28 P -187.595734 1.167346 -78.245056 2.110000 -1.000000 0.000000
1500 29 S -190.459015 -1.090039 -78.937538 1.800000 0.000000 0.000000
1500 30 C -188.713898 -4.169399 -79.507706 2.150000 0.000000 0.000000
1500 31 P -192.529099 -2.585463 -75.768211 2.110000 -1.000000 0.000000
1500 32 S -193.763062 -5.552270 -77.588821 1.800000 0.000000 0.000000
1500 33 C -191.049088 -7.608220 -77.330338 2.150000 0.000000 0.000000
1500 34 P -195.394485 -7.447118 -74.841286 2.110000 -1.000000 0.000000
1500 35 S -195.046371 -11.123073 -76.127762 1.800000 0.000000 0.000000
1500 36 U -192.040817 -11.562841 -74.601311 2.150000 0.000000 0.000000
1500 37 P -196.727325 -11.709613 -72.874924 2.110000 -1.000000 0.000000
2000 1 P -178.778656 -15.200962 -73.263290 2.110000 -1.000000 1.000000
2000 2 S -181.522903 -17.708927 -74.233482 1.800000 0.000000 0.000000
2000 3 G -184.021744 -15.400791 -73.579041 2.150000 0.000000 0.000000
2000 4 P -180.535095 -16.847309 -77.965874 2.110000 -1.000000 0.000000
2000 5 S -184.024170 -17.289524 -79.581909 1.800000 0.000000 0.000000
2000 6 G -184.917755 -13.652575 -79.649475 2.150000 0.000000 0.000000
2000 7 P -183.447647 -16.706421 -83.214836 2.110000 -1.000000 0.000000
2000 8 S -186.286652 -14.866464 -84.929893 1.800000 0.000000 0.000000
2000 9 G -186.738052 -11.742478 -83.731606 2.150000 0.000000 0.000000
2000 10 P -184.727768 -13.617977 -88.293472 2.110000 -1.000000 0.000000
2000 11 S -187.602570 -11.609793 -89.572525 1.800000 0.000000 0.000000
2000 12 C -186.887772 -8.910856 -87.579124 2.150000 0.000000 0.000000
2000 13 P -184.621613 -10.480775 -91.552467 2.110000 -1.000000 0.000000
2000 14 S -185.706039 -7.217817 -93.475243 1.800000 0.000000 0.000000
2000 15 G -186.634384 -4.897111 -91.344070 2.150000 0.000000 0.000000
2000 16 P -181.888779 -6.397768 -93.606567 2.110000 -1.000000 0.000000
2000 17 S -182.840942 -2.469607 -93.181625 1.800000 0.000000 0.000000
2000 18 C -182.009766 -1.877990 -96.961113 2.150000 0.000000 0.000000
2000 19 P -179.584000 -1.688296 -91.275665 2.110000 -1.000000 0.000000
2000 20 S -181.889236 1.249252 -90.257759 1.800000 0.000000 0.000000
2000 21 A -183.529800 -1.694951 -89.180695 2.150000 0.000000 0.000000
2000 22 P -179.759476 2.018750 -86.906364 2.110000 -1.000000 0.000000
2000 23 S -183.196198 2.227624 -85.159370 1.800000 0.000000 0.000000
2000 24 A -183.306046 -1.440932 -84.594215 2.150000 0.000000 0.000000
2000 25 P -183.249542 2.923974 -81.175438 2.110000 -1.000000 0.000000
2000 26 S -186.988907 1.500779 -81.365623 1.800000 0.000000 0.000000
2000 27 G -187.879883 -1.338617 -82.939262 2.150000 0.000000 0.000000
2000 28 P -187.307312 0.769533 -77.492928 2.110000 -1.000000 0.000000
2000 29 S -190.272125 -1.448600 -78.273979 1.800000 0.000000 0.000000
2000 30 C -188.586609 -4.466005 -78.958221 2.150000 0.000000 0.000000
2000 31 P -192.456329 -2.838648 -75.356529 2.110000 -1.000000 0.000000
2000 32 S -193.884674 -5.749957 -77.348724 1.800000 0.000000 0.000000
2000 33 C -191.170700 -7.805906 -77.090240 2.150000 0.000000 0.000000
2000 34 P -195.688995 -7.964238 -74.562721 2.110000 -1.000000 0.000000
2000 35 S -195.279709 -11.533645 -75.813377 1.800000 0.000000 0.000000
2000 36 U -192.216446 -12.053529 -75.003952 2.150000 0.000000 0.000000
2000 37 P -196.415451 -12.821507 -72.200729 2.110000 -1.000000 0.000000
2500 1 P -178.519699 -14.524818 -72.908867 2.110000 -1.000000 1.000000
2500 2 S -180.985016 -17.066593 -74.330742 1.800000 0.000000 0.000000
2500 3 G -183.708206 -15.006806 -73.821350 2.150000 0.000000 0.000000
2500 4 P -180.257431 -16.508953 -78.173996 2.110000 -1.000000 0.000000
2500 5 S -183.890564 -17.155529 -79.635513 1.800000 0.000000 0.000000
2500 6 G -184.719284 -13.460913 -79.861679 2.150000 0.000000 0.000000
2500 7 P -183.297882 -16.564678 -83.404671 2.110000 -1.000000 0.000000
2500 8 S -186.170929 -14.760925 -85.141640 1.800000 0.000000 0.000000
2500 9 G -186.661270 -11.688631 -83.855438 2.150000 0.000000 0.000000
2500 10 P -184.650986 -13.564130 -88.417305 2.110000 -1.000000 0.000000
2500 11 S -187.562836 -11.565469 -89.689621 1.800000 0.000000 0.000000
2500 12 C -186.845032 -8.870669 -87.697548 2.150000 0.000000 0.000000
2500 13 P -184.578873 -10.440588 -91.670891 2.110000 -1.000000 0.000000
2500 14 S -185.926727 -7.288778 -93.934433 1.800000 0.000000 0.000000
2500 15 G -186.342499 -5.210750 -91.205208 2.150000 0.000000 0.000000
2500 16 P -182.112808 -6.361356 -94.094429 2.110000 -1.000000 0.000000
2500 17 S -182.629868 -2.589840 -93.423042 1.800000 0.000000 0.000000
2500 18 C -181.467682 -2.489716 -96.949677 2.150000 0.000000 0.000000
2500 19 P -179.247421 -1.638507 -91.608673 2.110000 -1.000000 0.000000
2500 20 S -181.552734 1.299108 -90.594543 1.800000 0.000000 0.000000
2500 21 A -184.009430 -1.223031 -89.154396 2.150000 0.000000 0.000000
2500 22 P -179.431534 2.318581 -87.199043 2.110000 -1.000000 0.000000
2500 23 S -182.885117 2.413429 -85.405891 1.800000 0.000000 0.000000
2500 24 A -181.811081 -0.791251 -84.824837 2.150000 0.000000 0.000000
2500 25 P -183.739182 3.242565 -81.656693 2.110000 -1.000000 0.000000
2500 26 S -187.353302 1.609207 -81.684258 1.800000 0.000000 0.000000
2500 27 G -188.244278 -1.230189 -83.257896 2.150000 0.000000 0.000000
2500 28 P -187.294861 0.903710 -77.825592 2.110000 -1.000000 0.000000
2500 29 S -190.261017 -1.458460 -78.308907 1.800000 0.000000 0.000000
2500 30 C -188.575500 -4.475865 -78.993149 2.150000 0.000000 0.000000
2500 31 P -192.444962 -2.848107 -75.391342 2.110000 -1.000000 0.000000
2500 32 S -193.866760 -5.752985 -77.435966 1.800000 0.000000 0.000000
2500 33 C -191.152786 -7.808935 -77.177483 2.150000 0.000000 0.000000
2500 34 P -195.584290 -7.963307 -74.766487 2.110000 -1.000000 0.000000
2500 35 S -195.122452 -11.647264 -76.202934 1.800000 0.000000 0.000000
2500 36 U -192.096786 -12.141302 -74.920593 2.150000 0.000000 0.000000
2500 37 P -196.720520 -13.708573 -72.990280 2.110000 -1.000000 0.000000
3000 1 P -178.476944 -14.586739 -72.322243 2.110000 -1.000000 1.000000
3000 2 S -181.030228 -17.066534 -74.217064 1.800000 0.000000 0.000000
3000 3 G -183.838303 -15.375813 -73.512291 2.150000 0.000000 0.000000
3000 4 P -180.303925 -16.666788 -78.040947 2.110000 -1.000000 0.000000
3000 5 S -183.927536 -17.256397 -79.614189 1.800000 0.000000 0.000000
3000 6 G -184.733017 -13.524370 -79.681770 2.150000 0.000000 0.000000
3000 7 P -183.311615 -16.628132 -83.224762 2.110000 -1.000000 0.000000
3000 8 S -186.165482 -14.762769 -85.121666 1.800000 0.000000 0.000000
3000 9 G -186.655518 -11.690490 -83.836945 2.150000 0.000000 0.000000
3000 10 P -184.645233 -13.565989 -88.398811 2.110000 -1.000000 0.000000
3000 11 S -187.557083 -11.567327 -89.671127 1.800000 0.000000 0.000000
3000 12 C -186.764954 -8.818218 -87.736824 2.150000 0.000000 0.000000
3000 13 P -184.575790 -10.430504 -91.706970 2.110000 -1.000000 0.000000
3000 14 S -185.999878 -7.395116 -93.671928 1.800000 0.000000 0.000000
3000 15 G -187.502136 -5.454046 -91.092216 2.150000 0.000000 0.000000
3000 16 P -182.137817 -6.538795 -93.471489 2.110000 -1.000000 0.000000
3000 17 S -182.269943 -2.639166 -92.854561 1.800000 0.000000 0.000000
3000 18 C -184.520813 -1.769587 -90.263748 2.150000 0.000000 0.000000
3000 19 P -178.916061 -1.720958 -90.986572 2.110000 -1.000000 0.000000
3000 20 S -181.228943 1.203001 -89.948174 1.800000 0.000000 0.000000
3000 21 A -180.111832 3.221344 -92.398705 2.150000 0.000000 0.000000
3000 22 P -179.082840 2.474535 -87.069786 2.110000 -1.000000 0.000000
3000 23 S -182.686310 2.769427 -85.895264 1.800000 0.000000 0.000000
3000 24 A -183.704590 -0.674204 -85.567650 2.150000 0.000000 0.000000
3000 25 P -183.532089 3.524027 -82.073624 2.110000 -1.000000 0.000000
3000 26 S -187.130142 1.916901 -82.133278 1.800000 0.000000 0.000000
3000 27 G -187.903992 -1.155292 -83.244102 2.150000 0.000000 0.000000
3000 28 P -187.438354 1.131231 -78.266052 2.110000 -1.000000 0.000000
3000 29 S -190.348450 -1.360942 -78.524529 1.800000 0.000000 0.000000
3000 30 C -188.662933 -4.378346 -79.208771 2.150000 0.000000 0.000000
3000 31 P -192.429260 -2.903774 -75.270821 2.110000 -1.000000 0.000000
3000 32 S -193.859085 -5.879729 -77.202583 1.800000 0.000000 0.000000
3000 33 C -191.145111 -7.935678 -76.944099 2.150000 0.000000 0.000000
3000 34 P -195.509781 -7.941021 -74.335579 2.110000 -1.000000 0.000000
3000 35 S -195.021332 -11.444614 -76.107475 1.800000 0.000000 0.000000
3000 36 U -191.842636 -11.592553 -74.539955 2.150000 0.000000 0.000000
3000 37 P -196.468552 -13.672547 -72.864998 2.110000 -1.000000 0.000000
3500 1 P -178.181168 -14.172952 -73.802933 2.110000 -1.000000 1.000000
3500 2 S -180.884613 -16.948917 -74.704697 1.800000 0.000000 0.000000
3500 3 G -183.526428 -15.124630 -74.547302 2.150000 0.000000 0.000000
3500 4 P -180.238785 -16.666042 -78.449081 2.110000 -1.000000 0.000000
3500 5 S -183.860367 -17.258654 -79.592812 1.800000 0.000000 0.000000
3500 6 G -184.596039 -13.779116 -78.827705 2.150000 0.000000 0.000000
3500 7 P -183.234634 -16.609453 -83.287979 2.110000 -1.000000 0.000000
3500 8 S -186.070496 -14.715753 -85.011154 1.800000 0.000000 0.000000
3500 9 G -186.221039 -11.537585 -83.826004 2.150000 0.000000 0.000000
3500 10 P -184.635803 -13.512400 -88.392876 2.110000 -1.000000 0.000000
3500 11 S -187.568924 -11.499009 -89.653198 1.800000 0.000000 0.000000
3500 12 C -186.769287 -8.808113 -87.682274 2.150000 0.000000 0.000000
3500 13 P -184.580124 -10.420399 -91.652420 2.110000 -1.000000 0.000000
3500 14 S -185.765488 -7.656690 -94.066513 1.800000 0.000000 0.000000
3500 15 G -186.480896 -5.134996 -91.910469 2.150000 0.000000 0.000000
3500 16 P -181.754715 -7.230698 -93.920418 2.110000 -1.000000 0.000000
3500 17 S -182.104187 -3.485991 -92.883171 1.800000 0.000000 0.000000
3500 18 C -182.764313 -5.226994 -89.937263 2.150000 0.000000 0.000000
3500 19 P -178.657776 -2.716149 -90.732124 2.110000 -1.000000 0.000000
3500 20 S -181.009995 0.179229 -89.645226 1.800000 0.000000 0.000000
3500 21 A -179.558777 2.160907 -91.770294 2.150000 0.000000 0.000000
3500 22 P -179.146515 1.827799 -86.600006 2.110000 -1.000000 0.000000
3500 23 S -182.902985 2.585319 -85.428955 1.800000 0.000000 0.000000
3500 24 A -183.578369 -0.572922 -84.520256 2.150000 0.000000 0.000000
3500 25 P -183.458282 3.346967 -81.734482 2.110000 -1.000000 0.000000
3500 26 S -187.157639 1.959089 -82.159538 1.800000 0.000000 0.000000
3500 27 G -187.931488 -1.113104 -83.270363 2.150000 0.000000 0.000000
3500 28 P -187.463425 1.215008 -78.330185 2.110000 -1.000000 0.000000
3500 29 S -190.313049 -1.289267 -78.606293 1.800000 0.000000 0.000000
3500 30 C -188.388107 -4.167628 -79.371994 2.150000 0.000000 0.000000
3500 31 P -192.363495 -2.826602 -75.530472 2.110000 -1.000000 0.000000
3500 32 S -193.792816 -5.818182 -77.442352 1.800000 0.000000 0.000000
3500 33 C -191.078842 -7.874132 -77.183868 2.150000 0.000000 0.000000
3500 34 P -195.434464 -7.972118 -74.701630 2.110000 -1.000000 0.000000
3500 35 S -194.947601 -11.452315 -76.404083 1.800000 0.000000 0.000000
3500 36 U -191.768906 -11.600254 -74.836563 2.150000 0.000000 0.000000
3500 37 P -196.414536 -13.743112 -73.749695 2.110000 -1.000000 0.000000
4000 1 P -178.305389 -14.003345 -73.270592 2.110000 -1.000000 1.000000
4000 2 S -180.813370 -16.691538 -74.565941 1.800000 0.000000 0.000000
4000 3 G -183.688995 -15.112188 -73.951698 2.150000 0.000000 0.000000
4000 4 P -180.272369 -16.549686 -78.409859 2.110000 -1.000000 0.000000
4000 5 S -183.899521 -17.281605 -79.640007 1.800000 0.000000 0.000000
4000 6 G -184.860825 -14.030042 -78.591690 2.150000 0.000000 0.000000
4000 7 P -183.288101 -16.621365 -83.332649 2.110000 -1.000000 0.000000
4000 8 S -186.115738 -14.693885 -84.959076 1.800000 0.000000 0.000000
4000 9 G -186.266144 -11.514378 -83.780098 2.150000 0.000000 0.000000
4000 10 P -184.680908 -13.489192 -88.346970 2.110000 -1.000000 0.000000
4000 11 S -187.614029 -11.475801 -89.607292 1.800000 0.000000 0.000000
4000 12 C -186.802673 -8.779924 -87.650734 2.150000 0.000000 0.000000
4000 13 P -184.613510 -10.392210 -91.620880 2.110000 -1.000000 0.000000
4000 14 S -185.367172 -7.504511 -94.381149 1.800000 0.000000 0.000000
4000 15 G -185.011261 -9.986000 -96.739899 2.150000 0.000000 0.000000
4000 16 P -181.606171 -6.642008 -95.034821 2.110000 -1.000000 0.000000
4000 17 S -181.801636 -2.956651 -93.977852 1.800000 0.000000 0.000000
4000 18 C -184.003967 -3.737579 -91.374802 2.150000 0.000000 0.000000
4000 19 P -178.605911 -2.363784 -91.655403 2.110000 -1.000000 0.000000
4000 20 S -180.984665 0.505590 -90.519264 1.800000 0.000000 0.000000
4000 21 A -182.222824 -0.988860 -87.750664 2.150000 0.000000 0.000000
4000 22 P -179.294006 2.102145 -87.299057 2.110000 -1.000000 0.000000
4000 23 S -182.931793 2.372559 -85.252228 1.800000 0.000000 0.000000
4000 24 A -183.215958 -1.094592 -84.120575 2.150000 0.000000 0.000000
4000 25 P -183.354309 3.281789 -81.582253 2.110000 -1.000000 0.000000
4000 26 S -187.031464 1.757969 -81.598152 1.800000 0.000000 0.000000
4000 27 G -187.891846 -1.015437 -83.320976 2.150000 0.000000 0.000000
4000 28 P -187.634399 0.917698 -77.787178 2.110000 -1.000000 0.000000
4000 29 S -190.572754 -1.536053 -78.177353 1.800000 0.000000 0.000000
4000 30 C -188.647812 -4.414413 -78.943054 2.150000 0.000000 0.000000
4000 31 P -192.459778 -2.948871 -75.197899 2.110000 -1.000000 0.000000
4000 32 S -193.889801 -5.836810 -77.415154 1.800000 0.000000 0.000000
4000 33 C -191.175827 -7.892759 -77.156670 2.150000 0.000000 0.000000
4000 34 P -195.593445 -7.997466 -74.702599 2.110000 -1.000000 0.000000
4000 35 S -195.052567 -11.473269 -76.136734 1.800000 0.000000 0.000000
4000 36 U -191.846344 -11.553438 -74.456123 2.150000 0.000000 0.000000
4000 37 P -197.145340 -13.162345 -73.301949 2.110000 -1.000000 0.000000
4500 1 P -178.256271 -13.785779 -73.525307 2.110000 -1.000000 1.000000
4500 2 S -180.868439 -16.508991 -74.507088 1.800000 0.000000 0.000000
4500 3 G -183.611923 -14.795707 -74.091385 2.150000 0.000000 0.000000
4500 4 P -180.246170 -16.261051 -78.577133 2.110000 -1.000000 0.000000
4500 5 S -183.945877 -17.318527 -79.596680 1.800000 0.000000 0.000000
4500 6 G -184.913651 -14.058666 -78.528610 2.150000 0.000000 0.000000
4500 7 P -183.340927 -16.649986 -83.269569 2.110000 -1.000000 0.000000
4500 8 S -186.173645 -14.744584 -84.926186 1.800000 0.000000 0.000000
4500 9 G -186.599258 -11.748431 -83.600922 2.150000 0.000000 0.000000
4500 10 P -184.738815 -13.539891 -88.314079 2.110000 -1.000000 0.000000
4500 11 S -187.662018 -11.515697 -89.516403 1.800000 0.000000 0.000000
4500 12 C -186.822998 -8.820457 -87.560669 2.150000 0.000000 0.000000
4500 13 P -184.633835 -10.432742 -91.530815 2.110000 -1.000000 0.000000
4500 14 S -185.703094 -7.889034 -94.301338 1.800000 0.000000 0.000000
4500 15 G -186.484528 -5.301743 -92.186897 2.150000 0.000000 0.000000
4500 16 P -181.936981 -7.444825 -93.850113 2.110000 -1.000000 0.000000
4500 17 S -181.845688 -3.856235 -92.729378 1.800000 0.000000 0.000000
4500 18 C -181.626663 -1.227019 -94.752037 2.150000 0.000000 0.000000
4500 19 P -178.784912 -3.032481 -90.736450 2.110000 -1.000000 0.000000
4500 20 S -181.164246 -0.161832 -89.611961 1.800000 0.000000 0.000000
4500 21 A -184.164368 -1.342224 -88.100616 2.150000 0.000000 0.000000
4500 22 P -179.383606 1.768502 -86.395203 2.110000 -1.000000 0.000000
4500 23 S -182.989395 2.479560 -85.472954 1.800000 0.000000 0.000000
4500 24 A -183.345749 -0.810827 -84.220734 2.150000 0.000000 0.000000
4500 25 P -183.792236 3.408971 -81.711777 2.110000 -1.000000 0.000000
4500 26 S -187.275894 1.661342 -81.446617 1.800000 0.000000 0.000000
4500 27 G -188.136276 -1.112064 -83.169441 2.150000 0.000000 0.000000
4500 28 P -187.783569 0.890773 -77.870041 2.110000 -1.000000 0.000000
4500 29 S -190.664795 -1.675475 -78.048386 1.800000 0.000000 0.000000
4500 30 C -188.739853 -4.553835 -78.814087 2.150000 0.000000 0.000000
4500 31 P -192.542679 -3.091608 -74.833580 2.110000 -1.000000 0.000000
4500 32 S -193.960907 -5.993806 -77.072601 1.800000 0.000000 0.000000
4500 33 C -191.246933 -8.049756 -76.814117 2.150000 0.000000 0.000000
4500 34 P -195.743118 -8.187630 -74.287750 2.110000 -1.000000 0.000000
4500 35 S -195.229462 -11.730072 -75.857796 1.800000 0.000000 0.000000
4500 36 U -192.023239 -11.810242 -74.177185 2.150000 0.000000 0.000000
4500 37 P -196.216034 -14.250998 -72.880341 2.110000 -1.000000 0.000000
5000 1 P -178.463608 -14.325429 -72.915993 2.110000 -1.000000 1.000000
5000 2 S -181.043549 -16.937719 -74.655350 1.800000 0.000000 0.000000
5000 3 G -183.715591 -14.980214 -74.117973 2.150000 0.000000 0.000000
5000 4 P -180.349838 -16.445555 -78.603722 2.110000 -1.000000 0.000000
5000 5 S -183.978409 -17.339617 -79.697731 1.800000 0.000000 0.000000
5000 6 G -184.944565 -14.084772 -78.662628 2.150000 0.000000 0.000000
5000 7 P -183.371841 -16.676088 -83.403587 2.110000 -1.000000 0.000000
5000 8 S -186.185089 -14.721680 -85.123779 1.800000 0.000000 0.000000
5000 9 G -186.621735 -11.743461 -83.739464 2.150000 0.000000 0.000000
5000 10 P -184.761292 -13.534921 -88.452621 2.110000 -1.000000 0.000000
5000 11 S -187.664139 -11.493075 -89.564529 1.800000 0.000000 0.000000
5000 12 C -186.823853 -8.795998 -87.598869 2.150000 0.000000 0.000000
5000 13 P -184.634689 -10.408283 -91.569016 2.110000 -1.000000 0.000000
5000 14 S -185.975235 -7.491158 -93.857269 1.800000 0.000000 0.000000
5000 15 G -186.836060 -5.729895 -91.011528 2.150000 0.000000 0.000000
5000 16 P -182.079102 -7.275203 -93.580414 2.110000 -1.000000 0.000000
5000 17 S -182.135147 -3.442396 -92.854156 1.800000 0.000000 0.000000
5000 18 C -184.604492 -2.601055 -90.494316 2.150000 0.000000 0.000000
5000 19 P -178.902710 -2.795408 -90.499252 2.110000 -1.000000 0.000000
5000 20 S -181.297791 0.061225 -89.344215 1.800000 0.000000 0.000000
5000 21 A -183.025742 -1.888407 -86.771935 2.150000 0.000000 0.000000
5000 22 P -179.227325 1.590884 -86.565399 2.110000 -1.000000 0.000000
5000 23 S -182.833466 2.424438 -85.208199 1.800000 0.000000 0.000000
5000 24 A -184.319000 4.571430 -87.932022 2.150000 0.000000 0.000000
5000 25 P -183.456253 3.345408 -81.537720 2.110000 -1.000000 0.000000
5000 26 S -186.998184 1.613163 -81.343185 1.800000 0.000000 0.000000
5000 27 G -187.858566 -1.160244 -83.066010 2.150000 0.000000 0.000000
5000 28 P -187.529465 0.584759 -77.267776 2.110000 -1.000000 0.000000
5000 29 S -190.488297 -1.724089 -77.986107 1.800000 0.000000 0.000000
5000 30 C -188.563354 -4.602449 -78.751808 2.150000 0.000000 0.000000
5000 31 P -192.535767 -3.008115 -74.955452 2.110000 -1.000000 0.000000
5000 32 S -193.955856 -5.992229 -77.060928 1.800000 0.000000 0.000000
5000 33 C -191.306274 -7.959606 -77.308357 2.150000 0.000000 0.000000
5000 34 P -195.802292 -8.134089 -74.374550 2.110000 -1.000000 0.000000
5000 35 S -195.291504 -11.605130 -75.891693 1.800000 0.000000 0.000000
5000 36 U -192.068359 -11.773535 -74.637344 2.150000 0.000000 0.000000
5000 37 P -196.286896 -14.120890 -72.852936 2.110000 -1.000000 0.000000
5500 1 P -178.232101 -14.332410 -73.897766 2.110000 -1.000000 1.000000
5500 2 S -180.980499 -17.093725 -74.879463 1.800000 0.000000 0.000000
5500 3 G -183.627060 -15.023003 -74.212486 2.150000 0.000000 0.000000
5500 4 P -180.261307 -16.488338 -78.698235 2.110000 -1.000000 0.000000
5500 5 S -183.879944 -17.229544 -79.858948 1.800000 0.000000 0.000000
5500 6 G -184.874939 -14.031824 -78.805016 2.150000 0.000000 0.000000
5500 7 P -183.302216 -16.623137 -83.545975 2.110000 -1.000000 0.000000
5500 8 S -186.127945 -14.664433 -85.210709 1.800000 0.000000 0.000000
5500 9 G -186.565018 -11.668465 -83.851700 2.150000 0.000000 0.000000
5500 10 P -184.704575 -13.459925 -88.564857 2.110000 -1.000000 0.000000
5500 11 S -187.592499 -11.377565 -89.703560 1.800000 0.000000 0.000000
5500 12 C -186.773560 -8.702188 -87.660530 2.150000 0.000000 0.000000
5500 13 P -184.584396 -10.314474 -91.630676 2.110000 -1.000000 0.000000
5500 14 S -185.849960 -7.508205 -94.031975 1.800000 0.000000 0.000000
5500 15 G -187.817703 -5.399755 -91.798386 2.150000 0.000000 0.000000
5500 16 P -181.981644 -6.732989 -94.330772 2.110000 -1.000000 0.000000
5500 17 S -181.825226 -3.072919 -93.111412 1.800000 0.000000 0.000000
5500 18 C -183.172394 -4.547436 -90.378807 2.150000 0.000000 0.000000
5500 19 P -178.635635 -2.268311 -91.018417 2.110000 -1.000000 0.000000
5500 20 S -181.039764 0.590048 -89.857811 1.800000 0.000000 0.000000
5500 21 A -182.022705 -2.126713 -87.625626 2.150000 0.000000 0.000000
5500 22 P -178.926743 2.362963 -87.102371 2.110000 -1.000000 0.000000
5500 23 S -182.484085 2.641504 -85.164619 1.800000 0.000000 0.000000
5500 24 A -183.260010 5.543238 -86.694443 2.150000 0.000000 0.000000
5500 25 P -183.548370 3.481899 -81.690056 2.110000 -1.000000 0.000000
5500 26 S -187.099289 1.578982 -81.255737 1.800000 0.000000 0.000000
5500 27 G -187.985809 -1.242369 -82.879921 2.150000 0.000000 0.000000
5500 28 P -187.430588 0.684591 -77.402977 2.110000 -1.000000 0.000000
5500 29 S -190.451065 -1.727352 -77.987251 1.800000 0.000000 0.000000
5500 30 C -188.526123 -4.605712 -78.752953 2.150000 0.000000 0.000000
5500 31 P -192.515320 -3.071084 -74.867294 2.110000 -1.000000 0.000000
5500 32 S -193.900742 -6.047040 -76.907326 1.800000 0.000000 0.000000
5500 33 C -191.251160 -8.014417 -77.154755 2.150000 0.000000 0.000000
5500 34 P -195.660416 -8.118664 -74.363579 2.110000 -1.000000 0.000000
5500 35 S -195.267670 -11.825307 -75.643120 1.800000 0.000000 0.000000
5500 36 U -192.044525 -11.993711 -74.388771 2.150000 0.000000 0.000000
5500 37 P -196.546799 -13.169130 -72.226807 2.110000 -1.000000 0.000000
6000 1 P -178.621109 -15.144230 -72.564819 2.110000 -1.000000 1.000000
6000 2 S -181.226059 -17.430330 -74.502411 1.800000 0.000000 0.000000
6000 3 G -183.783676 -15.207812 -73.845901 2.150000 0.000000 0.000000
6000 4 P -180.417923 -16.673151 -78.331650 2.110000 -1.000000 0.000000
6000 5 S -183.929352 -17.422651 -79.749374 1.800000 0.000000 0.000000
6000 6 G -184.942291 -14.154050 -78.776978 2.150000 0.000000 0.000000
6000 7 P -183.369568 -16.745363 -83.517937 2.110000 -1.000000 0.000000
6000 8 S -186.157349 -14.657269 -85.170120 1.800000 0.000000 0.000000
6000 9 G -186.527893 -11.627997 -83.850807 2.150000 0.000000 0.000000
6000 10 P -184.667450 -13.419457 -88.563965 2.110000 -1.000000 0.000000
6000 11 S -187.540710 -11.330937 -89.709152 1.800000 0.000000 0.000000
6000 12 C -187.515259 -8.962756 -87.345642 2.150000 0.000000 0.000000
6000 13 P -184.573135 -10.293025 -91.647247 2.110000 -1.000000 0.000000
6000 14 S -185.526779 -7.401457 -93.953537 1.800000 0.000000 0.000000
6000 15 G -187.368179 -5.585088 -91.697250 2.150000 0.000000 0.000000
6000 16 P -181.605499 -6.820329 -93.820877 2.110000 -1.000000 0.000000
6000 17 S -181.842987 -3.177176 -92.559479 1.800000 0.000000 0.000000
6000 18 C -183.205231 -4.963771 -89.958160 2.150000 0.000000 0.000000
6000 19 P -178.435593 -2.651971 -90.605461 2.110000 -1.000000 0.000000
6000 20 S -180.841080 0.206068 -89.439415 1.800000 0.000000 0.000000
6000 21 A -179.414581 2.220042 -91.605347 2.150000 0.000000 0.000000
6000 22 P -179.226456 1.673663 -86.259888 2.110000 -1.000000 0.000000
6000 23 S -182.834244 2.118498 -84.797607 1.800000 0.000000 0.000000
6000 24 A -182.852524 -1.228534 -84.065422 2.150000 0.000000 0.000000
6000 25 P -183.693115 2.934141 -81.379288 2.110000 -1.000000 0.000000
6000 26 S -187.333298 1.510883 -81.140251 1.800000 0.000000 0.000000
6000 27 G -188.219818 -1.310468 -82.764435 2.150000 0.000000 0.000000
6000 28 P -187.456696 0.660166 -77.300888 2.110000 -1.000000 0.000000
6000 29 S -190.399902 -1.734481 -77.951805 1.800000 0.000000 0.000000
6000 30 C -188.474960 -4.612842 -78.717506 2.150000 0.000000 0.000000
6000 31 P -192.471176 -3.106121 -74.763588 2.110000 -1.000000 0.000000
6000 32 S -193.895294 -6.106188 -76.904846 1.800000 0.000000 0.000000
6000 33 C -191.245712 -8.073565 -77.152275 2.150000 0.000000 0.000000
6000 34 P -195.737549 -8.239738 -74.223625 2.110000 -1.000000 0.000000
6000 35 S -195.334412 -11.899739 -75.541656 1.800000 0.000000 0.000000
6000 36 U -192.111267 -12.068144 -74.287308 2.150000 0.000000 0.000000
6000 37 P -196.896896 -13.778761 -72.414177 2.110000 -1.000000 0.000000
6500 1 P -178.980438 -16.065914 -71.764267 2.110000 -1.000000 1.000000
6500 2 S -181.540634 -17.899359 -74.176125 1.800000 0.000000 0.000000
6500 3 G -183.951965 -15.558967 -73.366371 2.150000 0.000000 0.000000
6500 4 P -180.586212 -17.024302 -77.852119 2.110000 -1.000000 0.000000
6500 5 S -184.031906 -17.620173 -79.442261 1.800000 0.000000 0.000000
6500 6 G -184.987213 -14.231596 -78.545692 2.150000 0.000000 0.000000
6500 7 P -183.414490 -16.822905 -83.286652 2.110000 -1.000000 0.000000
6500 8 S -186.241226 -14.816895 -84.925644 1.800000 0.000000 0.000000
6500 9 G -186.530548 -11.792124 -83.570587 2.150000 0.000000 0.000000
6500 10 P -184.747955 -13.582861 -88.322113 2.110000 -1.000000 0.000000
6500 11 S -187.531357 -11.318295 -89.647942 1.800000 0.000000 0.000000
6500 12 C -187.323288 -8.989979 -87.285744 2.150000 0.000000 0.000000
6500 13 P -184.570511 -10.303948 -91.571915 2.110000 -1.000000 0.000000
6500 14 S -185.686554 -7.370661 -93.847801 1.800000 0.000000 0.000000
6500 15 G -186.874634 -5.984117 -90.764046 2.150000 0.000000 0.000000
6500 16 P -182.135040 -6.505282 -94.186531 2.110000 -1.000000 0.000000
6500 17 S -182.145935 -2.789660 -93.111320 1.800000 0.000000 0.000000
6500 18 C -180.258514 -1.471780 -95.517960 2.150000 0.000000 0.000000
6500 19 P -178.820877 -2.116683 -91.146683 2.110000 -1.000000 0.000000
6500 20 S -181.226944 0.736763 -89.981079 1.800000 0.000000 0.000000
6500 21 A -183.347076 -2.050333 -89.046928 2.150000 0.000000 0.000000
6500 22 P -179.411041 2.232611 -86.964378 2.110000 -1.000000 0.000000
6500 23 S -182.675537 2.219583 -84.763405 1.800000 0.000000 0.000000
6500 24 A -182.866272 -1.180617 -84.167610 2.150000 0.000000 0.000000
6500 25 P -183.741211 2.970294 -81.226410 2.110000 -1.000000 0.000000
6500 26 S -187.299744 1.385383 -80.953232 1.800000 0.000000 0.000000
6500 27 G -188.186264 -1.435968 -82.577415 2.150000 0.000000 0.000000
6500 28 P -187.468338 0.542944 -77.129135 2.110000 -1.000000 0.000000
6500 29 S -190.386993 -1.844738 -77.742676 1.800000 0.000000 0.000000
6500 30 C -188.462051 -4.723099 -78.508377 2.150000 0.000000 0.000000
6500 31 P -192.486115 -3.110868 -74.878708 2.110000 -1.000000 0.000000
6500 32 S -193.891266 -6.085527 -76.961296 1.800000 0.000000 0.000000
6500 33 C -191.207886 -8.112278 -76.928986 2.150000 0.000000 0.000000
6500 34 P -195.651108 -8.074988 -74.135796 2.110000 -1.000000 0.000000
6500 35 S -195.213806 -11.561199 -75.505074 1.800000 0.000000 0.000000
6500 36 U -191.990662 -11.729604 -74.250725 2.150000 0.000000 0.000000
6500 37 P -196.661133 -13.982896 -72.560318 2.110000 -1.000000 0.000000
7000 1 P -178.870972 -15.672836 -72.552185 2.110000 -1.000000 1.000000
7000 2 S -181.636353 -18.068213 -73.956940 1.800000 0.000000 0.000000
7000 3 G -183.962311 -15.555049 -73.727364 2.150000 0.000000 0.000000
7000 4 P -180.714706 -17.192888 -77.551659 2.110000 -1.000000 0.000000
7000 5 S -184.071060 -17.670938 -79.343239 1.800000 0.000000 0.000000
7000 6 G -185.039032 -14.300420 -78.315582 2.150000 0.000000 0.000000
7000 7 P -183.466309 -16.891727 -83.056541 2.110000 -1.000000 0.000000
7000 8 S -186.318863 -14.870964 -84.796051 1.800000 0.000000 0.000000
7000 9 G -186.598557 -11.846795 -83.523750 2.150000 0.000000 0.000000
7000 10 P -184.815964 -13.637532 -88.275276 2.110000 -1.000000 0.000000
7000 11 S -187.557785 -11.335075 -89.709579 1.800000 0.000000 0.000000
7000 12 C -187.318817 -8.979412 -87.335983 2.150000 0.000000 0.000000
7000 13 P -184.566040 -10.293382 -91.622154 2.110000 -1.000000 0.000000
7000 14 S -185.966949 -7.295885 -93.714737 1.800000 0.000000 0.000000
7000 15 G -187.223740 -5.046347 -91.252205 2.150000 0.000000 0.000000
7000 16 P -182.199615 -6.058564 -93.630341 2.110000 -1.000000 0.000000
7000 17 S -182.345108 -2.188863 -92.593231 1.800000 0.000000 0.000000
7000 18 C -182.967529 -0.057137 -95.137550 2.150000 0.000000 0.000000
7000 19 P -178.913757 -1.440834 -90.560280 2.110000 -1.000000 0.000000
7000 20 S -181.318176 1.414544 -89.447357 1.800000 0.000000 0.000000
7000 21 A -183.105881 -1.206664 -87.801605 2.150000 0.000000 0.000000
7000 22 P -179.356461 2.793998 -86.517563 2.110000 -1.000000 0.000000
7000 23 S -183.024948 2.520679 -84.951904 1.800000 0.000000 0.000000
7000 24 A -181.610184 -0.453663 -84.424385 2.150000 0.000000 0.000000
7000 25 P -184.081741 3.095079 -81.296906 2.110000 -1.000000 0.000000
7000 26 S -187.568863 1.381915 -81.007256 1.800000 0.000000 0.000000
7000 27 G -188.455383 -1.439436 -82.631439 2.150000 0.000000 0.000000
7000 28 P -187.613708 0.524617 -77.202888 2.110000 -1.000000 0.000000
7000 29 S -190.619064 -1.865347 -77.827652 1.800000 0.000000 0.000000
7000 30 C -188.694122 -4.743708 -78.593353 2.150000 0.000000 0.000000
7000 31 P -192.526550 -3.168557 -74.664383 2.110000 -1.000000 0.000000
7000 32 S -194.060516 -6.348717 -76.464180 1.800000 0.000000 0.000000
7000 33 C -191.700089 -8.584111 -76.801788 2.150000 0.000000 0.000000
7000 34 P -195.820145 -8.376559 -73.705879 2.110000 -1.000000 0.000000
7000 35 S -195.517090 -12.180372 -75.282234 1.800000 0.000000 0.000000
7000 36 U -192.293945 -12.348777 -74.027885 2.150000 0.000000 0.000000
7000 37 P -196.715851 -15.369716 -73.487526 2.110000 -1.000000 0.000000
7500 1 P -179.515030 -17.496843 -71.061066 2.110000 -1.000000 1.000000
7500 2 S -181.635651 -18.253628 -74.186005 1.800000 0.000000 0.000000
7500 3 G -183.878250 -15.422656 -73.913307 2.150000 0.000000 0.000000
7500 4 P -180.630646 -17.060486 -77.737602 2.110000 -1.000000 0.000000
7500 5 S -183.997391 -17.539253 -79.525909 1.800000 0.000000 0.000000
7500 6 G -185.004028 -14.242552 -78.551468 2.150000 0.000000 0.000000
7500 7 P -183.431305 -16.833853 -83.292427 2.110000 -1.000000 0.000000
7500 8 S -186.278076 -14.816327 -84.932388 1.800000 0.000000 0.000000
7500 9 G -186.516479 -11.779948 -83.543869 2.150000 0.000000 0.000000
7500 10 P -184.733887 -13.570685 -88.295395 2.110000 -1.000000 0.000000
7500 11 S -187.496414 -11.282507 -89.727699 1.800000 0.000000 0.000000
7500 12 C -187.254761 -8.936384 -87.344528 2.150000 0.000000 0.000000
7500 13 P -184.501984 -10.250354 -91.630699 2.110000 -1.000000 0.000000
7500 14 S -185.248001 -7.450535 -94.434914 1.800000 0.000000 0.000000
7500 15 G -186.986023 -5.502376 -92.225479 2.150000 0.000000 0.000000
7500 16 P -181.545227 -6.541945 -94.290489 2.110000 -1.000000 0.000000
7500 17 S -181.594559 -2.820336 -93.330574 1.800000 0.000000 0.000000
7500 18 C -183.530136 -2.327780 -90.490372 2.150000 0.000000 0.000000
7500 19 P -178.251358 -2.099896 -91.508850 2.110000 -1.000000 0.000000
7500 20 S -180.635971 0.772924 -90.396263 1.800000 0.000000 0.000000
7500 21 A -179.165054 3.498025 -92.021873 2.150000 0.000000 0.000000
7500 22 P -179.280273 2.492250 -86.962257 2.110000 -1.000000 0.000000
7500 23 S -182.888901 2.548759 -85.440376 1.800000 0.000000 0.000000
7500 24 A -183.220276 -0.642718 -85.618011 2.150000 0.000000 0.000000
7500 25 P -183.885635 3.218384 -81.669495 2.110000 -1.000000 0.000000
7500 26 S -187.292648 1.509354 -81.123741 1.800000 0.000000 0.000000
7500 27 G -188.179169 -1.311997 -82.747925 2.150000 0.000000 0.000000
7500 28 P -187.552277 0.635819 -77.219017 2.110000 -1.000000 0.000000
7500 29 S -190.594482 -1.912245 -77.723877 1.800000 0.000000 0.000000
7500 30 C -188.669540 -4.790605 -78.489578 2.150000 0.000000 0.000000
7500 31 P -192.545822 -3.244171 -74.658463 2.110000 -1.000000 0.000000
7500 32 S -194.056244 -6.373751 -76.429184 1.800000 0.000000 0.000000
7500 33 C -191.416046 -8.206832 -77.174438 2.150000 0.000000 0.000000
7500 34 P -195.826355 -8.433265 -73.684982 2.110000 -1.000000 0.000000
7500 35 S -195.532990 -12.287664 -74.855072 1.800000 0.000000 0.000000
7500 36 U -192.309845 -12.456069 -73.600723 2.150000 0.000000 0.000000
7500 37 P -197.267227 -13.739185 -71.783401 2.110000 -1.000000 0.000000
8000 1 P -178.787445 -16.195534 -72.215248 2.110000 -1.000000 1.000000
8000 2 S -181.684540 -18.101341 -73.695946 1.800000 0.000000 0.000000
8000 3 G -183.799164 -15.381590 -73.498680 2.150000 0.000000 0.000000
8000 4 P -180.551559 -17.019423 -77.322975 2.110000 -1.000000 0.000000
8000 5 S -183.817047 -17.495483 -79.324028 1.800000 0.000000 0.000000
8000 6 G -184.955673 -14.157399 -78.518837 2.150000 0.000000 0.000000
8000 7 P -183.256409 -16.744473 -82.947769 2.110000 -1.000000 0.000000
8000 8 S -186.239822 -14.821973 -84.816673 1.800000 0.000000 0.000000
8000 9 G -186.515015 -11.793075 -83.452805 2.150000 0.000000 0.000000
8000 10 P -184.732422 -13.583812 -88.204330 2.110000 -1.000000 0.000000
8000 11 S -187.519058 -11.310622 -89.678192 1.800000 0.000000 0.000000
8000 12 C -187.275101 -8.968916 -87.269539 2.150000 0.000000 0.000000
8000 13 P -184.522324 -10.282886 -91.555710 2.110000 -1.000000 0.000000
8000 14 S -185.535934 -7.458386 -94.087425 1.800000 0.000000 0.000000
8000 15 G -186.339767 -5.206063 -91.481903 2.150000 0.000000 0.000000
8000 16 P -181.860474 -6.278641 -94.133270 2.110000 -1.000000 0.000000
8000 17 S -182.225067 -2.407238 -93.215622 1.800000 0.000000 0.000000
8000 18 C -182.920563 -3.182658 -90.035828 2.150000 0.000000 0.000000
8000 19 P -179.092896 -1.457632 -91.269241 2.110000 -1.000000 0.000000
8000 20 S -181.477509 1.415188 -90.156654 1.800000 0.000000 0.000000
8000 21 A -184.359421 0.164346 -88.747368 2.150000 0.000000 0.000000
8000 22 P -179.953323 2.828894 -86.590927 2.110000 -1.000000 0.000000
8000 23 S -183.558258 2.749559 -85.146393 1.800000 0.000000 0.000000
8000 24 A -184.683350 -0.628499 -84.428566 2.150000 0.000000 0.000000
8000 25 P -184.079926 3.187506 -81.180023 2.110000 -1.000000 0.000000
8000 26 S -187.493973 1.201133 -80.701027 1.800000 0.000000 0.000000
8000 27 G -188.380493 -1.620218 -82.325211 2.150000 0.000000 0.000000
8000 28 P -187.905579 0.445837 -76.951385 2.110000 -1.000000 0.000000
8000 29 S -190.738205 -1.872024 -77.769318 1.800000 0.000000 0.000000
8000 30 C -188.813263 -4.750384 -78.535019 2.150000 0.000000 0.000000
8000 31 P -192.606598 -3.228663 -74.498695 2.110000 -1.000000 0.000000
8000 32 S -194.008774 -6.269126 -76.462563 1.800000 0.000000 0.000000
8000 33 C -191.590408 -8.552855 -76.483345 2.150000 0.000000 0.000000
8000 34 P -195.701202 -8.193706 -73.464767 2.110000 -1.000000 0.000000
8000 35 S -195.379379 -11.920094 -74.695450 1.800000 0.000000 0.000000
8000 36 U -192.156235 -12.088498 -73.441101 2.150000 0.000000 0.000000
8000 37 P -196.719589 -12.637661 -71.089470 2.110000 -1.000000 0.000000
8500 1 P -179.120468 -16.224577 -70.993011 2.110000 -1.000000 1.000000
8500 2 S -181.342163 -17.588200 -74.158051 1.800000 0.000000 0.000000
8500 3 G -183.771576 -15.086489 -74.005875 2.150000 0.000000 0.000000
8500 4 P -180.515686 -16.755081 -77.802292 2.110000 -1.000000 0.000000
8500 5 S -183.829346 -17.411160 -79.485992 1.800000 0.000000 0.000000
8500 6 G -184.988159 -14.087847 -78.761917 2.150000 0.000000 0.000000
8500 7 P -183.288895 -16.674921 -83.190849 2.110000 -1.000000 0.000000
8500 8 S -186.238770 -14.798404 -84.894470 1.800000 0.000000 0.000000
8500 9 G -186.497284 -11.770692 -83.502693 2.150000 0.000000 0.000000
8500 10 P -184.714691 -13.561429 -88.254219 2.110000 -1.000000 0.000000
8500 11 S -187.497009 -11.283821 -89.758430 1.800000 0.000000 0.000000
8500 12 C -187.251709 -8.940343 -87.347176 2.150000 0.000000 0.000000
8500 13 P -184.498932 -10.254313 -91.633347 2.110000 -1.000000 0.000000
8500 14 S -185.642242 -7.154967 -93.958015 1.800000 0.000000 0.000000
8500 15 G -186.707428 -5.145579 -91.646919 2.150000 0.000000 0.000000
8500 16 P -182.140808 -5.767444 -94.519112 2.110000 -1.000000 0.000000
8500 17 S -182.586121 -2.023726 -93.536324 1.800000 0.000000 0.000000
8500 18 C -182.210266 -0.443607 -96.813438 2.150000 0.000000 0.000000
8500 19 P -179.291183 -1.050851 -91.802391 2.110000 -1.000000 0.000000
8500 20 S -181.672699 1.902081 -90.850983 1.800000 0.000000 0.000000
8500 21 A -184.513916 -0.064433 -89.736984 2.150000 0.000000 0.000000
8500 22 P -180.018295 2.910625 -87.335258 2.110000 -1.000000 0.000000
8500 23 S -183.439423 2.623008 -85.376808 1.800000 0.000000 0.000000
8500 24 A -183.025833 -0.951449 -84.555252 2.150000 0.000000 0.000000
8500 25 P -183.708252 3.292300 -81.598412 2.110000 -1.000000 0.000000
8500 26 S -187.328339 1.419713 -81.078033 1.800000 0.000000 0.000000
8500 27 G -188.079056 -1.615227 -82.290665 2.150000 0.000000 0.000000
8500 28 P -187.909271 0.657573 -77.281639 2.110000 -1.000000 0.000000
8500 29 S -190.817291 -2.007917 -77.611519 1.800000 0.000000 0.000000
8500 30 C -188.892349 -4.886276 -78.377220 2.150000 0.000000 0.000000
8500 31 P -192.676300 -3.320242 -74.434967 2.110000 -1.000000 0.000000
8500 32 S -194.034180 -6.159298 -76.769020 1.800000 0.000000 0.000000
8500 33 C -191.555038 -8.382711 -76.767189 2.150000 0.000000 0.000000
8500 34 P -195.692688 -8.122632 -73.910667 2.110000 -1.000000 0.000000
8500 35 S -195.382355 -11.787909 -74.973785 1.800000 0.000000 0.000000
8500 36 U -192.159210 -11.956313 -73.719437 2.150000 0.000000 0.000000
8500 37 P -197.158112 -13.274980 -71.871391 2.110000 -1.000000 0.000000
9000 1 P -178.883926 -15.297644 -71.987015 2.110000 -1.000000 1.000000
9000 2 S -181.457489 -17.803762 -74.058426 1.800000 0.000000 0.000000
9000 3 G -183.809036 -15.118087 -73.843575 2.150000 0.000000 0.000000
9000 4 P -180.553146 -16.786671 -77.639992 2.110000 -1.000000 0.000000
9000 5 S -183.859970 -17.446331 -79.443382 1.800000 0.000000 0.000000
9000 6 G -185.008224 -14.122219 -78.706039 2.150000 0.000000 0.000000
9000 7 P -183.308960 -16.709290 -83.134972 2.110000 -1.000000 0.000000
9000 8 S -186.262177 -14.808128 -84.921371 1.800000 0.000000 0.000000
9000 9 G -186.517120 -11.781396 -83.453766 2.150000 0.000000 0.000000
9000 10 P -184.734528 -13.572133 -88.205292 2.110000 -1.000000 0.000000
9000 11 S -187.514450 -11.299156 -89.691376 1.800000 0.000000 0.000000
9000 12 C -187.288071 -8.958541 -87.317177 2.150000 0.000000 0.000000
9000 13 P -184.535294 -10.272511 -91.603348 2.110000 -1.000000 0.000000
9000 14 S -185.686371 -7.471181 -93.870567 1.800000 0.000000 0.000000
9000 15 G -185.880768 -6.299241 -90.592789 2.150000 0.000000 0.000000
9000 16 P -182.009491 -6.705441 -94.121635 2.110000 -1.000000 0.000000
9000 17 S -182.555222 -2.802316 -93.417938 1.800000 0.000000 0.000000
9000 18 C -182.224152 -2.409653 -96.601410 2.150000 0.000000 0.000000
9000 19 P -179.641479 -2.071050 -91.157974 2.110000 -1.000000 0.000000
9000 20 S -182.045731 0.872791 -90.189224 1.800000 0.000000 0.000000
9000 21 A -185.032928 -0.903985 -89.509377 2.150000 0.000000 0.000000
9000 22 P -180.619873 2.227302 -86.792290 2.110000 -1.000000 0.000000
9000 23 S -184.206879 2.530333 -85.098846 1.800000 0.000000 0.000000
9000 24 A -182.948059 -0.834911 -84.679688 2.150000 0.000000 0.000000
9000 25 P -184.329437 3.128078 -81.095474 2.110000 -1.000000 0.000000
9000 26 S -187.679810 1.300672 -80.927818 1.800000 0.000000 0.000000
9000 27 G -188.430527 -1.734269 -82.140450 2.150000 0.000000 0.000000
9000 28 P -188.259476 0.469030 -77.120018 2.110000 -1.000000 0.000000
9000 29 S -190.902603 -2.104558 -77.499954 1.800000 0.000000 0.000000
9000 30 C -188.977661 -4.982918 -78.265656 2.150000 0.000000 0.000000
9000 31 P -192.748367 -3.420697 -74.320610 2.110000 -1.000000 0.000000
9000 32 S -194.060349 -6.253041 -76.799149 1.800000 0.000000 0.000000
9000 33 C -191.622223 -8.506803 -76.694725 2.150000 0.000000 0.000000
9000 34 P -195.893768 -8.313913 -74.067375 2.110000 -1.000000 0.000000
9000 35 S -195.603088 -12.196027 -74.982796 1.800000 0.000000 0.000000
9000 36 U -192.379944 -12.364431 -73.728447 2.150000 0.000000 0.000000
9000 37 P -197.106293 -12.273217 -71.358383 2.110000 -1.000000 0.000000
9500 1 P -178.730103 -15.188687 -72.740196 2.110000 -1.000000 1.000000
9500 2 S -181.385635 -17.602205 -73.907104 1.800000 0.000000 0.000000
9500 3 G -183.832153 -15.153335 -73.787300 2.150000 0.000000 0.000000
9500 4 P -180.576263 -16.821928 -77.583717 2.110000 -1.000000 0.000000
9500 5 S -183.919495 -17.554041 -79.310913 1.800000 0.000000 0.000000
9500 6 G -185.037857 -14.226625 -78.601051 2.150000 0.000000 0.000000
9500 7 P -183.338593 -16.813698 -83.029984 2.110000 -1.000000 0.000000
9500 8 S -186.300400 -14.908072 -84.751785 1.800000 0.000000 0.000000
9500 9 G -186.520905 -11.868878 -83.321800 2.150000 0.000000 0.000000
9500 10 P -184.738312 -13.659616 -88.073326 2.110000 -1.000000 0.000000
9500 11 S -187.518234 -11.386639 -89.559410 1.800000 0.000000 0.000000
9500 12 C -187.259003 -9.011957 -87.248001 2.150000 0.000000 0.000000
9500 13 P -184.506226 -10.325927 -91.534172 2.110000 -1.000000 0.000000
9500 14 S -185.704010 -7.318977 -93.948746 1.800000 0.000000 0.000000
9500 15 G -186.301392 -5.653996 -91.060043 2.150000 0.000000 0.000000
9500 16 P -181.880753 -6.055683 -93.758728 2.110000 -1.000000 0.000000
9500 17 S -182.514496 -2.275153 -93.039856 1.800000 0.000000 0.000000
9500 18 C -181.317993 -2.080676 -96.493629 2.150000 0.000000 0.000000
9500 19 P -179.052200 -1.576683 -91.140266 2.110000 -1.000000 0.000000
9500 20 S -181.456451 1.367158 -90.171516 1.800000 0.000000 0.000000
9500 21 A -183.670044 -0.842243 -88.714844 2.150000 0.000000 0.000000
9500 22 P -180.008621 2.541524 -86.684914 2.110000 -1.000000 0.000000
9500 23 S -183.727875 2.375447 -85.422791 1.800000 0.000000 0.000000
9500 24 A -184.345306 -0.946879 -84.733803 2.150000 0.000000 0.000000
9500 25 P -183.923462 3.146039 -81.469315 2.110000 -1.000000 0.000000
9500 26 S -187.566284 1.400630 -81.050285 1.800000 0.000000 0.000000
9500 27 G -188.482208 -1.931541 -81.927368 2.150000 0.000000 0.000000
9500 28 P -187.991348 0.535335 -77.186111 2.110000 -1.000000 0.000000
9500 29 S -190.887589 -2.034086 -77.566483 1.800000 0.000000 0.000000
9500 30 C -188.962646 -4.912445 -78.332184 2.150000 0.000000 0.000000
9500 31 P -192.716248 -3.382189 -74.471710 2.110000 -1.000000 0.000000
9500 32 S -194.022705 -6.219357 -76.772057 1.800000 0.000000 0.000000
9500 33 C -191.584579 -8.473122 -76.667633 2.150000 0.000000 0.000000
9500 34 P -195.875671 -8.372837 -74.149132 2.110000 -1.000000 0.000000
9500 35 S -195.477646 -12.085625 -75.485001 1.800000 0.000000 0.000000
9500 36 U -192.259033 -12.218158 -74.172882 2.150000 0.000000 0.000000
9500 37 P -197.201035 -14.271951 -72.687080 2.110000 -1.000000 0.000000
10000 1 P -178.424500 -15.420984 -72.431892 2.110000 -1.000000 1.000000
10000 2 S -180.979431 -17.452839 -74.691879 1.800000 0.000000 0.000000
10000 3 G -183.358459 -14.954361 -74.562263 2.150000 0.000000 0.000000
10000 4 P -180.102570 -16.622959 -78.358681 2.110000 -1.000000 0.000000
10000 5 S -183.763367 -17.438749 -79.662460 1.800000 0.000000 0.000000
10000 6 G -184.849838 -14.114710 -79.046906 2.150000 0.000000 0.000000
10000 7 P -183.150574 -16.701780 -83.475838 2.110000 -1.000000 0.000000
10000 8 S -186.292206 -14.748430 -84.956070 1.800000 0.000000 0.000000
10000 9 G -186.219940 -11.557664 -83.610954 2.150000 0.000000 0.000000
10000 10 P -184.711746 -13.518576 -88.226997 2.110000 -1.000000 0.000000
10000 11 S -187.431854 -11.178846 -89.620003 1.800000 0.000000 0.000000
10000 12 C -187.199661 -8.881522 -87.194023 2.150000 0.000000 0.000000
10000 13 P -184.446884 -10.195492 -91.480194 2.110000 -1.000000 0.000000
10000 14 S -185.847900 -7.406419 -93.831764 1.800000 0.000000 0.000000
10000 15 G -186.919083 -5.930220 -90.766129 2.150000 0.000000 0.000000
10000 16 P -182.203995 -6.204783 -94.196564 2.110000 -1.000000 0.000000
10000 17 S -182.700256 -2.304526 -93.604630 1.800000 0.000000 0.000000
10000 18 C -181.168930 -1.904092 -96.698273 2.150000 0.000000 0.000000
10000 19 P -179.500061 -1.690178 -91.423721 2.110000 -1.000000 0.000000
10000 20 S -181.904312 1.253663 -90.454971 1.800000 0.000000 0.000000
10000 21 A -184.064240 -1.069020 -89.787163 2.150000 0.000000 0.000000
10000 22 P -180.204727 2.725391 -87.174393 2.110000 -1.000000 0.000000
10000 23 S -183.747604 2.591667 -85.383377 1.800000 0.000000 0.000000
10000 24 A -185.571060 5.228249 -86.503120 2.150000 0.000000 0.000000
10000 25 P -184.299942 3.298673 -81.485641 2.110000 -1.000000 0.000000
10000 26 S -187.820038 1.673474 -81.341721 1.800000 0.000000 0.000000
10000 27 G -188.405548 -1.463974 -82.506973 2.150000 0.000000 0.000000
10000 28 P -188.021439 0.731860 -77.450836 2.110000 -1.000000 0.000000
10000 29 S -190.678589 -1.950627 -78.218155 1.800000 0.000000 0.000000
10000 30 C -188.753647 -4.828986 -78.983856 2.150000 0.000000 0.000000
10000 31 P -192.555191 -3.283369 -75.014641 2.110000 -1.000000 0.000000
10000 32 S -193.918457 -6.034342 -77.295959 1.800000 0.000000 0.000000
10000 33 C -191.480331 -8.288108 -77.191536 2.150000 0.000000 0.000000
10000 34 P -195.804489 -8.077186 -74.564980 2.110000 -1.000000 0.000000
10000 35 S -195.165817 -11.836857 -75.383957 1.800000 0.000000 0.000000
10000 36 U -191.804626 -11.695312 -74.009659 2.150000 0.000000 0.000000
10000 37 P -197.080109 -12.838978 -72.159035 2.110000 -1.000000 0.000000
