500 1 P -183.092316 -21.060200 -72.510170 2.110000 -1.000000 1.000000
500 2 S -182.086792 -17.273405 -72.742256 1.800000 0.000000 0.000000
500 3 G -184.909683 -15.367428 -72.146439 2.150000 0.000000 0.000000
500 4 P -181.044342 -16.991106 -76.405159 2.110000 -1.000000 0.000000
500 5 S -184.590027 -17.421015 -78.334717 1.800000 0.000000 0.000000
500 6 G -185.510834 -14.283169 -77.137032 2.150000 0.000000 0.000000
500 7 P -183.932724 -16.699505 -82.244087 2.110000 -1.000000 0.000000
500 8 S -186.898407 -15.259010 -84.450775 1.800000 0.000000 0.000000
500 9 G -187.037170 -11.901048 -83.468300 2.150000 0.000000 0.000000
500 10 P -185.305908 -13.885875 -87.738739 2.110000 -1.000000 0.000000
500 11 S -187.787857 -11.640084 -89.405586 1.800000 0.000000 0.000000
500 12 C -186.998657 -9.144014 -87.235985 2.150000 0.000000 0.000000
500 13 P -184.827682 -10.582345 -91.377022 2.110000 -1.000000 0.000000
500 14 S -185.862991 -7.738611 -93.498932 1.800000 0.000000 0.000000
500 15 G -187.192017 -5.706269 -91.016731 2.150000 0.000000 0.000000
500 16 P -182.249527 -6.574584 -93.508881 2.110000 -1.000000 0.000000
500 17 S -182.242523 -2.624735 -93.071083 1.800000 0.000000 0.000000
500 18 C -183.467361 -2.704479 -90.013931 2.150000 0.000000 0.000000
500 19 P -178.830612 -1.634169 -91.536377 2.110000 -1.000000 0.000000
500 20 S -181.107971 1.328689 -90.606621 1.800000 0.000000 0.000000
500 21 A -179.396317 4.026493 -91.918892 2.150000 0.000000 0.000000
500 22 P -179.572266 2.908471 -87.583641 2.110000 -1.000000 0.000000
500 23 S -183.246323 2.803063 -86.143837 1.800000 0.000000 0.000000
500 24 A -185.167877 -0.419993 -86.290588 2.150000 0.000000 0.000000
500 25 P -183.849869 3.474036 -82.387390 2.110000 -1.000000 0.000000
500 26 S -187.270157 2.004696 -82.348709 1.800000 0.000000 0.000000
500 27 G -187.967422 -1.157365 -83.283501 2.150000 0.000000 0.000000
500 28 P -187.966064 1.342391 -78.526558 2.110000 -1.000000 0.000000
500 29 S -191.059082 -0.969514 -79.284248 1.800000 0.000000 0.000000
500 30 C -189.418762 -4.124294 -80.059479 2.150000 0.000000 0.000000
500 31 P -192.778503 -2.531154 -76.176254 2.110000 -1.000000 0.000000
500 32 S -193.829773 -5.507634 -78.367760 1.800000 0.000000 0.000000
500 33 C -191.177856 -7.346667 -77.089699 2.150000 0.000000 0.000000
500 34 P -195.289948 -6.716023 -74.954231 2.110000 -1.000000 0.000000
500 35 S -195.324600 -10.545310 -76.030624 1.800000 0.000000 0.000000
500 36 U -192.279953 -10.750803 -74.208275 2.150000 0.000000 0.000000
500 37 P -197.427521 -11.715295 -72.835075 2.110000 -1.000000 0.000000
1000 1 P -182.576569 -20.737362 -72.440582 2.110000 -1.000000 1.000000
1000 2 S -181.759521 -16.916105 -72.779221 1.800000 0.000000 0.000000
1000 3 G -184.777039 -15.408737 -72.510475 2.150000 0.000000 0.000000
1000 4 P -180.901505 -16.831919 -76.689476 2.110000 -1.000000 0.000000
1000 5 S -184.393387 -17.261984 -78.437065 1.800000 0.000000 0.000000
1000 6 G -185.553177 -14.294712 -77.022102 2.150000 0.000000 0.000000
1000 7 P -183.750031 -16.534142 -82.193268 2.110000 -1.000000 0.000000
1000 8 S -186.714050 -15.031784 -84.501297 1.800000 0.000000 0.000000
1000 9 G -186.887466 -11.777590 -83.467171 2.150000 0.000000 0.000000
1000 10 P -185.156204 -13.762417 -87.737610 2.110000 -1.000000 0.000000
1000 11 S -187.783463 -11.614713 -89.501396 1.800000 0.000000 0.000000
1000 12 C -186.979156 -9.094930 -87.266357 2.150000 0.000000 0.000000
1000 13 P -184.808182 -10.533260 -91.407394 2.110000 -1.000000 0.000000
1000 14 S -186.049942 -7.565029 -93.687141 1.800000 0.000000 0.000000
1000 15 G -186.997818 -5.191177 -91.171196 2.150000 0.000000 0.000000
1000 16 P -182.207489 -6.942000 -93.353729 2.110000 -1.000000 0.000000
1000 17 S -181.939575 -3.160349 -92.550400 1.800000 0.000000 0.000000
1000 18 C -181.376602 -1.806980 -95.652214 2.150000 0.000000 0.000000
1000 19 P -178.359695 -2.436080 -90.526062 2.110000 -1.000000 0.000000
1000 20 S -180.637054 0.526777 -89.596306 1.800000 0.000000 0.000000
1000 21 A -183.264191 -0.440171 -88.155487 2.150000 0.000000 0.000000
1000 22 P -178.736633 2.200920 -86.869164 2.110000 -1.000000 0.000000
1000 23 S -182.604385 2.612397 -85.727531 1.800000 0.000000 0.000000
1000 24 A -183.056061 -0.459938 -84.260201 2.150000 0.000000 0.000000
1000 25 P -183.826889 3.405726 -82.242157 2.110000 -1.000000 0.000000
1000 26 S -187.543839 2.165449 -82.692276 1.800000 0.000000 0.000000
1000 27 G -188.176682 -0.950854 -83.728416 2.150000 0.000000 0.000000
1000 28 P -187.902390 1.517635 -78.938683 2.110000 -1.000000 0.000000
1000 29 S -190.890213 -0.857157 -79.355553 1.800000 0.000000 0.000000
1000 30 C -189.698395 -4.035463 -80.208603 2.150000 0.000000 0.000000
1000 31 P -192.639465 -2.426315 -76.336700 2.110000 -1.000000 0.000000
1000 32 S -193.816605 -5.500218 -78.339561 1.800000 0.000000 0.000000
1000 33 C -191.164688 -7.339251 -77.061501 2.150000 0.000000 0.000000
1000 34 P -195.357117 -6.868213 -75.133224 2.110000 -1.000000 0.000000
1000 35 S -195.345673 -10.732490 -76.120384 1.800000 0.000000 0.000000
1000 36 U -192.301025 -10.937983 -74.298035 2.150000 0.000000 0.000000
1000 37 P -197.779694 -12.587761 -73.555374 2.110000 -1.000000 0.000000
1500 1 P -179.201691 -14.782147 -71.981377 2.110000 -1.000000 1.000000
1500 2 S -181.935684 -17.171759 -73.170135 1.800000 0.000000 0.000000
1500 3 G -184.784073 -15.435404 -72.730652 2.150000 0.000000 0.000000
1500 4 P -180.908539 -16.858585 -76.909653 2.110000 -1.000000 0.000000
1500 5 S -184.382233 -17.293222 -78.604515 1.800000 0.000000 0.000000
1500 6 G -185.534485 -14.330528 -77.247459 2.150000 0.000000 0.000000
1500 7 P -183.731339 -16.569956 -82.418625 2.110000 -1.000000 0.000000
1500 8 S -186.683594 -15.061107 -84.432549 1.800000 0.000000 0.000000
1500 9 G -186.893356 -11.812555 -83.332153 2.150000 0.000000 0.000000
1500 10 P -185.162094 -13.797382 -87.602592 2.110000 -1.000000 0.000000
1500 11 S -187.793793 -11.658986 -89.381798 1.800000 0.000000 0.000000
1500 12 C -186.992096 -9.137013 -87.191803 2.150000 0.000000 0.000000
1500 13 P -184.821121 -10.575344 -91.332840 2.110000 -1.000000 0.000000
1500 14 S -185.736771 -7.928367 -94.074524 1.800000 0.000000 0.000000
1500 15 G -187.898926 -6.583724 -91.574265 2.150000 0.000000 0.000000
1500 16 P -182.006638 -7.083051 -93.355278 2.110000 -1.000000 0.000000
1500 17 S -182.009857 -3.251433 -92.707436 1.800000 0.000000 0.000000
1500 18 C -183.269897 -2.743233 -89.399719 2.150000 0.000000 0.000000
1500 19 P -178.440536 -2.137047 -91.300194 2.110000 -1.000000 0.000000
1500 20 S -180.796463 0.766460 -90.238464 1.800000 0.000000 0.000000
1500 21 A -178.553299 2.596541 -91.920403 2.150000 0.000000 0.000000
1500 22 P -179.215607 2.758983 -87.116806 2.110000 -1.000000 0.000000
1500 23 S -182.969223 2.948144 -86.355713 1.800000 0.000000 0.000000
1500 24 A -184.617355 0.007655 -85.732178 2.150000 0.000000 0.000000
1500 25 P -183.935135 3.726102 -82.734840 2.110000 -1.000000 0.000000
1500 26 S -187.584503 2.140339 -82.615532 1.800000 0.000000 0.000000
1500 27 G -188.217346 -0.975964 -83.651672 2.150000 0.000000 0.000000
1500 28 P -187.899643 1.515148 -78.920891 2.110000 -1.000000 0.000000
1500 29 S -190.891190 -0.883266 -79.344002 1.800000 0.000000 0.000000
1500 30 C -189.699371 -4.061573 -80.197052 2.150000 0.000000 0.000000
1500 31 P -192.597015 -2.394836 -76.351913 2.110000 -1.000000 0.000000
1500 32 S -193.775864 -5.480641 -78.397919 1.800000 0.000000 0.000000
1500 33 C -191.123947 -7.319674 -77.119858 2.150000 0.000000 0.000000
1500 34 P -195.457611 -6.995604 -75.315079 2.110000 -1.000000 0.000000
1500 35 S -195.417099 -10.875685 -76.363815 1.800000 0.000000 0.000000
1500 36 U -192.372452 -11.081178 -74.541466 2.150000 0.000000 0.000000
1500 37 P -197.051941 -12.303283 -73.279930 2.110000 -1.000000 0.000000
2000 1 P -179.256607 -14.479716 -71.824829 2.110000 -1.000000 1.000000
2000 2 S -181.898529 -16.996294 -73.133469 1.800000 0.000000 0.000000
2000 3 G -184.613953 -15.030806 -72.823860 2.150000 0.000000 0.000000
2000 4 P -180.888596 -16.737978 -76.977478 2.110000 -1.000000 0.000000
2000 5 S -184.285370 -17.200857 -78.463531 1.800000 0.000000 0.000000
2000 6 G -185.424210 -14.216277 -77.170212 2.150000 0.000000 0.000000
2000 7 P -183.621063 -16.455706 -82.341377 2.110000 -1.000000 0.000000
2000 8 S -186.624512 -15.014668 -84.366753 1.800000 0.000000 0.000000
2000 9 G -186.870026 -11.805833 -83.400093 2.150000 0.000000 0.000000
2000 10 P -185.138763 -13.790660 -87.670532 2.110000 -1.000000 0.000000
2000 11 S -187.791397 -11.680517 -89.438431 1.800000 0.000000 0.000000
2000 12 C -186.999069 -9.140632 -87.154121 2.150000 0.000000 0.000000
2000 13 P -184.828094 -10.578962 -91.295158 2.110000 -1.000000 0.000000
2000 14 S -185.927551 -7.654455 -93.641434 1.800000 0.000000 0.000000
2000 15 G -187.790115 -5.428683 -91.584030 2.150000 0.000000 0.000000
2000 16 P -182.138016 -6.819010 -93.090134 2.110000 -1.000000 0.000000
2000 17 S -182.076965 -3.069964 -92.466385 1.800000 0.000000 0.000000
2000 18 C -182.917969 -3.132240 -89.193932 2.150000 0.000000 0.000000
2000 19 P -178.595535 -2.001980 -91.264992 2.110000 -1.000000 0.000000
2000 20 S -180.957397 0.884345 -90.219948 1.800000 0.000000 0.000000
2000 21 A -179.893494 2.021667 -93.323143 2.150000 0.000000 0.000000
2000 22 P -178.900696 2.646937 -87.457718 2.110000 -1.000000 0.000000
2000 23 S -182.795273 2.746831 -86.533440 1.800000 0.000000 0.000000
2000 24 A -183.776611 -0.351440 -85.203011 2.150000 0.000000 0.000000
2000 25 P -183.815155 3.687072 -82.954887 2.110000 -1.000000 0.000000
2000 26 S -187.503418 2.112482 -82.628990 1.800000 0.000000 0.000000
2000 27 G -188.480392 -1.064221 -83.594971 2.150000 0.000000 0.000000
2000 28 P -187.860474 1.367677 -78.827675 2.110000 -1.000000 0.000000
2000 29 S -191.055298 -1.079744 -79.073921 1.800000 0.000000 0.000000
2000 30 C -189.516403 -4.157637 -79.732933 2.150000 0.000000 0.000000
2000 31 P -192.741730 -2.551822 -76.032265 2.110000 -1.000000 0.000000
2000 32 S -193.959396 -5.631578 -78.026680 1.800000 0.000000 0.000000
2000 33 C -191.307480 -7.470612 -76.748619 2.150000 0.000000 0.000000
2000 34 P -195.630173 -7.067264 -74.885559 2.110000 -1.000000 0.000000
2000 35 S -195.536423 -10.829219 -75.859085 1.800000 0.000000 0.000000
2000 36 U -192.491776 -11.034712 -74.036736 2.150000 0.000000 0.000000
2000 37 P -198.178589 -11.793384 -72.910858 2.110000 -1.000000 0.000000
2500 1 P -179.604446 -15.752880 -71.336174 2.110000 -1.000000 1.000000
2500 2 S -182.218933 -17.619888 -73.313240 1.800000 0.000000 0.000000
2500 3 G -184.462814 -15.012547 -72.736351 2.150000 0.000000 0.000000
2500 4 P -180.737457 -16.719717 -76.889969 2.110000 -1.000000 0.000000
2500 5 S -184.241714 -17.184452 -78.231506 1.800000 0.000000 0.000000
2500 6 G -185.165054 -14.029360 -77.147568 2.150000 0.000000 0.000000
2500 7 P -183.588562 -16.438282 -82.071243 2.110000 -1.000000 0.000000
2500 8 S -186.530838 -14.984329 -84.240913 1.800000 0.000000 0.000000
2500 9 G -186.758224 -11.768809 -83.250374 2.150000 0.000000 0.000000
2500 10 P -185.026962 -13.753636 -87.520813 2.110000 -1.000000 0.000000
2500 11 S -187.744247 -11.670393 -89.355835 1.800000 0.000000 0.000000
2500 12 C -186.954193 -9.131741 -87.094170 2.150000 0.000000 0.000000
2500 13 P -184.783218 -10.570071 -91.235207 2.110000 -1.000000 0.000000
2500 14 S -185.874039 -7.925749 -93.711670 1.800000 0.000000 0.000000
2500 15 G -186.488754 -7.212901 -90.448463 2.150000 0.000000 0.000000
2500 16 P -182.315384 -6.857718 -94.090019 2.110000 -1.000000 0.000000
2500 17 S -182.072159 -2.950354 -93.885551 1.800000 0.000000 0.000000
2500 18 C -184.123123 -2.369491 -91.163216 2.150000 0.000000 0.000000
2500 19 P -178.727219 -1.808704 -92.309280 2.110000 -1.000000 0.000000
2500 20 S -181.089081 1.077621 -91.264236 1.800000 0.000000 0.000000
2500 21 A -183.039734 3.020256 -93.275848 2.150000 0.000000 0.000000
2500 22 P -179.337082 2.987115 -88.090782 2.110000 -1.000000 0.000000
2500 23 S -182.988281 2.870809 -86.232635 1.800000 0.000000 0.000000
2500 24 A -184.421616 -0.239355 -87.494080 2.150000 0.000000 0.000000
2500 25 P -184.013901 3.640603 -82.305031 2.110000 -1.000000 0.000000
2500 26 S -187.592880 1.987779 -82.236252 1.800000 0.000000 0.000000
2500 27 G -188.241959 -0.991278 -83.589050 2.150000 0.000000 0.000000
2500 28 P -188.047440 1.278668 -78.444107 2.110000 -1.000000 0.000000
2500 29 S -191.086197 -0.992045 -79.301498 1.800000 0.000000 0.000000
2500 30 C -189.744431 -4.208748 -79.635941 2.150000 0.000000 0.000000
2500 31 P -192.711212 -2.429835 -76.124374 2.110000 -1.000000 0.000000
2500 32 S -193.867401 -5.613909 -77.872704 1.800000 0.000000 0.000000
2500 33 C -190.960052 -7.229504 -76.632591 2.150000 0.000000 0.000000
2500 34 P -195.596985 -7.057487 -74.764526 2.110000 -1.000000 0.000000
2500 35 S -195.460678 -10.867530 -75.896881 1.800000 0.000000 0.000000
2500 36 U -192.416031 -11.073023 -74.074532 2.150000 0.000000 0.000000
2500 37 P -197.537857 -12.267664 -72.898727 2.110000 -1.000000 0.000000
3000 1 P -179.413010 -15.411439 -71.022041 2.110000 -1.000000 1.000000
3000 2 S -182.058075 -17.323217 -73.159050 1.800000 0.000000 0.000000
3000 3 G -184.299759 -14.740074 -72.674454 2.150000 0.000000 0.000000
3000 4 P -180.644257 -16.571918 -76.779892 2.110000 -1.000000 0.000000
3000 5 S -184.270813 -17.266644 -78.207809 1.800000 0.000000 0.000000
3000 6 G -185.213852 -14.114456 -77.098953 2.150000 0.000000 0.000000
3000 7 P -183.637360 -16.523373 -82.022629 2.110000 -1.000000 0.000000
3000 8 S -186.501236 -14.994679 -84.186287 1.800000 0.000000 0.000000
3000 9 G -186.758835 -11.791953 -83.201637 2.150000 0.000000 0.000000
3000 10 P -185.027573 -13.776780 -87.472076 2.110000 -1.000000 0.000000
3000 11 S -187.766159 -11.708726 -89.234657 1.800000 0.000000 0.000000
3000 12 C -186.957245 -9.157396 -86.985725 2.150000 0.000000 0.000000
3000 13 P -184.786270 -10.595727 -91.126762 2.110000 -1.000000 0.000000
3000 14 S -185.865082 -7.758028 -93.660271 1.800000 0.000000 0.000000
3000 15 G -188.057327 -6.015455 -91.636459 2.150000 0.000000 0.000000
3000 16 P -182.321075 -6.302563 -93.841949 2.110000 -1.000000 0.000000
3000 17 S -182.706497 -2.467099 -93.731354 1.800000 0.000000 0.000000
3000 18 C -183.097839 -1.777194 -90.503853 2.150000 0.000000 0.000000
3000 19 P -179.186157 -1.304624 -92.737167 2.110000 -1.000000 0.000000
3000 20 S -181.562469 1.597276 -91.762627 1.800000 0.000000 0.000000
3000 21 A -181.443893 3.997758 -94.255325 2.150000 0.000000 0.000000
3000 22 P -179.743774 3.424492 -88.780106 2.110000 -1.000000 0.000000
3000 23 S -183.355255 2.953308 -87.197197 1.800000 0.000000 0.000000
3000 24 A -182.656845 -0.333757 -85.978104 2.150000 0.000000 0.000000
3000 25 P -183.738724 3.858721 -83.336960 2.110000 -1.000000 0.000000
3000 26 S -187.297989 2.256056 -82.840523 1.800000 0.000000 0.000000
3000 27 G -187.947067 -0.723000 -84.193321 2.150000 0.000000 0.000000
3000 28 P -187.756561 1.518654 -78.932831 2.110000 -1.000000 0.000000
3000 29 S -190.876602 -0.897117 -79.563850 1.800000 0.000000 0.000000
3000 30 C -189.327866 -3.939654 -79.896034 2.150000 0.000000 0.000000
3000 31 P -192.496552 -2.330772 -76.385704 2.110000 -1.000000 0.000000
3000 32 S -193.736282 -5.489341 -78.173477 1.800000 0.000000 0.000000
3000 33 C -190.828934 -7.104936 -76.933365 2.150000 0.000000 0.000000
3000 34 P -195.442871 -6.883230 -74.971695 2.110000 -1.000000 0.000000
3000 35 S -195.421631 -10.735750 -75.494125 1.800000 0.000000 0.000000
3000 36 U -192.376984 -10.941243 -73.671776 2.150000 0.000000 0.000000
3000 37 P -196.993332 -11.311324 -72.010620 2.110000 -1.000000 0.000000
3500 1 P -179.107040 -14.659486 -71.524254 2.110000 -1.000000 1.000000
3500 2 S -182.002838 -17.277290 -72.687508 1.800000 0.000000 0.000000
3500 3 G -184.365234 -14.842309 -72.531334 2.150000 0.000000 0.000000
3500 4 P -180.857010 -16.831053 -76.383934 2.110000 -1.000000 0.000000
3500 5 S -184.332809 -17.362675 -78.050255 1.800000 0.000000 0.000000
3500 6 G -185.335007 -14.221717 -77.341225 2.150000 0.000000 0.000000
3500 7 P -183.734070 -16.599190 -81.823601 2.110000 -1.000000 0.000000
3500 8 S -186.516327 -15.028692 -84.008492 1.800000 0.000000 0.000000
3500 9 G -186.758057 -11.892441 -83.016457 2.150000 0.000000 0.000000
3500 10 P -185.064346 -13.824324 -87.461464 2.110000 -1.000000 0.000000
3500 11 S -187.802368 -11.752601 -89.274063 1.800000 0.000000 0.000000
3500 12 C -187.042999 -9.132148 -87.155266 2.150000 0.000000 0.000000
3500 13 P -184.820633 -10.642976 -91.127838 2.110000 -1.000000 0.000000
3500 14 S -186.118240 -7.796954 -93.483353 1.800000 0.000000 0.000000
3500 15 G -186.960648 -4.617294 -92.166893 2.150000 0.000000 0.000000
3500 16 P -182.452118 -6.988733 -94.074341 2.110000 -1.000000 0.000000
3500 17 S -183.658234 -3.322223 -93.600113 1.800000 0.000000 0.000000
3500 18 C -183.434631 -2.422378 -97.201668 2.150000 0.000000 0.000000
3500 19 P -180.163071 -2.365002 -91.759979 2.110000 -1.000000 0.000000
3500 20 S -182.544876 0.529134 -90.800156 1.800000 0.000000 0.000000
3500 21 A -184.878845 -0.566218 -88.635941 2.150000 0.000000 0.000000
3500 22 P -180.549362 2.360484 -87.923340 2.110000 -1.000000 0.000000
3500 23 S -184.189636 2.615121 -86.085022 1.800000 0.000000 0.000000
3500 24 A -184.693085 -0.468682 -84.713364 2.150000 0.000000 0.000000
3500 25 P -184.010757 3.650403 -82.494568 2.110000 -1.000000 0.000000
3500 26 S -187.589966 2.099893 -82.528801 1.800000 0.000000 0.000000
3500 27 G -188.239044 -0.879164 -83.881599 2.150000 0.000000 0.000000
3500 28 P -187.830872 1.372902 -78.689621 2.110000 -1.000000 0.000000
3500 29 S -190.890701 -0.903270 -79.632820 1.800000 0.000000 0.000000
3500 30 C -189.279312 -3.828397 -80.280464 2.150000 0.000000 0.000000
3500 31 P -192.504593 -2.351631 -76.418396 2.110000 -1.000000 0.000000
3500 32 S -193.822952 -5.618092 -78.233551 1.800000 0.000000 0.000000
3500 33 C -190.915604 -7.233686 -76.993439 2.150000 0.000000 0.000000
3500 34 P -195.556076 -7.060835 -75.137917 2.110000 -1.000000 0.000000
3500 35 S -195.562592 -11.021733 -75.504028 1.800000 0.000000 0.000000
3500 36 U -192.421371 -11.144256 -73.885605 2.150000 0.000000 0.000000
3500 37 P -197.271118 -12.158446 -72.065659 2.110000 -1.000000 0.000000
4000 1 P -179.082733 -14.863092 -71.624512 2.110000 -1.000000 1.000000
4000 2 S -182.041641 -17.339369 -72.551483 1.800000 0.000000 0.000000
4000 3 G -184.306961 -14.759263 -72.444061 2.150000 0.000000 0.000000
4000 4 P -180.798737 -16.747999 -76.296661 2.110000 -1.000000 0.000000
4000 5 S -184.205276 -17.274668 -78.207092 1.800000 0.000000 0.000000
4000 6 G -185.118790 -14.029341 -77.496712 2.150000 0.000000 0.000000
4000 7 P -183.517853 -16.406809 -81.979088 2.110000 -1.000000 0.000000
4000 8 S -186.557373 -15.052038 -83.999825 1.800000 0.000000 0.000000
4000 9 G -186.802383 -11.918541 -82.932182 2.150000 0.000000 0.000000
4000 10 P -185.108673 -13.850424 -87.377190 2.110000 -1.000000 0.000000
4000 11 S -187.884552 -11.810206 -89.122971 1.800000 0.000000 0.000000
4000 12 C -187.132126 -9.197491 -87.057877 2.150000 0.000000 0.000000
4000 13 P -184.909760 -10.708319 -91.030449 2.110000 -1.000000 0.000000
4000 14 S -185.970383 -7.696323 -93.470390 1.800000 0.000000 0.000000
4000 15 G -186.872025 -5.860536 -90.841225 2.150000 0.000000 0.000000
4000 16 P -182.193420 -6.690081 -93.476295 2.110000 -1.000000 0.000000
4000 17 S -182.697205 -2.849494 -92.880112 1.800000 0.000000 0.000000
4000 18 C -182.143463 -2.134646 -96.280510 2.150000 0.000000 0.000000
4000 19 P -179.050369 -1.746180 -91.970337 2.110000 -1.000000 0.000000
4000 20 S -181.434052 1.157938 -91.051498 1.800000 0.000000 0.000000
4000 21 A -184.420395 -0.514580 -90.234596 2.150000 0.000000 0.000000
4000 22 P -179.704529 2.783345 -87.964851 2.110000 -1.000000 0.000000
4000 23 S -183.478561 2.848848 -86.744011 1.800000 0.000000 0.000000
4000 24 A -184.736923 5.452871 -88.446045 2.150000 0.000000 0.000000
4000 25 P -184.065857 3.611104 -83.015656 2.110000 -1.000000 0.000000
4000 26 S -187.676697 2.094392 -82.580986 1.800000 0.000000 0.000000
4000 27 G -188.325775 -0.884664 -83.933784 2.150000 0.000000 0.000000
4000 28 P -187.946426 1.363253 -78.745560 2.110000 -1.000000 0.000000
4000 29 S -190.978928 -0.943793 -79.573364 1.800000 0.000000 0.000000
4000 30 C -189.367538 -3.868920 -80.221008 2.150000 0.000000 0.000000
4000 31 P -192.657120 -2.388361 -76.378281 2.110000 -1.000000 0.000000
4000 32 S -193.836349 -5.602945 -78.383018 1.800000 0.000000 0.000000
4000 33 C -190.929001 -7.218539 -77.142906 2.150000 0.000000 0.000000
4000 34 P -195.433868 -6.817225 -74.868668 2.110000 -1.000000 0.000000
4000 35 S -195.382019 -10.766024 -75.479904 1.800000 0.000000 0.000000
4000 36 U -192.210083 -10.764886 -73.859329 2.150000 0.000000 0.000000
4000 37 P -196.787140 -11.412542 -71.933182 2.110000 -1.000000 0.000000
4500 1 P -179.266144 -15.069743 -70.907913 2.110000 -1.000000 1.000000
4500 2 S -182.004166 -17.193296 -72.480446 1.800000 0.000000 0.000000
4500 3 G -184.290497 -14.715069 -72.327690 2.150000 0.000000 0.000000
4500 4 P -180.782272 -16.703802 -76.180290 2.110000 -1.000000 0.000000
4500 5 S -184.095840 -17.183842 -78.424103 1.800000 0.000000 0.000000
4500 6 G -184.913010 -13.809241 -77.928230 2.150000 0.000000 0.000000
4500 7 P -183.587036 -16.431755 -82.031662 2.110000 -1.000000 0.000000
4500 8 S -186.634155 -15.078716 -83.859688 1.800000 0.000000 0.000000
4500 9 G -186.897903 -11.963436 -82.894394 2.150000 0.000000 0.000000
4500 10 P -185.204193 -13.895319 -87.339401 2.110000 -1.000000 0.000000
4500 11 S -187.898148 -11.803335 -89.049271 1.800000 0.000000 0.000000
4500 12 C -187.145325 -9.188443 -87.008247 2.150000 0.000000 0.000000
4500 13 P -184.922958 -10.699271 -90.980820 2.110000 -1.000000 0.000000
4500 14 S -185.904022 -7.786353 -93.189743 1.800000 0.000000 0.000000
4500 15 G -186.617798 -6.627761 -89.999695 2.150000 0.000000 0.000000
4500 16 P -182.277435 -7.217457 -93.811699 2.110000 -1.000000 0.000000
4500 17 S -182.653793 -3.212166 -93.432320 1.800000 0.000000 0.000000
4500 18 C -183.807892 -3.653900 -90.008919 2.150000 0.000000 0.000000
4500 19 P -179.035950 -1.945060 -92.414436 2.110000 -1.000000 0.000000
4500 20 S -181.475632 0.934842 -91.380890 1.800000 0.000000 0.000000
4500 21 A -180.091705 2.268619 -94.021255 2.150000 0.000000 0.000000
4500 22 P -179.706085 2.534481 -88.303726 2.110000 -1.000000 0.000000
4500 23 S -183.335251 3.044199 -86.548508 1.800000 0.000000 0.000000
4500 24 A -185.158844 0.144785 -86.775757 2.150000 0.000000 0.000000
4500 25 P -183.863770 3.599109 -82.484276 2.110000 -1.000000 0.000000
4500 26 S -187.554260 2.055489 -82.480537 1.800000 0.000000 0.000000
4500 27 G -187.999771 -0.937048 -83.626511 2.150000 0.000000 0.000000
4500 28 P -187.991714 1.374145 -78.740860 2.110000 -1.000000 0.000000
4500 29 S -190.976166 -0.987251 -79.430298 1.800000 0.000000 0.000000
4500 30 C -189.364777 -3.912378 -80.077942 2.150000 0.000000 0.000000
4500 31 P -192.638977 -2.451883 -76.203934 2.110000 -1.000000 0.000000
4500 32 S -193.879456 -5.649596 -78.187149 1.800000 0.000000 0.000000
4500 33 C -190.972107 -7.265191 -76.947037 2.150000 0.000000 0.000000
4500 34 P -195.493225 -6.835133 -74.938927 2.110000 -1.000000 0.000000
4500 35 S -195.262039 -10.655617 -75.563217 1.800000 0.000000 0.000000
4500 36 U -192.090103 -10.654479 -73.942642 2.150000 0.000000 0.000000
4500 37 P -196.773575 -12.335135 -72.526115 2.110000 -1.000000 0.000000
5000 1 P -179.051514 -14.581735 -70.430016 2.110000 -1.000000 1.000000
5000 2 S -181.742859 -16.885807 -72.407036 1.800000 0.000000 0.000000
5000 3 G -183.916931 -14.307392 -72.877365 2.150000 0.000000 0.000000
5000 4 P -180.710098 -16.716621 -76.099724 2.110000 -1.000000 0.000000
5000 5 S -184.041229 -17.214857 -78.130638 1.800000 0.000000 0.000000
5000 6 G -184.847000 -13.841118 -77.746147 2.150000 0.000000 0.000000
5000 7 P -183.521027 -16.463633 -81.849579 2.110000 -1.000000 0.000000
5000 8 S -186.592407 -15.057449 -83.981522 1.800000 0.000000 0.000000
5000 9 G -186.859802 -11.939804 -82.986526 2.150000 0.000000 0.000000
5000 10 P -185.166092 -13.871687 -87.431534 2.110000 -1.000000 0.000000
5000 11 S -187.859497 -11.773088 -89.250053 1.800000 0.000000 0.000000
5000 12 C -187.102112 -9.177521 -87.079796 2.150000 0.000000 0.000000
5000 13 P -184.879745 -10.688349 -91.052368 2.110000 -1.000000 0.000000
5000 14 S -186.421112 -7.714802 -92.841248 1.800000 0.000000 0.000000
5000 15 G -187.702576 -5.994823 -90.160622 2.150000 0.000000 0.000000
5000 16 P -182.774490 -7.342588 -92.854774 2.110000 -1.000000 0.000000
5000 17 S -182.486115 -3.683064 -91.915619 1.800000 0.000000 0.000000
5000 18 C -182.453506 -2.251794 -95.100433 2.150000 0.000000 0.000000
5000 19 P -179.100784 -2.249567 -91.310867 2.110000 -1.000000 0.000000
5000 20 S -181.559708 0.585827 -90.240509 1.800000 0.000000 0.000000
5000 21 A -179.773895 2.075198 -92.729317 2.150000 0.000000 0.000000
5000 22 P -179.230240 2.124561 -87.548180 2.110000 -1.000000 0.000000
5000 23 S -182.913712 2.856076 -86.408272 1.800000 0.000000 0.000000
5000 24 A -183.986282 -0.366614 -85.871544 2.150000 0.000000 0.000000
5000 25 P -184.129517 3.822331 -82.842323 2.110000 -1.000000 0.000000
5000 26 S -187.614883 2.084870 -82.601173 1.800000 0.000000 0.000000
5000 27 G -188.060394 -0.907667 -83.747147 2.150000 0.000000 0.000000
5000 28 P -188.031006 1.349366 -78.842461 2.110000 -1.000000 0.000000
5000 29 S -190.977982 -0.997300 -79.373344 1.800000 0.000000 0.000000
5000 30 C -189.366592 -3.922427 -80.020988 2.150000 0.000000 0.000000
5000 31 P -192.613022 -2.458761 -76.056526 2.110000 -1.000000 0.000000
5000 32 S -193.851593 -5.701595 -77.944038 1.800000 0.000000 0.000000
5000 33 C -191.030563 -7.382695 -76.964912 2.150000 0.000000 0.000000
5000 34 P -195.531555 -7.105026 -74.704147 2.110000 -1.000000 0.000000
5000 35 S -195.256378 -10.804743 -75.362541 1.800000 0.000000 0.000000
5000 36 U -192.011948 -10.627011 -73.848053 2.150000 0.000000 0.000000
5000 37 P -196.680893 -12.293606 -72.248802 2.110000 -1.000000 0.000000
5500 1 P -178.819901 -13.778836 -71.615318 2.110000 -1.000000 1.000000
5500 2 S -181.511642 -16.488720 -72.243019 1.800000 0.000000 0.000000
5500 3 G -184.491043 -14.762039 -71.549179 2.150000 0.000000 0.000000
5500 4 P -180.734619 -16.743889 -76.194107 2.110000 -1.000000 0.000000
5500 5 S -184.058716 -17.245228 -78.193695 1.800000 0.000000 0.000000
5500 6 G -184.962128 -13.889585 -77.911293 2.150000 0.000000 0.000000
5500 7 P -183.549377 -16.507376 -81.850868 2.110000 -1.000000 0.000000
5500 8 S -186.646698 -15.154572 -83.820068 1.800000 0.000000 0.000000
5500 9 G -186.885605 -12.062193 -82.611549 2.150000 0.000000 0.000000
5500 10 P -185.191895 -13.994076 -87.056557 2.110000 -1.000000 0.000000
5500 11 S -187.867661 -11.886982 -88.855637 1.800000 0.000000 0.000000
5500 12 C -187.098373 -9.271245 -86.750374 2.150000 0.000000 0.000000
5500 13 P -184.876007 -10.782073 -90.722946 2.110000 -1.000000 0.000000
5500 14 S -185.792801 -7.721907 -93.157135 1.800000 0.000000 0.000000
5500 15 G -187.466263 -5.367140 -91.123993 2.150000 0.000000 0.000000
5500 16 P -182.298691 -6.249221 -94.003319 2.110000 -1.000000 0.000000
5500 17 S -183.121292 -2.502515 -93.246399 1.800000 0.000000 0.000000
5500 18 C -183.013321 -1.771284 -96.721863 2.150000 0.000000 0.000000
5500 19 P -179.611877 -1.208292 -92.535004 2.110000 -1.000000 0.000000
5500 20 S -182.062851 1.636794 -91.491638 1.800000 0.000000 0.000000
5500 21 A -183.999832 -0.915779 -90.184525 2.150000 0.000000 0.000000
5500 22 P -180.466568 3.172489 -88.387215 2.110000 -1.000000 0.000000
5500 23 S -184.097397 2.813899 -86.526085 1.800000 0.000000 0.000000
5500 24 A -182.568802 -0.388898 -85.924904 2.150000 0.000000 0.000000
5500 25 P -184.213196 3.727157 -82.778366 2.110000 -1.000000 0.000000
5500 26 S -187.821732 2.045966 -82.481758 1.800000 0.000000 0.000000
5500 27 G -188.267242 -0.946571 -83.627731 2.150000 0.000000 0.000000
5500 28 P -188.246185 1.271331 -78.714020 2.110000 -1.000000 0.000000
5500 29 S -191.139175 -1.077635 -79.378708 1.800000 0.000000 0.000000
5500 30 C -189.527786 -4.002761 -80.026352 2.150000 0.000000 0.000000
5500 31 P -192.654968 -2.453176 -76.148491 2.110000 -1.000000 0.000000
5500 32 S -193.978851 -5.799857 -77.651985 1.800000 0.000000 0.000000
5500 33 C -191.067566 -7.387786 -76.869728 2.150000 0.000000 0.000000
5500 34 P -195.751846 -7.137105 -74.443947 2.110000 -1.000000 0.000000
5500 35 S -195.544098 -11.069979 -75.118835 1.800000 0.000000 0.000000
5500 36 U -192.278473 -11.221786 -74.005669 2.150000 0.000000 0.000000
5500 37 P -196.982040 -12.557487 -71.669258 2.110000 -1.000000 0.000000
6000 1 P -178.780106 -13.535975 -71.414169 2.110000 -1.000000 1.000000
6000 2 S -181.236359 -15.927794 -73.213867 1.800000 0.000000 0.000000
6000 3 G -184.046539 -14.513213 -73.646400 2.150000 0.000000 0.000000
6000 4 P -180.494705 -16.344147 -76.873070 2.110000 -1.000000 0.000000
6000 5 S -184.109726 -17.202328 -78.256348 1.800000 0.000000 0.000000
6000 6 G -184.856750 -13.710609 -78.120682 2.150000 0.000000 0.000000
6000 7 P -183.444000 -16.328405 -82.060257 2.110000 -1.000000 0.000000
6000 8 S -186.693069 -15.175070 -83.802292 1.800000 0.000000 0.000000
6000 9 G -186.894623 -11.999470 -82.808769 2.150000 0.000000 0.000000
6000 10 P -185.241974 -14.022269 -87.055481 2.110000 -1.000000 0.000000
6000 11 S -187.905029 -11.904085 -88.877205 1.800000 0.000000 0.000000
6000 12 C -187.457138 -9.233851 -86.871887 2.150000 0.000000 0.000000
6000 13 P -184.914764 -10.810275 -90.699989 2.110000 -1.000000 0.000000
6000 14 S -186.487442 -7.775563 -92.878540 1.800000 0.000000 0.000000
6000 15 G -187.368088 -5.398915 -90.578461 2.150000 0.000000 0.000000
6000 16 P -183.217697 -6.204182 -93.958687 2.110000 -1.000000 0.000000
6000 17 S -183.857468 -2.539087 -93.170151 1.800000 0.000000 0.000000
6000 18 C -183.119614 -3.197700 -89.739555 2.150000 0.000000 0.000000
6000 19 P -180.108948 -1.138787 -92.825638 2.110000 -1.000000 0.000000
6000 20 S -182.547302 1.703798 -91.755165 1.800000 0.000000 0.000000
6000 21 A -181.622055 3.094664 -94.766174 2.150000 0.000000 0.000000
6000 22 P -180.293777 3.312027 -89.137611 2.110000 -1.000000 0.000000
6000 23 S -183.700195 2.854761 -87.040710 1.800000 0.000000 0.000000
6000 24 A -183.827026 -0.553636 -86.866501 2.150000 0.000000 0.000000
6000 25 P -183.981705 3.844031 -83.259010 2.110000 -1.000000 0.000000
6000 26 S -187.645996 2.139256 -82.725441 1.800000 0.000000 0.000000
6000 27 G -188.091507 -0.853281 -83.871414 2.150000 0.000000 0.000000
6000 28 P -188.083481 1.355482 -78.949196 2.110000 -1.000000 0.000000
6000 29 S -191.158066 -0.992818 -79.738167 1.800000 0.000000 0.000000
6000 30 C -189.391327 -3.824334 -80.296783 2.150000 0.000000 0.000000
6000 31 P -192.724762 -2.407373 -76.421761 2.110000 -1.000000 0.000000
6000 32 S -194.054382 -5.805122 -77.715538 1.800000 0.000000 0.000000
6000 33 C -191.143097 -7.393051 -76.933281 2.150000 0.000000 0.000000
6000 34 P -195.817520 -7.172246 -74.492096 2.110000 -1.000000 0.000000
6000 35 S -195.599808 -10.950752 -74.650505 1.800000 0.000000 0.000000
6000 36 U -192.334183 -11.102560 -73.537338 2.150000 0.000000 0.000000
6000 37 P -196.714294 -10.241449 -71.004852 2.110000 -1.000000 0.000000
6500 1 P -179.041122 -13.741116 -70.985809 2.110000 -1.000000 1.000000
6500 2 S -181.301697 -16.312582 -72.917641 1.800000 0.000000 0.000000
6500 3 G -184.081436 -14.712215 -73.303963 2.150000 0.000000 0.000000
6500 4 P -180.567215 -16.602123 -76.671944 2.110000 -1.000000 0.000000
6500 5 S -184.088058 -17.277437 -78.099380 1.800000 0.000000 0.000000
6500 6 G -184.873764 -13.808515 -77.822472 2.150000 0.000000 0.000000
6500 7 P -183.461014 -16.426311 -81.762047 2.110000 -1.000000 0.000000
6500 8 S -186.700027 -15.238624 -83.638855 1.800000 0.000000 0.000000
6500 9 G -186.886887 -12.083789 -82.630959 2.150000 0.000000 0.000000
6500 10 P -185.234238 -14.106588 -86.877670 2.110000 -1.000000 0.000000
6500 11 S -187.894501 -11.919424 -88.789261 1.800000 0.000000 0.000000
6500 12 C -187.590118 -9.301965 -86.659996 2.150000 0.000000 0.000000
6500 13 P -184.930450 -10.847595 -90.581207 2.110000 -1.000000 0.000000
6500 14 S -186.371384 -8.094153 -93.150444 1.800000 0.000000 0.000000
6500 15 G -186.319534 -6.709865 -89.924446 2.150000 0.000000 0.000000
6500 16 P -182.790558 -6.954487 -93.303902 2.110000 -1.000000 0.000000
6500 17 S -183.531189 -3.198292 -92.319588 1.800000 0.000000 0.000000
6500 18 C -184.208710 -3.965950 -88.693657 2.150000 0.000000 0.000000
6500 19 P -179.925797 -2.214611 -91.519836 2.110000 -1.000000 0.000000
6500 20 S -182.346207 0.606604 -90.368027 1.800000 0.000000 0.000000
6500 21 A -182.197189 2.876831 -92.921837 2.150000 0.000000 0.000000
6500 22 P -180.114502 2.654385 -87.765373 2.110000 -1.000000 0.000000
6500 23 S -183.846863 2.595953 -86.492607 1.800000 0.000000 0.000000
6500 24 A -184.211044 -0.813607 -85.936668 2.150000 0.000000 0.000000
6500 25 P -183.833542 3.504432 -82.761139 2.110000 -1.000000 0.000000
6500 26 S -187.570984 2.080651 -82.370003 1.800000 0.000000 0.000000
6500 27 G -188.016495 -0.911886 -83.515976 2.150000 0.000000 0.000000
6500 28 P -188.208191 1.284130 -78.707550 2.110000 -1.000000 0.000000
6500 29 S -191.115234 -1.035506 -79.619980 1.800000 0.000000 0.000000
6500 30 C -189.348495 -3.867022 -80.178596 2.150000 0.000000 0.000000
6500 31 P -192.656570 -2.421025 -76.400612 2.110000 -1.000000 0.000000
6500 32 S -193.973190 -5.823868 -77.666847 1.800000 0.000000 0.000000
6500 33 C -191.061905 -7.411797 -76.884590 2.150000 0.000000 0.000000
6500 34 P -195.756531 -7.252093 -74.656631 2.110000 -1.000000 0.000000
6500 35 S -195.545792 -11.087882 -75.150513 1.800000 0.000000 0.000000
6500 36 U -192.280167 -11.239690 -74.037346 2.150000 0.000000 0.000000
6500 37 P -197.364380 -11.331141 -71.622086 2.110000 -1.000000 0.000000
7000 1 P -178.668884 -13.831202 -72.411682 2.110000 -1.000000 1.000000
7000 2 S -181.218414 -16.653049 -73.427002 1.800000 0.000000 0.000000
7000 3 G -184.020523 -14.441805 -73.086182 2.150000 0.000000 0.000000
7000 4 P -180.501526 -16.522781 -77.179825 2.110000 -1.000000 0.000000
7000 5 S -183.974854 -17.136837 -78.580223 1.800000 0.000000 0.000000
7000 6 G -184.780624 -13.758224 -78.282845 2.150000 0.000000 0.000000
7000 7 P -183.367874 -16.376020 -82.222420 2.110000 -1.000000 0.000000
7000 8 S -186.669907 -15.239037 -83.824608 1.800000 0.000000 0.000000
7000 9 G -186.897964 -12.073469 -82.913147 2.150000 0.000000 0.000000
7000 10 P -185.243652 -14.100051 -87.131294 2.110000 -1.000000 0.000000
7000 11 S -187.833542 -11.831518 -89.049362 1.800000 0.000000 0.000000
7000 12 C -187.515945 -9.206079 -86.917267 2.150000 0.000000 0.000000
7000 13 P -184.856277 -10.751710 -90.838478 2.110000 -1.000000 0.000000
7000 14 S -186.306519 -7.794035 -93.216995 1.800000 0.000000 0.000000
7000 15 G -187.465698 -6.328081 -90.167038 2.150000 0.000000 0.000000
7000 16 P -182.695908 -6.522634 -93.540382 2.110000 -1.000000 0.000000
7000 17 S -182.627762 -2.544145 -92.906029 1.800000 0.000000 0.000000
7000 18 C -184.707870 -1.658829 -90.336029 2.150000 0.000000 0.000000
7000 19 P -178.840637 -1.721301 -91.841927 2.110000 -1.000000 0.000000
7000 20 S -181.258591 1.101670 -90.713730 1.800000 0.000000 0.000000
7000 21 A -180.616943 3.414871 -93.330429 2.150000 0.000000 0.000000
7000 22 P -179.039566 2.812998 -87.875275 2.110000 -1.000000 0.000000
7000 23 S -182.776215 2.618392 -86.389435 1.800000 0.000000 0.000000
7000 24 A -183.329437 5.738729 -88.079857 2.150000 0.000000 0.000000
7000 25 P -183.464294 3.414783 -82.728073 2.110000 -1.000000 0.000000
7000 26 S -187.259491 2.304844 -83.063141 1.800000 0.000000 0.000000
7000 27 G -187.705002 -0.687693 -84.209114 2.150000 0.000000 0.000000
7000 28 P -187.934174 1.460888 -79.253754 2.110000 -1.000000 0.000000
7000 29 S -190.912933 -0.854295 -80.414932 1.800000 0.000000 0.000000
7000 30 C -189.146194 -3.685811 -80.973549 2.150000 0.000000 0.000000
7000 31 P -192.462036 -2.241846 -77.199959 2.110000 -1.000000 0.000000
7000 32 S -193.799698 -5.636192 -78.614922 1.800000 0.000000 0.000000
7000 33 C -190.864777 -7.205488 -77.820992 2.150000 0.000000 0.000000
7000 34 P -195.493088 -7.019403 -75.446556 2.110000 -1.000000 0.000000
7000 35 S -195.239731 -10.863417 -76.046867 1.800000 0.000000 0.000000
7000 36 U -191.949097 -11.393009 -75.749008 2.150000 0.000000 0.000000
7000 37 P -195.892380 -13.042363 -72.812340 2.110000 -1.000000 0.000000
7500 1 P -178.669769 -13.710705 -71.778496 2.110000 -1.000000 1.000000
7500 2 S -181.219833 -16.689116 -73.248589 1.800000 0.000000 0.000000
7500 3 G -183.958450 -14.334129 -72.973793 2.150000 0.000000 0.000000
7500 4 P -180.439453 -16.415112 -77.067436 2.110000 -1.000000 0.000000
7500 5 S -183.957382 -17.130800 -78.666641 1.800000 0.000000 0.000000
7500 6 G -185.032135 -13.966997 -77.521858 2.150000 0.000000 0.000000
7500 7 P -183.341309 -16.334246 -82.160553 2.110000 -1.000000 0.000000
7500 8 S -186.639053 -15.169234 -83.850304 1.800000 0.000000 0.000000
7500 9 G -186.365234 -11.997331 -82.408447 2.150000 0.000000 0.000000
7500 10 P -185.225082 -14.046818 -87.248169 2.110000 -1.000000 0.000000
7500 11 S -187.838074 -11.813902 -89.159706 1.800000 0.000000 0.000000
7500 12 C -187.487122 -9.196650 -87.064003 2.150000 0.000000 0.000000
7500 13 P -184.861038 -10.735957 -90.924927 2.110000 -1.000000 0.000000
7500 14 S -186.090027 -7.817842 -93.141785 1.800000 0.000000 0.000000
7500 15 G -186.525101 -5.912171 -90.199852 2.150000 0.000000 0.000000
7500 16 P -182.574661 -6.316998 -93.484695 2.110000 -1.000000 0.000000
7500 17 S -182.036179 -2.468426 -92.982246 1.800000 0.000000 0.000000
7500 18 C -183.104965 -4.208559 -89.934143 2.150000 0.000000 0.000000
7500 19 P -178.438858 -1.444462 -91.928642 2.110000 -1.000000 0.000000
7500 20 S -180.870651 1.358450 -90.758980 1.800000 0.000000 0.000000
7500 21 A -179.040680 2.567635 -93.385971 2.150000 0.000000 0.000000
7500 22 P -178.925537 3.108442 -88.160370 2.110000 -1.000000 0.000000
7500 23 S -182.561203 2.682956 -86.690895 1.800000 0.000000 0.000000
7500 24 A -182.722427 -0.743654 -86.753876 2.150000 0.000000 0.000000
7500 25 P -183.777344 3.564883 -82.924294 2.110000 -1.000000 0.000000
7500 26 S -187.309662 2.203053 -82.889099 1.800000 0.000000 0.000000
7500 27 G -187.755173 -0.789484 -84.035072 2.150000 0.000000 0.000000
7500 28 P -187.871643 1.447169 -79.016655 2.110000 -1.000000 0.000000
7500 29 S -190.860535 -0.817168 -80.295250 1.800000 0.000000 0.000000
7500 30 C -189.093796 -3.648683 -80.853867 2.150000 0.000000 0.000000
7500 31 P -192.406601 -2.218755 -77.025787 2.110000 -1.000000 0.000000
7500 32 S -193.766495 -5.605320 -78.455925 1.800000 0.000000 0.000000
7500 33 C -190.831573 -7.174616 -77.661995 2.150000 0.000000 0.000000
7500 34 P -195.478882 -7.076430 -75.461868 2.110000 -1.000000 0.000000
7500 35 S -195.110992 -10.924651 -76.265045 1.800000 0.000000 0.000000
7500 36 U -191.820358 -11.454244 -75.967186 2.150000 0.000000 0.000000
7500 37 P -196.139786 -12.492765 -72.901299 2.110000 -1.000000 0.000000
8000 1 P -178.512222 -13.509519 -72.351219 2.110000 -1.000000 1.000000
8000 2 S -181.161118 -16.525076 -72.768524 1.800000 0.000000 0.000000
8000 3 G -183.982224 -14.269811 -72.529266 2.150000 0.000000 0.000000
8000 4 P -180.463226 -16.350798 -76.622910 2.110000 -1.000000 0.000000
8000 5 S -183.968613 -17.155691 -78.232307 1.800000 0.000000 0.000000
8000 6 G -185.023697 -13.926310 -77.335968 2.150000 0.000000 0.000000
8000 7 P -183.332870 -16.293558 -81.974663 2.110000 -1.000000 0.000000
8000 8 S -186.603867 -15.152240 -83.742996 1.800000 0.000000 0.000000
8000 9 G -186.355194 -12.013762 -82.275978 2.150000 0.000000 0.000000
8000 10 P -185.215042 -14.063249 -87.115700 2.110000 -1.000000 0.000000
8000 11 S -187.813553 -11.799947 -89.087891 1.800000 0.000000 0.000000
8000 12 C -187.726044 -9.210834 -86.899216 2.150000 0.000000 0.000000
8000 13 P -184.829437 -10.717633 -90.923111 2.110000 -1.000000 0.000000
8000 14 S -185.760437 -7.839141 -93.451630 1.800000 0.000000 0.000000
8000 15 G -187.448807 -5.396018 -91.758514 2.150000 0.000000 0.000000
8000 16 P -182.055954 -6.482422 -93.400101 2.110000 -1.000000 0.000000
8000 17 S -182.464645 -2.624457 -92.655380 1.800000 0.000000 0.000000
8000 18 C -182.943359 -4.657564 -89.773987 2.150000 0.000000 0.000000
8000 19 P -178.809830 -1.402152 -92.101318 2.110000 -1.000000 0.000000
8000 20 S -181.254044 1.397179 -90.858238 1.800000 0.000000 0.000000
8000 21 A -180.389282 3.726017 -92.967323 2.150000 0.000000 0.000000
8000 22 P -179.689880 3.074700 -87.646126 2.110000 -1.000000 0.000000
8000 23 S -183.508408 2.777394 -86.621277 1.800000 0.000000 0.000000
8000 24 A -183.656586 -0.574442 -86.675789 2.150000 0.000000 0.000000
8000 25 P -183.963440 3.572101 -82.889290 2.110000 -1.000000 0.000000
8000 26 S -187.607773 2.305689 -83.051460 1.800000 0.000000 0.000000
8000 27 G -188.053284 -0.686849 -84.197433 2.150000 0.000000 0.000000
8000 28 P -187.988129 1.604392 -79.457886 2.110000 -1.000000 0.000000
8000 29 S -190.941696 -0.891030 -80.110634 1.800000 0.000000 0.000000
8000 30 C -189.174957 -3.722546 -80.669250 2.150000 0.000000 0.000000
8000 31 P -192.511459 -2.306801 -76.744400 2.110000 -1.000000 0.000000
8000 32 S -193.785706 -5.570580 -78.444962 1.800000 0.000000 0.000000
8000 33 C -190.850784 -7.139876 -77.651031 2.150000 0.000000 0.000000
8000 34 P -195.509186 -7.106705 -75.403267 2.110000 -1.000000 0.000000
8000 35 S -195.194794 -11.040200 -75.960114 1.800000 0.000000 0.000000
8000 36 U -191.904160 -11.569793 -75.662254 2.150000 0.000000 0.000000
8000 37 P -196.114517 -12.474866 -72.301689 2.110000 -1.000000 0.000000
8500 1 P -178.830856 -13.174234 -71.552933 2.110000 -1.000000 1.000000
8500 2 S -181.044571 -16.066153 -72.873817 1.800000 0.000000 0.000000
8500 3 G -183.993225 -14.152797 -72.702522 2.150000 0.000000 0.000000
8500 4 P -180.474228 -16.233784 -76.796165 2.110000 -1.000000 0.000000
8500 5 S -183.982437 -17.105396 -78.322029 1.800000 0.000000 0.000000
8500 6 G -185.027390 -13.901988 -77.544121 2.150000 0.000000 0.000000
8500 7 P -183.336563 -16.269238 -82.182816 2.110000 -1.000000 0.000000
8500 8 S -186.619003 -15.167880 -83.792412 1.800000 0.000000 0.000000
8500 9 G -186.357376 -12.005960 -82.348541 2.150000 0.000000 0.000000
8500 10 P -185.217224 -14.055447 -87.188263 2.110000 -1.000000 0.000000
8500 11 S -187.790878 -11.766255 -89.191177 1.800000 0.000000 0.000000
8500 12 C -187.731735 -9.217580 -86.948257 2.150000 0.000000 0.000000
8500 13 P -184.835129 -10.724380 -90.972153 2.110000 -1.000000 0.000000
8500 14 S -186.233154 -7.924139 -93.196739 1.800000 0.000000 0.000000
8500 15 G -187.204788 -5.270612 -91.139709 2.150000 0.000000 0.000000
8500 16 P -182.444717 -7.182118 -93.014496 2.110000 -1.000000 0.000000
8500 17 S -182.397675 -3.456312 -92.287407 1.800000 0.000000 0.000000
8500 18 C -182.502991 -3.165748 -95.686012 2.150000 0.000000 0.000000
8500 19 P -178.544647 -2.446117 -91.518883 2.110000 -1.000000 0.000000
8500 20 S -180.988861 0.353213 -90.275803 1.800000 0.000000 0.000000
8500 21 A -183.714066 -0.817060 -88.650208 2.150000 0.000000 0.000000
8500 22 P -179.001312 2.090969 -87.248390 2.110000 -1.000000 0.000000
8500 23 S -182.783249 2.413071 -86.174500 1.800000 0.000000 0.000000
8500 24 A -182.763412 -0.562892 -84.536179 2.150000 0.000000 0.000000
8500 25 P -183.537643 3.295915 -82.455711 2.110000 -1.000000 0.000000
8500 26 S -187.245193 2.207190 -82.891403 1.800000 0.000000 0.000000
8500 27 G -187.781052 -0.825123 -83.871758 2.150000 0.000000 0.000000
8500 28 P -187.781418 1.533526 -79.197449 2.110000 -1.000000 0.000000
8500 29 S -190.849289 -0.908031 -79.835625 1.800000 0.000000 0.000000
8500 30 C -189.082550 -3.739546 -80.394241 2.150000 0.000000 0.000000
8500 31 P -192.535370 -2.264473 -76.638779 2.110000 -1.000000 0.000000
8500 32 S -193.892731 -5.608517 -78.106476 1.800000 0.000000 0.000000
8500 33 C -190.957809 -7.177813 -77.312546 2.150000 0.000000 0.000000
8500 34 P -195.715591 -6.948785 -74.818710 2.110000 -1.000000 0.000000
8500 35 S -195.339584 -10.818338 -75.679398 1.800000 0.000000 0.000000
8500 36 U -191.989258 -11.642032 -75.766022 2.150000 0.000000 0.000000
8500 37 P -195.877365 -12.472092 -72.357956 2.110000 -1.000000 0.000000
9000 1 P -179.026901 -13.651628 -70.815186 2.110000 -1.000000 1.000000
9000 2 S -181.112152 -16.251745 -72.687126 1.800000 0.000000 0.000000
9000 3 G -183.964127 -14.205088 -72.551620 2.150000 0.000000 0.000000
9000 4 P -180.364990 -16.333366 -76.550171 2.110000 -1.000000 0.000000
9000 5 S -183.992966 -17.275406 -77.934418 1.800000 0.000000 0.000000
9000 6 G -185.098282 -14.064800 -77.180481 2.150000 0.000000 0.000000
9000 7 P -183.407455 -16.432047 -81.819176 2.110000 -1.000000 0.000000
9000 8 S -186.870438 -15.398478 -83.269981 1.800000 0.000000 0.000000
9000 9 G -186.601318 -12.231306 -81.834869 2.150000 0.000000 0.000000
9000 10 P -185.461166 -14.280793 -86.674591 2.110000 -1.000000 0.000000
9000 11 S -188.050705 -12.030131 -88.588158 1.800000 0.000000 0.000000
9000 12 C -187.827164 -9.354630 -86.667526 2.150000 0.000000 0.000000
9000 13 P -184.930557 -10.861429 -90.691422 2.110000 -1.000000 0.000000
9000 14 S -186.199295 -7.895719 -92.787041 1.800000 0.000000 0.000000
9000 15 G -186.443314 -5.828171 -90.092537 2.150000 0.000000 0.000000
9000 16 P -182.597946 -6.648982 -93.534256 2.110000 -1.000000 0.000000
9000 17 S -182.417496 -2.811773 -92.725487 1.800000 0.000000 0.000000
9000 18 C -182.054031 -3.922357 -89.487968 2.150000 0.000000 0.000000
9000 19 P -178.468430 -2.045267 -91.824562 2.110000 -1.000000 0.000000
9000 20 S -180.884735 0.804700 -90.718033 1.800000 0.000000 0.000000
9000 21 A -179.704391 2.722463 -93.316902 2.150000 0.000000 0.000000
9000 22 P -179.019577 2.408049 -87.775772 2.110000 -1.000000 0.000000
9000 23 S -182.532486 2.294035 -85.988403 1.800000 0.000000 0.000000
9000 24 A -183.205368 -1.477808 -85.421074 2.150000 0.000000 0.000000
9000 25 P -183.332626 3.019429 -82.204613 2.110000 -1.000000 0.000000
9000 26 S -187.226669 2.047755 -82.535660 1.800000 0.000000 0.000000
9000 27 G -187.762527 -0.984559 -83.516014 2.150000 0.000000 0.000000
9000 28 P -187.941284 1.338958 -78.831100 2.110000 -1.000000 0.000000
9000 29 S -190.937073 -1.019161 -79.641205 1.800000 0.000000 0.000000
9000 30 C -189.170334 -3.850675 -80.199821 2.150000 0.000000 0.000000
9000 31 P -192.612183 -2.386666 -76.552155 2.110000 -1.000000 0.000000
9000 32 S -193.924316 -5.750419 -78.083130 1.800000 0.000000 0.000000
9000 33 C -190.930450 -7.286685 -77.285553 2.150000 0.000000 0.000000
9000 34 P -195.671646 -7.228919 -75.002625 2.110000 -1.000000 0.000000
9000 35 S -195.160736 -10.996989 -75.979324 1.800000 0.000000 0.000000
9000 36 U -191.810410 -11.820683 -76.065948 2.150000 0.000000 0.000000
9000 37 P -195.853653 -13.299658 -72.848366 2.110000 -1.000000 0.000000
9500 1 P -179.097748 -13.875750 -71.017128 2.110000 -1.000000 1.000000
9500 2 S -181.464157 -16.711191 -72.175201 1.800000 0.000000 0.000000
9500 3 G -184.214066 -14.554696 -72.400948 2.150000 0.000000 0.000000
9500 4 P -180.678925 -16.586763 -75.989174 2.110000 -1.000000 0.000000
9500 5 S -184.092926 -17.371342 -77.670059 1.800000 0.000000 0.000000
9500 6 G -185.192139 -14.160148 -76.947327 2.150000 0.000000 0.000000
9500 7 P -183.501312 -16.527403 -81.586021 2.110000 -1.000000 0.000000
9500 8 S -186.936234 -15.483671 -83.057190 1.800000 0.000000 0.000000
9500 9 G -186.605316 -12.265270 -81.746010 2.150000 0.000000 0.000000
9500 10 P -185.465164 -14.314757 -86.585732 2.110000 -1.000000 0.000000
9500 11 S -188.024643 -12.043923 -88.578674 1.800000 0.000000 0.000000
9500 12 C -187.801102 -9.368422 -86.658043 2.150000 0.000000 0.000000
9500 13 P -184.904495 -10.875221 -90.681938 2.110000 -1.000000 0.000000
9500 14 S -186.164215 -7.852670 -92.713562 1.800000 0.000000 0.000000
9500 15 G -186.451218 -5.244858 -90.534973 2.150000 0.000000 0.000000
9500 16 P -182.315292 -7.223583 -93.461678 2.110000 -1.000000 0.000000
9500 17 S -181.991135 -3.406849 -92.998604 1.800000 0.000000 0.000000
9500 18 C -182.234070 -3.396875 -89.590340 2.150000 0.000000 0.000000
9500 19 P -178.103561 -2.690109 -92.291489 2.110000 -1.000000 0.000000
9500 20 S -180.467148 0.188869 -91.258308 1.800000 0.000000 0.000000
9500 21 A -180.003418 3.223415 -93.574020 2.150000 0.000000 0.000000
9500 22 P -178.641541 1.662890 -88.252129 2.110000 -1.000000 0.000000
9500 23 S -182.284958 2.255904 -86.745918 1.800000 0.000000 0.000000
9500 24 A -182.628601 -0.877082 -85.879181 2.150000 0.000000 0.000000
9500 25 P -183.088181 3.145323 -82.784866 2.110000 -1.000000 0.000000
9500 26 S -186.840927 2.170285 -82.873032 1.800000 0.000000 0.000000
9500 27 G -187.292206 -0.838666 -84.020920 2.150000 0.000000 0.000000
9500 28 P -187.746872 1.333529 -79.037224 2.110000 -1.000000 0.000000
9500 29 S -190.733002 -0.920399 -80.073761 1.800000 0.000000 0.000000
9500 30 C -188.966263 -3.751913 -80.632378 2.150000 0.000000 0.000000
9500 31 P -192.408112 -2.287903 -76.984711 2.110000 -1.000000 0.000000
9500 32 S -193.708908 -5.640619 -78.491211 1.800000 0.000000 0.000000
9500 33 C -190.740967 -7.162915 -77.582367 2.150000 0.000000 0.000000
9500 34 P -195.584274 -7.073090 -75.200027 2.110000 -1.000000 0.000000
9500 35 S -195.327225 -10.854228 -75.585915 1.800000 0.000000 0.000000
9500 36 U -191.976898 -11.677921 -75.672539 2.150000 0.000000 0.000000
9500 37 P -195.579437 -12.710947 -72.417137 2.110000 -1.000000 0.000000
10000 1 P -179.162064 -14.420189 -70.624382 2.110000 -1.000000 1.000000
10000 2 S -181.255493 -16.995567 -72.786407 1.800000 0.000000 0.000000
10000 3 G -183.935196 -14.666305 -72.955711 2.150000 0.000000 0.000000
10000 4 P -180.391724 -16.615772 -76.502197 2.110000 -1.000000 0.000000
10000 5 S -184.065094 -17.361610 -77.913971 1.800000 0.000000 0.000000
10000 6 G -185.043869 -14.112312 -77.218811 2.150000 0.000000 0.000000
10000 7 P -183.461334 -16.537767 -81.830124 2.110000 -1.000000 0.000000
10000 8 S -186.922699 -15.501817 -83.156082 1.800000 0.000000 0.000000
10000 9 G -186.458603 -12.252533 -81.594841 2.150000 0.000000 0.000000
10000 10 P -185.525040 -14.324947 -86.586494 2.110000 -1.000000 0.000000
10000 11 S -187.931595 -11.976188 -88.758453 1.800000 0.000000 0.000000
10000 12 C -187.810440 -9.367158 -86.702156 2.150000 0.000000 0.000000
10000 13 P -184.913834 -10.873958 -90.726051 2.110000 -1.000000 0.000000
10000 14 S -186.621567 -7.898003 -92.921097 1.800000 0.000000 0.000000
10000 15 G -187.208878 -4.853830 -91.463257 2.150000 0.000000 0.000000
10000 16 P -183.527496 -6.438357 -94.522064 2.110000 -1.000000 0.000000
10000 17 S -183.928925 -2.750792 -93.337288 1.800000 0.000000 0.000000
10000 18 C -184.697220 -2.102458 -89.882927 2.150000 0.000000 0.000000
10000 19 P -180.108887 -2.070594 -92.624146 2.110000 -1.000000 0.000000
10000 20 S -182.350571 0.876632 -91.678177 1.800000 0.000000 0.000000
10000 21 A -181.032211 1.816639 -94.513557 2.150000 0.000000 0.000000
10000 22 P -180.013519 2.470502 -88.755341 2.110000 -1.000000 0.000000
10000 23 S -182.944916 2.208899 -86.268242 1.800000 0.000000 0.000000
10000 24 A -183.788986 -1.181778 -86.089584 2.150000 0.000000 0.000000
10000 25 P -183.160889 3.087914 -82.497780 2.110000 -1.000000 0.000000
10000 26 S -186.952713 2.132198 -82.626556 1.800000 0.000000 0.000000
10000 27 G -187.403992 -0.876754 -83.774445 2.150000 0.000000 0.000000
10000 28 P -187.782852 1.340981 -78.860191 2.110000 -1.000000 0.000000
10000 29 S -190.716080 -0.967149 -79.665405 1.800000 0.000000 0.000000
10000 30 C -188.949341 -3.798663 -80.224022 2.150000 0.000000 0.000000
10000 31 P -192.406906 -2.368365 -76.470695 2.110000 -1.000000 0.000000
10000 32 S -193.671707 -5.704589 -78.288940 1.800000 0.000000 0.000000
10000 33 C -190.703766 -7.226885 -77.380096 2.150000 0.000000 0.000000
10000 34 P -195.455673 -7.024478 -74.990814 2.110000 -1.000000 0.000000
10000 35 S -195.055588 -10.797675 -75.923943 1.800000 0.000000 0.000000
10000 36 U -191.705261 -11.621368 -76.010567 2.150000 0.000000 0.000000
10000 37 P -195.726852 -13.079807 -72.845383 2.110000 -1.000000 0.000000
