500 1 P -179.168884 -14.118043 -72.321289 2.110000 -1.000000 1.000000
500 2 S -181.503632 -16.865414 -73.794540 1.800000 0.000000 0.000000
500 3 G -184.248306 -14.982836 -73.998543 2.150000 0.000000 0.000000
500 4 P -180.230316 -16.370031 -77.632309 2.110000 -1.000000 0.000000
500 5 S -183.815048 -16.968866 -78.886978 1.800000 0.000000 0.000000
500 6 G -184.991486 -13.847178 -78.319153 2.150000 0.000000 0.000000
500 7 P -183.146194 -16.299829 -82.697350 2.110000 -1.000000 0.000000
500 8 S -186.438080 -15.067420 -84.437950 1.800000 0.000000 0.000000
500 9 G -186.274338 -11.628717 -83.430168 2.150000 0.000000 0.000000
500 10 P -184.877884 -13.798263 -87.838951 2.110000 -1.000000 0.000000
500 11 S -187.821823 -11.603253 -89.215698 1.800000 0.000000 0.000000
500 12 C -186.982574 -9.106569 -87.216827 2.150000 0.000000 0.000000
500 13 P -184.811600 -10.544900 -91.357864 2.110000 -1.000000 0.000000
500 14 S -186.314636 -7.418011 -93.213287 1.800000 0.000000 0.000000
500 15 G -187.138550 -5.285930 -90.437462 2.150000 0.000000 0.000000
500 16 P -182.530960 -6.531655 -93.566177 2.110000 -1.000000 0.000000
500 17 S -183.169891 -2.724092 -93.236290 1.800000 0.000000 0.000000
500 18 C -185.306412 -2.051710 -90.598297 2.150000 0.000000 0.000000
500 19 P -179.357864 -1.910655 -92.069519 2.110000 -1.000000 0.000000
500 20 S -181.682663 0.972396 -90.976303 1.800000 0.000000 0.000000
500 21 A -179.415268 2.943709 -93.119034 2.150000 0.000000 0.000000
500 22 P -179.571777 2.311783 -88.099945 2.110000 -1.000000 0.000000
500 23 S -183.052948 2.430165 -86.238319 1.800000 0.000000 0.000000
500 24 A -183.961258 -0.844959 -85.460533 2.150000 0.000000 0.000000
500 25 P -183.379974 3.479047 -82.586510 2.110000 -1.000000 0.000000
500 26 S -186.967316 1.978506 -82.048912 1.800000 0.000000 0.000000
500 27 G -188.097626 -1.096326 -83.293098 2.150000 0.000000 0.000000
500 28 P -187.332947 1.257119 -78.237892 2.110000 -1.000000 0.000000
500 29 S -190.517960 -1.123060 -78.618263 1.800000 0.000000 0.000000
500 30 C -189.125336 -4.334429 -79.304222 2.150000 0.000000 0.000000
500 31 P -192.619537 -2.641439 -75.538605 2.110000 -1.000000 0.000000
500 32 S -194.151413 -5.822788 -77.371521 1.800000 0.000000 0.000000
500 33 C -191.221634 -7.595441 -77.131813 2.150000 0.000000 0.000000
500 34 P -195.506744 -7.072325 -73.988487 2.110000 -1.000000 0.000000
500 35 S -195.737198 -11.009733 -74.641380 1.800000 0.000000 0.000000
500 36 U -192.451935 -12.042900 -75.651749 2.150000 0.000000 0.000000
500 37 P -195.365051 -12.134190 -70.733452 2.110000 -1.000000 0.000000
1000 1 P -179.755859 -15.320542 -71.499397 2.110000 -1.000000 1.000000
1000 2 S -181.744507 -17.315512 -74.085007 1.800000 0.000000 0.000000
1000 3 G -184.445465 -15.315628 -74.088821 2.150000 0.000000 0.000000
1000 4 P -180.314423 -16.528713 -77.611832 2.110000 -1.000000 0.000000
1000 5 S -183.747269 -16.938118 -79.299820 1.800000 0.000000 0.000000
1000 6 G -185.008514 -13.849272 -78.649841 2.150000 0.000000 0.000000
1000 7 P -183.163223 -16.301920 -83.028038 2.110000 -1.000000 0.000000
1000 8 S -186.457748 -15.017920 -84.743919 1.800000 0.000000 0.000000
1000 9 G -186.338989 -11.610043 -83.703697 2.150000 0.000000 0.000000
1000 10 P -184.942535 -13.779588 -88.112480 2.110000 -1.000000 0.000000
1000 11 S -187.883911 -11.549962 -89.505669 1.800000 0.000000 0.000000
1000 12 C -187.332611 -9.061184 -87.378464 2.150000 0.000000 0.000000
1000 13 P -184.775406 -10.463702 -91.588089 2.110000 -1.000000 0.000000
1000 14 S -185.690323 -7.357188 -93.900230 1.800000 0.000000 0.000000
1000 15 G -186.880630 -5.987501 -90.896271 2.150000 0.000000 0.000000
1000 16 P -181.933472 -6.089119 -94.287216 2.110000 -1.000000 0.000000
1000 17 S -182.603622 -2.361223 -93.794601 1.800000 0.000000 0.000000
1000 18 C -182.736786 -1.770156 -97.298447 2.150000 0.000000 0.000000
1000 19 P -178.893143 -1.800750 -92.250854 2.110000 -1.000000 0.000000
1000 20 S -181.217545 1.063383 -91.091698 1.800000 0.000000 0.000000
1000 21 A -180.647034 4.105856 -92.396698 2.150000 0.000000 0.000000
1000 22 P -179.504715 2.640258 -88.083359 2.110000 -1.000000 0.000000
1000 23 S -183.013504 2.334897 -86.165787 1.800000 0.000000 0.000000
1000 24 A -184.285126 -0.842443 -85.527138 2.150000 0.000000 0.000000
1000 25 P -183.496964 3.399232 -82.561485 2.110000 -1.000000 0.000000
1000 26 S -187.039261 1.931295 -81.988884 1.800000 0.000000 0.000000
1000 27 G -188.128922 -1.185237 -83.190704 2.150000 0.000000 0.000000
1000 28 P -187.456223 1.183725 -78.271957 2.110000 -1.000000 0.000000
1000 29 S -190.587219 -1.167188 -78.827103 1.800000 0.000000 0.000000
1000 30 C -189.072678 -4.201858 -79.684349 2.150000 0.000000 0.000000
1000 31 P -192.684311 -2.656083 -75.854744 2.110000 -1.000000 0.000000
1000 32 S -194.205536 -5.884413 -77.370590 1.800000 0.000000 0.000000
1000 33 C -191.275757 -7.657066 -77.130882 2.150000 0.000000 0.000000
1000 34 P -195.545654 -7.118731 -73.977417 2.110000 -1.000000 0.000000
1000 35 S -195.731384 -10.877211 -74.838310 1.800000 0.000000 0.000000
1000 36 U -192.594284 -12.216779 -75.964783 2.150000 0.000000 0.000000
1000 37 P -195.637573 -13.121428 -71.647491 2.110000 -1.000000 0.000000
1500 1 P -179.454590 -14.892878 -72.378426 2.110000 -1.000000 1.000000
1500 2 S -181.560959 -17.145033 -74.771904 1.800000 0.000000 0.000000
1500 3 G -184.497879 -15.655232 -74.874939 2.150000 0.000000 0.000000
1500 4 P -180.019760 -16.037003 -78.274300 2.110000 -1.000000 0.000000
1500 5 S -183.521347 -16.650505 -79.960945 1.800000 0.000000 0.000000
1500 6 G -184.789551 -13.574525 -79.274208 2.150000 0.000000 0.000000
1500 7 P -182.944260 -16.027180 -83.652405 2.110000 -1.000000 0.000000
1500 8 S -186.205704 -14.749865 -85.039406 1.800000 0.000000 0.000000
1500 9 G -186.057922 -11.597554 -83.537956 2.150000 0.000000 0.000000
1500 10 P -184.733002 -13.552176 -88.456482 2.110000 -1.000000 0.000000
1500 11 S -187.728958 -11.436328 -89.732635 1.800000 0.000000 0.000000
1500 12 C -187.325043 -9.044678 -87.387505 2.150000 0.000000 0.000000
1500 13 P -184.767838 -10.447196 -91.597130 2.110000 -1.000000 0.000000
1500 14 S -186.448242 -7.560667 -93.574234 1.800000 0.000000 0.000000
1500 15 G -187.543961 -5.281748 -91.205002 2.150000 0.000000 0.000000
1500 16 P -183.079437 -6.258343 -94.583115 2.110000 -1.000000 0.000000
1500 17 S -183.920959 -2.347565 -94.311211 1.800000 0.000000 0.000000
1500 18 C -184.002411 -0.760714 -97.473930 2.150000 0.000000 0.000000
1500 19 P -180.384323 -1.587002 -92.970108 2.110000 -1.000000 0.000000
1500 20 S -182.707016 1.275862 -91.807533 1.800000 0.000000 0.000000
1500 21 A -185.014572 0.027162 -89.611046 2.150000 0.000000 0.000000
1500 22 P -180.254684 3.071527 -89.125465 2.110000 -1.000000 0.000000
1500 23 S -183.355347 2.738566 -86.658386 1.800000 0.000000 0.000000
1500 24 A -183.932770 -0.414739 -86.013542 2.150000 0.000000 0.000000
1500 25 P -183.921280 3.600985 -82.838921 2.110000 -1.000000 0.000000
1500 26 S -187.489075 1.918029 -82.068649 1.800000 0.000000 0.000000
1500 27 G -188.578735 -1.198503 -83.270470 2.150000 0.000000 0.000000
1500 28 P -187.640305 1.205251 -78.285271 2.110000 -1.000000 0.000000
1500 29 S -190.534988 -1.163099 -78.871094 1.800000 0.000000 0.000000
1500 30 C -189.455597 -4.368217 -79.632538 2.150000 0.000000 0.000000
1500 31 P -192.582413 -2.608392 -75.822968 2.110000 -1.000000 0.000000
1500 32 S -194.080307 -5.861372 -77.409698 1.800000 0.000000 0.000000
1500 33 C -191.150528 -7.634025 -77.169991 2.150000 0.000000 0.000000
1500 34 P -195.521866 -7.127235 -73.981224 2.110000 -1.000000 0.000000
1500 35 S -195.782135 -11.071556 -75.033440 1.800000 0.000000 0.000000
1500 36 U -192.797333 -12.740296 -76.205460 2.150000 0.000000 0.000000
1500 37 P -195.693420 -12.507707 -71.569046 2.110000 -1.000000 0.000000
2000 1 P -179.554352 -15.350328 -72.509995 2.110000 -1.000000 1.000000
2000 2 S -181.613449 -17.183844 -75.351151 1.800000 0.000000 0.000000
2000 3 G -184.446228 -15.420018 -75.122360 2.150000 0.000000 0.000000
2000 4 P -179.968109 -15.801789 -78.521721 2.110000 -1.000000 0.000000
2000 5 S -183.481247 -16.658623 -79.979462 1.800000 0.000000 0.000000
2000 6 G -184.837708 -13.566200 -79.463554 2.150000 0.000000 0.000000
2000 7 P -182.882385 -15.890907 -83.883965 2.110000 -1.000000 0.000000
2000 8 S -186.193253 -14.663830 -85.125298 1.800000 0.000000 0.000000
2000 9 G -186.078079 -11.587149 -83.625183 2.150000 0.000000 0.000000
2000 10 P -184.753159 -13.541770 -88.543709 2.110000 -1.000000 0.000000
2000 11 S -187.728714 -11.449407 -89.729340 1.800000 0.000000 0.000000
2000 12 C -187.325943 -9.043726 -87.380844 2.150000 0.000000 0.000000
2000 13 P -184.768738 -10.446244 -91.590469 2.110000 -1.000000 0.000000
2000 14 S -186.014877 -7.267284 -93.489632 1.800000 0.000000 0.000000
2000 15 G -186.924683 -9.094645 -96.496910 2.150000 0.000000 0.000000
2000 16 P -182.422440 -6.160539 -94.437515 2.110000 -1.000000 0.000000
2000 17 S -182.633530 -2.646660 -94.025818 1.800000 0.000000 0.000000
2000 18 C -182.885422 -1.308735 -96.987793 2.150000 0.000000 0.000000
2000 19 P -179.223175 -1.647839 -93.075439 2.110000 -1.000000 0.000000
2000 20 S -181.534317 1.223788 -91.970161 1.800000 0.000000 0.000000
2000 21 A -183.409958 -0.792722 -89.631691 2.150000 0.000000 0.000000
2000 22 P -179.356064 2.667676 -89.164940 2.110000 -1.000000 0.000000
2000 23 S -182.683441 2.518618 -86.756424 1.800000 0.000000 0.000000
2000 24 A -185.002090 4.608272 -88.549278 2.150000 0.000000 0.000000
2000 25 P -183.893967 3.854627 -83.166901 2.110000 -1.000000 0.000000
2000 26 S -187.321579 1.916257 -82.076378 1.800000 0.000000 0.000000
2000 27 G -188.411240 -1.200275 -83.278198 2.150000 0.000000 0.000000
2000 28 P -187.430191 1.152807 -78.230522 2.110000 -1.000000 0.000000
2000 29 S -190.508057 -1.144251 -78.943085 1.800000 0.000000 0.000000
2000 30 C -189.305984 -4.186053 -79.860764 2.150000 0.000000 0.000000
2000 31 P -192.542847 -2.584987 -75.928543 2.110000 -1.000000 0.000000
2000 32 S -194.006119 -5.787920 -77.516586 1.800000 0.000000 0.000000
2000 33 C -191.076340 -7.560574 -77.276878 2.150000 0.000000 0.000000
2000 34 P -195.517227 -7.208424 -74.207565 2.110000 -1.000000 0.000000
2000 35 S -195.824783 -10.979542 -75.347961 1.800000 0.000000 0.000000
2000 36 U -192.575363 -11.866628 -76.032761 2.150000 0.000000 0.000000
2000 37 P -196.218216 -13.011079 -72.094574 2.110000 -1.000000 0.000000
2500 1 P -179.790619 -16.063274 -71.608078 2.110000 -1.000000 1.000000
2500 2 S -181.514511 -17.238016 -74.982597 1.800000 0.000000 0.000000
2500 3 G -184.306625 -15.458924 -75.108223 2.150000 0.000000 0.000000
2500 4 P -179.918289 -15.856475 -78.193123 2.110000 -1.000000 0.000000
2500 5 S -183.366272 -16.595783 -80.001945 1.800000 0.000000 0.000000
2500 6 G -184.770340 -13.640752 -79.250824 2.150000 0.000000 0.000000
2500 7 P -182.752319 -15.834785 -83.841934 2.110000 -1.000000 0.000000
2500 8 S -186.081268 -14.606623 -85.206520 1.800000 0.000000 0.000000
2500 9 G -185.971725 -11.541843 -83.676712 2.150000 0.000000 0.000000
2500 10 P -184.646805 -13.496465 -88.595238 2.110000 -1.000000 0.000000
2500 11 S -187.672394 -11.415318 -89.800323 1.800000 0.000000 0.000000
2500 12 C -187.269623 -9.009638 -87.451828 2.150000 0.000000 0.000000
2500 13 P -184.712418 -10.412156 -91.661453 2.110000 -1.000000 0.000000
2500 14 S -186.164200 -7.058199 -93.416519 1.800000 0.000000 0.000000
2500 15 G -186.531219 -4.699676 -90.983170 2.150000 0.000000 0.000000
2500 16 P -182.498718 -6.314238 -93.922173 2.110000 -1.000000 0.000000
2500 17 S -183.285400 -2.426701 -93.634727 1.800000 0.000000 0.000000
2500 18 C -182.912796 -1.098477 -96.792412 2.150000 0.000000 0.000000
2500 19 P -179.677979 -1.602781 -92.321846 2.110000 -1.000000 0.000000
2500 20 S -182.024857 1.265487 -91.246300 1.800000 0.000000 0.000000
2500 21 A -183.867142 -0.949616 -89.589226 2.150000 0.000000 0.000000
2500 22 P -179.631866 2.541664 -88.598854 2.110000 -1.000000 0.000000
2500 23 S -183.081726 2.726852 -86.604767 1.800000 0.000000 0.000000
2500 24 A -184.055862 -0.507246 -85.726509 2.150000 0.000000 0.000000
2500 25 P -183.872391 3.672070 -82.905815 2.110000 -1.000000 0.000000
2500 26 S -187.382538 1.993769 -82.290993 1.800000 0.000000 0.000000
2500 27 G -188.472198 -1.122763 -83.492813 2.150000 0.000000 0.000000
2500 28 P -187.229691 1.319981 -78.568344 2.110000 -1.000000 0.000000
2500 29 S -190.404099 -1.096800 -79.022598 1.800000 0.000000 0.000000
2500 30 C -189.202026 -4.138602 -79.940277 2.150000 0.000000 0.000000
2500 31 P -192.470871 -2.562875 -75.896126 2.110000 -1.000000 0.000000
2500 32 S -193.861526 -5.717679 -77.518234 1.800000 0.000000 0.000000
2500 33 C -190.931747 -7.490332 -77.278526 2.150000 0.000000 0.000000
2500 34 P -195.363205 -7.110198 -74.324669 2.110000 -1.000000 0.000000
2500 35 S -195.644775 -10.946561 -75.190521 1.800000 0.000000 0.000000
2500 36 U -192.395355 -11.833647 -75.875320 2.150000 0.000000 0.000000
2500 37 P -196.176987 -12.554874 -71.363663 2.110000 -1.000000 0.000000
3000 1 P -179.487427 -15.550731 -72.570206 2.110000 -1.000000 1.000000
3000 2 S -181.808533 -17.763744 -74.913445 1.800000 0.000000 0.000000
3000 3 G -184.584915 -16.174944 -75.155190 2.150000 0.000000 0.000000
3000 4 P -180.143417 -16.344639 -78.077408 2.110000 -1.000000 0.000000
3000 5 S -183.396805 -16.710709 -80.130783 1.800000 0.000000 0.000000
3000 6 G -184.810577 -13.754157 -79.288956 2.150000 0.000000 0.000000
3000 7 P -182.792557 -15.948191 -83.880066 2.110000 -1.000000 0.000000
3000 8 S -186.058899 -14.583937 -85.322136 1.800000 0.000000 0.000000
3000 9 G -185.931793 -11.510003 -83.725281 2.150000 0.000000 0.000000
3000 10 P -184.606873 -13.464624 -88.643806 2.110000 -1.000000 0.000000
3000 11 S -187.639374 -11.379864 -89.825432 1.800000 0.000000 0.000000
3000 12 C -187.375015 -9.020300 -87.450607 2.150000 0.000000 0.000000
3000 13 P -184.708771 -10.402940 -91.715607 2.110000 -1.000000 0.000000
3000 14 S -185.773239 -7.374989 -93.896500 1.800000 0.000000 0.000000
3000 15 G -186.646332 -4.834579 -91.695374 2.150000 0.000000 0.000000
3000 16 P -182.736374 -5.664692 -94.803947 2.110000 -1.000000 0.000000
3000 17 S -183.910706 -1.874663 -94.735245 1.800000 0.000000 0.000000
3000 18 C -183.607803 -1.228688 -98.293518 2.150000 0.000000 0.000000
3000 19 P -180.246201 -1.052435 -93.720581 2.110000 -1.000000 0.000000
3000 20 S -182.593079 1.815834 -92.645035 1.800000 0.000000 0.000000
3000 21 A -183.894684 -0.498169 -90.483780 2.150000 0.000000 0.000000
3000 22 P -180.656815 3.565598 -89.775223 2.110000 -1.000000 0.000000
3000 23 S -183.497253 2.738362 -87.224884 1.800000 0.000000 0.000000
3000 24 A -183.446716 -0.749876 -86.546021 2.150000 0.000000 0.000000
3000 25 P -183.811096 3.733933 -83.352715 2.110000 -1.000000 0.000000
3000 26 S -187.368958 2.075751 -82.462265 1.800000 0.000000 0.000000
3000 27 G -188.097916 -0.885612 -83.813225 2.150000 0.000000 0.000000
3000 28 P -187.300156 1.423125 -78.617142 2.110000 -1.000000 0.000000
3000 29 S -190.372177 -1.071229 -79.110474 1.800000 0.000000 0.000000
3000 30 C -189.170105 -4.113031 -80.028152 2.150000 0.000000 0.000000
3000 31 P -192.446564 -2.555625 -76.118614 2.110000 -1.000000 0.000000
3000 32 S -193.888992 -5.771720 -77.770409 1.800000 0.000000 0.000000
3000 33 C -190.959213 -7.544373 -77.530701 2.150000 0.000000 0.000000
3000 34 P -195.277603 -7.205129 -74.576271 2.110000 -1.000000 0.000000
3000 35 S -195.610977 -11.017627 -75.750572 1.800000 0.000000 0.000000
3000 36 U -192.361557 -11.904713 -76.435371 2.150000 0.000000 0.000000
3000 37 P -195.773529 -13.360898 -72.836868 2.110000 -1.000000 0.000000
3500 1 P -179.089081 -15.189931 -73.064041 2.110000 -1.000000 1.000000
3500 2 S -181.490906 -17.407305 -75.118835 1.800000 0.000000 0.000000
3500 3 G -184.202286 -15.560509 -75.082314 2.150000 0.000000 0.000000
3500 4 P -179.822342 -15.862880 -78.425545 2.110000 -1.000000 0.000000
3500 5 S -183.273071 -16.600292 -80.245094 1.800000 0.000000 0.000000
3500 6 G -184.769211 -13.696625 -79.620544 2.150000 0.000000 0.000000
3500 7 P -182.660233 -15.851444 -84.078568 2.110000 -1.000000 0.000000
3500 8 S -185.909225 -14.437117 -85.567810 1.800000 0.000000 0.000000
3500 9 G -185.768753 -11.391379 -83.928711 2.150000 0.000000 0.000000
3500 10 P -184.443832 -13.346001 -88.847237 2.110000 -1.000000 0.000000
3500 11 S -187.493683 -11.263891 -89.988541 1.800000 0.000000 0.000000
3500 12 C -187.247955 -8.873629 -87.684433 2.150000 0.000000 0.000000
3500 13 P -184.581711 -10.256269 -91.949432 2.110000 -1.000000 0.000000
3500 14 S -185.567154 -7.187880 -94.072441 1.800000 0.000000 0.000000
3500 15 G -186.106232 -5.010394 -91.336792 2.150000 0.000000 0.000000
3500 16 P -181.916046 -6.597365 -94.655884 2.110000 -1.000000 0.000000
3500 17 S -183.433548 -3.064119 -94.364960 1.800000 0.000000 0.000000
3500 18 C -182.560883 -3.079877 -97.618126 2.150000 0.000000 0.000000
3500 19 P -179.706726 -2.333184 -93.092758 2.110000 -1.000000 0.000000
3500 20 S -182.085388 0.540901 -92.014160 1.800000 0.000000 0.000000
3500 21 A -184.102142 -1.643419 -89.859863 2.150000 0.000000 0.000000
3500 22 P -180.373611 2.209984 -89.091095 2.110000 -1.000000 0.000000
3500 23 S -183.828552 2.453713 -86.788330 1.800000 0.000000 0.000000
3500 24 A -184.796310 -0.846760 -86.036888 2.150000 0.000000 0.000000
3500 25 P -183.453461 3.750166 -83.156403 2.110000 -1.000000 0.000000
3500 26 S -187.014206 2.119857 -82.435036 1.800000 0.000000 0.000000
3500 27 G -187.761505 -0.904445 -83.653969 2.150000 0.000000 0.000000
3500 28 P -187.278183 1.460534 -78.658127 2.110000 -1.000000 0.000000
3500 29 S -190.328873 -1.089185 -79.110222 1.800000 0.000000 0.000000
3500 30 C -189.126801 -4.130988 -80.027901 2.150000 0.000000 0.000000
3500 31 P -192.437469 -2.579733 -76.177902 2.110000 -1.000000 0.000000
3500 32 S -193.900345 -5.810330 -77.890526 1.800000 0.000000 0.000000
3500 33 C -190.970566 -7.582983 -77.650818 2.150000 0.000000 0.000000
3500 34 P -195.245178 -7.213645 -74.433807 2.110000 -1.000000 0.000000
3500 35 S -195.487427 -11.108021 -74.854652 1.800000 0.000000 0.000000
3500 36 U -192.213974 -11.691962 -75.718536 2.150000 0.000000 0.000000
3500 37 P -195.321930 -12.821542 -71.288605 2.110000 -1.000000 0.000000
4000 1 P -181.666672 -20.675102 -75.292358 2.110000 -1.000000 1.000000
4000 2 S -181.218857 -16.752996 -74.815964 1.800000 0.000000 0.000000
4000 3 G -184.262405 -15.574216 -74.987625 2.150000 0.000000 0.000000
4000 4 P -179.882462 -15.876587 -78.330856 2.110000 -1.000000 0.000000
4000 5 S -183.319336 -16.657896 -80.072876 1.800000 0.000000 0.000000
4000 6 G -184.803696 -13.730226 -79.397652 2.150000 0.000000 0.000000
4000 7 P -182.694717 -15.885045 -83.855675 2.110000 -1.000000 0.000000
4000 8 S -185.963135 -14.481897 -85.389236 1.800000 0.000000 0.000000
4000 9 G -185.782715 -11.372603 -83.881683 2.150000 0.000000 0.000000
4000 10 P -184.457794 -13.327225 -88.800209 2.110000 -1.000000 0.000000
4000 11 S -187.501617 -11.245328 -89.969666 1.800000 0.000000 0.000000
4000 12 C -187.256287 -8.835454 -87.673920 2.150000 0.000000 0.000000
4000 13 P -184.590042 -10.218094 -91.938919 2.110000 -1.000000 0.000000
4000 14 S -185.989716 -6.997336 -93.873405 1.800000 0.000000 0.000000
4000 15 G -186.243530 -4.933036 -91.241913 2.150000 0.000000 0.000000
4000 16 P -182.396088 -6.035126 -94.208038 2.110000 -1.000000 0.000000
4000 17 S -182.704590 -1.977968 -94.077263 1.800000 0.000000 0.000000
4000 18 C -181.147476 -0.687722 -97.073517 2.150000 0.000000 0.000000
4000 19 P -179.232285 -1.589044 -91.868401 2.110000 -1.000000 0.000000
4000 20 S -181.579117 1.286980 -90.804031 1.800000 0.000000 0.000000
4000 21 A -182.938400 -1.292962 -88.966324 2.150000 0.000000 0.000000
4000 22 P -179.257935 2.716116 -87.870110 2.110000 -1.000000 0.000000
4000 23 S -182.622803 2.600704 -85.891266 1.800000 0.000000 0.000000
4000 24 A -183.754288 5.891168 -86.557381 2.150000 0.000000 0.000000
4000 25 P -183.502533 3.437217 -82.196426 2.110000 -1.000000 0.000000
4000 26 S -187.142715 2.087049 -82.365532 1.800000 0.000000 0.000000
4000 27 G -187.890015 -0.937253 -83.584465 2.150000 0.000000 0.000000
4000 28 P -187.360626 1.388482 -78.496834 2.110000 -1.000000 0.000000
4000 29 S -190.369629 -1.109012 -79.069016 1.800000 0.000000 0.000000
4000 30 C -188.529053 -3.927956 -79.926277 2.150000 0.000000 0.000000
4000 31 P -192.463760 -2.590340 -76.064400 2.110000 -1.000000 0.000000
4000 32 S -193.947723 -5.814872 -77.809273 1.800000 0.000000 0.000000
4000 33 C -191.017944 -7.587525 -77.569565 2.150000 0.000000 0.000000
4000 34 P -195.285294 -7.198274 -74.450867 2.110000 -1.000000 0.000000
4000 35 S -195.502869 -11.081279 -75.128708 1.800000 0.000000 0.000000
4000 36 U -192.229416 -11.665220 -75.992592 2.150000 0.000000 0.000000
4000 37 P -195.396652 -12.496278 -71.691101 2.110000 -1.000000 0.000000
4500 1 P -178.333374 -13.482254 -74.765060 2.110000 -1.000000 1.000000
4500 2 S -180.950211 -16.250647 -75.459328 1.800000 0.000000 0.000000
4500 3 G -183.700424 -14.404860 -75.349312 2.150000 0.000000 0.000000
4500 4 P -179.846878 -15.807549 -79.097511 2.110000 -1.000000 0.000000
4500 5 S -183.365814 -16.516758 -80.566734 1.800000 0.000000 0.000000
4500 6 G -184.690628 -13.400635 -80.132904 2.150000 0.000000 0.000000
4500 7 P -182.671356 -15.695959 -84.306572 2.110000 -1.000000 0.000000
4500 8 S -185.894775 -14.253048 -85.888512 1.800000 0.000000 0.000000
4500 9 G -185.729584 -11.210441 -84.194489 2.150000 0.000000 0.000000
4500 10 P -184.357452 -13.139049 -89.151443 2.110000 -1.000000 0.000000
4500 11 S -187.401154 -11.027596 -90.352142 1.800000 0.000000 0.000000
4500 12 C -187.170547 -8.639923 -88.036392 2.150000 0.000000 0.000000
4500 13 P -184.504303 -10.022563 -92.301392 2.110000 -1.000000 0.000000
4500 14 S -185.906021 -6.894749 -94.386452 1.800000 0.000000 0.000000
4500 15 G -187.074829 -4.217557 -92.601074 2.150000 0.000000 0.000000
4500 16 P -182.073654 -6.403784 -94.189713 2.110000 -1.000000 0.000000
4500 17 S -182.653748 -2.341455 -94.099197 1.800000 0.000000 0.000000
4500 18 C -181.086380 -2.086457 -97.312035 2.150000 0.000000 0.000000
4500 19 P -179.167953 -1.697666 -92.332344 2.110000 -1.000000 0.000000
4500 20 S -181.512466 1.233830 -91.353119 1.800000 0.000000 0.000000
4500 21 A -183.297943 -0.690373 -89.053497 2.150000 0.000000 0.000000
4500 22 P -179.266190 2.850246 -88.470901 2.110000 -1.000000 0.000000
4500 23 S -182.950806 3.041207 -86.723625 1.800000 0.000000 0.000000
4500 24 A -184.929459 5.534638 -88.089432 2.150000 0.000000 0.000000
4500 25 P -183.566147 3.862877 -82.957954 2.110000 -1.000000 0.000000
4500 26 S -187.171219 2.221128 -82.574600 1.800000 0.000000 0.000000
4500 27 G -187.794052 -0.822979 -83.707756 2.150000 0.000000 0.000000
4500 28 P -187.420212 1.516631 -78.734985 2.110000 -1.000000 0.000000
4500 29 S -190.427246 -1.005782 -79.322289 1.800000 0.000000 0.000000
4500 30 C -188.586670 -3.824726 -80.179550 2.150000 0.000000 0.000000
4500 31 P -192.445801 -2.464017 -76.255295 2.110000 -1.000000 0.000000
4500 32 S -193.785095 -5.610898 -78.024155 1.800000 0.000000 0.000000
4500 33 C -190.855316 -7.383551 -77.784447 2.150000 0.000000 0.000000
4500 34 P -195.124451 -6.897914 -74.606430 2.110000 -1.000000 0.000000
4500 35 S -195.266891 -10.670180 -75.052673 1.800000 0.000000 0.000000
4500 36 U -191.993439 -11.254122 -75.916557 2.150000 0.000000 0.000000
4500 37 P -195.401215 -11.385656 -71.191109 2.110000 -1.000000 0.000000
5000 1 P -178.764038 -14.223474 -73.221512 2.110000 -1.000000 1.000000
5000 2 S -181.055008 -16.627514 -75.289993 1.800000 0.000000 0.000000
5000 3 G -184.081390 -15.268137 -75.009499 2.150000 0.000000 0.000000
5000 4 P -179.893875 -15.980374 -78.882256 2.110000 -1.000000 0.000000
5000 5 S -183.428955 -16.725445 -80.320282 1.800000 0.000000 0.000000
5000 6 G -184.729904 -13.600360 -79.778053 2.150000 0.000000 0.000000
5000 7 P -182.748184 -15.883016 -84.035088 2.110000 -1.000000 0.000000
5000 8 S -185.991043 -14.381022 -85.569267 1.800000 0.000000 0.000000
5000 9 G -185.798798 -11.339756 -83.955666 2.150000 0.000000 0.000000
5000 10 P -184.426666 -13.268364 -88.912621 2.110000 -1.000000 0.000000
5000 11 S -187.408951 -10.975914 -90.394646 1.800000 0.000000 0.000000
5000 12 C -187.173248 -8.600723 -88.076530 2.150000 0.000000 0.000000
5000 13 P -184.507004 -9.983363 -92.341530 2.110000 -1.000000 0.000000
5000 14 S -185.394974 -7.017045 -94.467735 1.800000 0.000000 0.000000
5000 15 G -186.144714 -5.420222 -91.255173 2.150000 0.000000 0.000000
5000 16 P -181.558624 -6.200491 -94.182320 2.110000 -1.000000 0.000000
5000 17 S -181.629105 -2.316776 -93.767517 1.800000 0.000000 0.000000
5000 18 C -182.705887 -2.858386 -90.478569 2.150000 0.000000 0.000000
5000 19 P -178.365265 -1.676655 -91.892632 2.110000 -1.000000 0.000000
5000 20 S -180.697784 1.264380 -90.955048 1.800000 0.000000 0.000000
5000 21 A -180.279755 3.576134 -93.545067 2.150000 0.000000 0.000000
5000 22 P -178.971207 3.047743 -88.021233 2.110000 -1.000000 0.000000
5000 23 S -182.647141 2.865632 -86.355003 1.800000 0.000000 0.000000
5000 24 A -183.504425 -0.399831 -87.003220 2.150000 0.000000 0.000000
5000 25 P -183.679932 3.762785 -82.672295 2.110000 -1.000000 0.000000
5000 26 S -187.140320 2.157186 -82.437614 1.800000 0.000000 0.000000
5000 27 G -187.763153 -0.886921 -83.570770 2.150000 0.000000 0.000000
5000 28 P -187.515579 1.451880 -78.664268 2.110000 -1.000000 0.000000
5000 29 S -190.443954 -1.089482 -79.169067 1.800000 0.000000 0.000000
5000 30 C -188.603378 -3.908426 -80.026329 2.150000 0.000000 0.000000
5000 31 P -192.508270 -2.582317 -76.068329 2.110000 -1.000000 0.000000
5000 32 S -193.735916 -5.645086 -77.931786 1.800000 0.000000 0.000000
5000 33 C -190.806137 -7.417739 -77.692078 2.150000 0.000000 0.000000
5000 34 P -195.175095 -6.873905 -74.563499 2.110000 -1.000000 0.000000
5000 35 S -195.389618 -10.846152 -75.075806 1.800000 0.000000 0.000000
5000 36 U -192.264465 -11.857446 -76.068787 2.150000 0.000000 0.000000
5000 37 P -194.976532 -11.490225 -71.328186 2.110000 -1.000000 0.000000
5500 1 P -181.496063 -20.619282 -75.764549 2.110000 -1.000000 1.000000
5500 2 S -181.113220 -16.611065 -75.323906 1.800000 0.000000 0.000000
5500 3 G -184.120712 -15.359845 -75.031265 2.150000 0.000000 0.000000
5500 4 P -179.933197 -16.072083 -78.904022 2.110000 -1.000000 0.000000
5500 5 S -183.482285 -16.752621 -80.346138 1.800000 0.000000 0.000000
5500 6 G -184.820145 -13.790924 -79.440239 2.150000 0.000000 0.000000
5500 7 P -182.811417 -15.892176 -84.087685 2.110000 -1.000000 0.000000
5500 8 S -186.003067 -14.325031 -85.606308 1.800000 0.000000 0.000000
5500 9 G -185.956818 -11.182867 -84.395027 2.150000 0.000000 0.000000
5500 10 P -184.449799 -13.205792 -88.961639 2.110000 -1.000000 0.000000
5500 11 S -187.431396 -10.919374 -90.406204 1.800000 0.000000 0.000000
5500 12 C -187.204285 -8.414434 -88.264763 2.150000 0.000000 0.000000
5500 13 P -184.529282 -9.929321 -92.354774 2.110000 -1.000000 0.000000
5500 14 S -185.448669 -6.860515 -94.790970 1.800000 0.000000 0.000000
5500 15 G -187.092331 -4.831636 -92.416389 2.150000 0.000000 0.000000
5500 16 P -181.829849 -6.457860 -94.550110 2.110000 -1.000000 0.000000
5500 17 S -182.230316 -2.469842 -94.250641 1.800000 0.000000 0.000000
5500 18 C -184.870117 -1.132413 -92.222519 2.150000 0.000000 0.000000
5500 19 P -179.022583 -1.909068 -92.104622 2.110000 -1.000000 0.000000
5500 20 S -181.355103 1.031967 -91.167038 1.800000 0.000000 0.000000
5500 21 A -182.585831 -0.985038 -88.747849 2.150000 0.000000 0.000000
5500 22 P -179.558441 2.715629 -87.924561 2.110000 -1.000000 0.000000
5500 23 S -183.047318 2.900407 -86.210861 1.800000 0.000000 0.000000
5500 24 A -183.212601 -0.416381 -84.907127 2.150000 0.000000 0.000000
5500 25 P -183.793915 3.735513 -82.443565 2.110000 -1.000000 0.000000
5500 26 S -187.424622 2.224366 -82.468933 1.800000 0.000000 0.000000
5500 27 G -187.762711 -0.968253 -83.374504 2.150000 0.000000 0.000000
5500 28 P -187.702438 1.450972 -78.579514 2.110000 -1.000000 0.000000
5500 29 S -190.476608 -1.165291 -79.040680 1.800000 0.000000 0.000000
5500 30 C -188.636032 -3.984235 -79.897942 2.150000 0.000000 0.000000
5500 31 P -192.540924 -2.658126 -75.939941 2.110000 -1.000000 0.000000
5500 32 S -193.770218 -5.723509 -77.786674 1.800000 0.000000 0.000000
5500 33 C -190.797287 -7.432110 -77.560196 2.150000 0.000000 0.000000
5500 34 P -195.234726 -7.015680 -74.419846 2.110000 -1.000000 0.000000
5500 35 S -195.400803 -10.859704 -75.256180 1.800000 0.000000 0.000000
5500 36 U -192.275650 -11.870997 -76.249161 2.150000 0.000000 0.000000
5500 37 P -195.913483 -11.280983 -71.438904 2.110000 -1.000000 0.000000
6000 1 P -178.707443 -13.875174 -73.661812 2.110000 -1.000000 1.000000
6000 2 S -181.175400 -16.717867 -75.127480 1.800000 0.000000 0.000000
6000 3 G -184.171188 -15.378348 -75.030830 2.150000 0.000000 0.000000
6000 4 P -180.053604 -16.181885 -78.785835 2.110000 -1.000000 0.000000
6000 5 S -183.576340 -16.828325 -80.389275 1.800000 0.000000 0.000000
6000 6 G -184.919785 -13.857153 -79.526878 2.150000 0.000000 0.000000
6000 7 P -182.911057 -15.958405 -84.174324 2.110000 -1.000000 0.000000
6000 8 S -186.154373 -14.449103 -85.671936 1.800000 0.000000 0.000000
6000 9 G -185.966400 -11.151430 -84.448219 2.150000 0.000000 0.000000
6000 10 P -184.459381 -13.174356 -89.014832 2.110000 -1.000000 0.000000
6000 11 S -187.472717 -10.933740 -90.414230 1.800000 0.000000 0.000000
6000 12 C -187.187714 -8.406932 -88.273827 2.150000 0.000000 0.000000
6000 13 P -184.512711 -9.921819 -92.363838 2.110000 -1.000000 0.000000
6000 14 S -185.626297 -6.841060 -94.464409 1.800000 0.000000 0.000000
6000 15 G -186.653732 -5.415245 -91.510117 2.150000 0.000000 0.000000
6000 16 P -181.910919 -6.573102 -93.920547 2.110000 -1.000000 0.000000
6000 17 S -182.085449 -2.824146 -93.223816 1.800000 0.000000 0.000000
6000 18 C -181.625534 -0.277716 -95.429131 2.150000 0.000000 0.000000
6000 19 P -178.396057 -2.262391 -91.514145 2.110000 -1.000000 0.000000
6000 20 S -180.735519 0.703284 -90.688919 1.800000 0.000000 0.000000
6000 21 A -181.886856 -2.104913 -88.910912 2.150000 0.000000 0.000000
6000 22 P -178.720779 2.306846 -87.661537 2.110000 -1.000000 0.000000
6000 23 S -182.308411 2.612648 -86.198822 1.800000 0.000000 0.000000
6000 24 A -183.706604 -0.578408 -85.665688 2.150000 0.000000 0.000000
6000 25 P -183.122040 3.594320 -82.661934 2.110000 -1.000000 0.000000
6000 26 S -187.082108 2.291226 -82.520874 1.800000 0.000000 0.000000
6000 27 G -187.420197 -0.901393 -83.426445 2.150000 0.000000 0.000000
6000 28 P -187.525955 1.558069 -78.803925 2.110000 -1.000000 0.000000
6000 29 S -190.459274 -1.202120 -78.974670 1.800000 0.000000 0.000000
6000 30 C -188.618698 -4.021064 -79.831932 2.150000 0.000000 0.000000
6000 31 P -192.509354 -2.682556 -75.807098 2.110000 -1.000000 0.000000
6000 32 S -193.753113 -5.744444 -77.714989 1.800000 0.000000 0.000000
6000 33 C -190.780182 -7.453045 -77.488510 2.150000 0.000000 0.000000
6000 34 P -195.286011 -7.031710 -74.335472 2.110000 -1.000000 0.000000
6000 35 S -195.449310 -10.864216 -75.011978 1.800000 0.000000 0.000000
6000 36 U -192.324158 -11.875509 -76.004959 2.150000 0.000000 0.000000
6000 37 P -195.149460 -12.881536 -71.965508 2.110000 -1.000000 0.000000
6500 1 P -178.728027 -13.683912 -73.856087 2.110000 -1.000000 1.000000
6500 2 S -181.157318 -16.498411 -75.026550 1.800000 0.000000 0.000000
6500 3 G -183.853180 -14.577558 -75.316673 2.150000 0.000000 0.000000
6500 4 P -179.998795 -15.997747 -78.940010 2.110000 -1.000000 0.000000
6500 5 S -183.561066 -16.639124 -80.648132 1.800000 0.000000 0.000000
6500 6 G -184.900055 -13.695906 -79.760704 2.150000 0.000000 0.000000
6500 7 P -182.891327 -15.797157 -84.408150 2.110000 -1.000000 0.000000
6500 8 S -186.111084 -14.305749 -85.724388 1.800000 0.000000 0.000000
6500 9 G -185.918427 -11.013576 -84.523918 2.150000 0.000000 0.000000
6500 10 P -184.411407 -13.036501 -89.090530 2.110000 -1.000000 0.000000
6500 11 S -187.434235 -10.811543 -90.429939 1.800000 0.000000 0.000000
6500 12 C -187.164703 -8.324262 -88.328110 2.150000 0.000000 0.000000
6500 13 P -184.489700 -9.839149 -92.418121 2.110000 -1.000000 0.000000
6500 14 S -184.974396 -6.790068 -94.765785 1.800000 0.000000 0.000000
6500 15 G -186.003433 -4.356884 -92.497925 2.150000 0.000000 0.000000
6500 16 P -181.354004 -6.061462 -94.675751 2.110000 -1.000000 0.000000
6500 17 S -181.772095 -2.088106 -94.389557 1.800000 0.000000 0.000000
6500 18 C -181.952179 -3.881379 -91.249855 2.150000 0.000000 0.000000
6500 19 P -178.324295 -1.257483 -92.664238 2.110000 -1.000000 0.000000
6500 20 S -180.696808 1.673017 -91.749161 1.800000 0.000000 0.000000
6500 21 A -183.325409 -0.027705 -90.297264 2.150000 0.000000 0.000000
6500 22 P -179.551132 3.265542 -88.347054 2.110000 -1.000000 0.000000
6500 23 S -183.036621 3.099215 -86.518745 1.800000 0.000000 0.000000
6500 24 A -183.175842 -0.438966 -86.041611 2.150000 0.000000 0.000000
6500 25 P -183.740067 3.944748 -82.676079 2.110000 -1.000000 0.000000
6500 26 S -187.462540 2.376097 -82.593498 1.800000 0.000000 0.000000
6500 27 G -187.800629 -0.816522 -83.499069 2.150000 0.000000 0.000000
6500 28 P -187.780777 1.552314 -78.757561 2.110000 -1.000000 0.000000
6500 29 S -190.480377 -1.204828 -78.911911 1.800000 0.000000 0.000000
6500 30 C -188.639801 -4.023772 -79.769173 2.150000 0.000000 0.000000
6500 31 P -192.547058 -2.697424 -75.724770 2.110000 -1.000000 0.000000
6500 32 S -193.799469 -5.723330 -77.678200 1.800000 0.000000 0.000000
6500 33 C -190.826538 -7.431931 -77.451721 2.150000 0.000000 0.000000
6500 34 P -195.267670 -6.943452 -74.329239 2.110000 -1.000000 0.000000
6500 35 S -195.408401 -10.656894 -75.092010 1.800000 0.000000 0.000000
6500 36 U -192.337570 -11.738407 -76.176262 2.150000 0.000000 0.000000
6500 37 P -195.304398 -12.414251 -71.447975 2.110000 -1.000000 0.000000
7000 1 P -178.814102 -13.489078 -74.032745 2.110000 -1.000000 1.000000
7000 2 S -181.162384 -16.513227 -75.111580 1.800000 0.000000 0.000000
7000 3 G -183.911713 -14.700515 -75.241493 2.150000 0.000000 0.000000
7000 4 P -180.057327 -16.120699 -78.864830 2.110000 -1.000000 0.000000
7000 5 S -183.521408 -16.593285 -80.685188 1.800000 0.000000 0.000000
7000 6 G -184.861557 -13.658511 -79.717857 2.150000 0.000000 0.000000
7000 7 P -182.852829 -15.759763 -84.365303 2.110000 -1.000000 0.000000
7000 8 S -186.098892 -14.298573 -85.701271 1.800000 0.000000 0.000000
7000 9 G -185.934891 -11.068523 -84.407303 2.150000 0.000000 0.000000
7000 10 P -184.427872 -13.091449 -88.973915 2.110000 -1.000000 0.000000
7000 11 S -187.429321 -10.825106 -90.399193 1.800000 0.000000 0.000000
7000 12 C -187.159790 -8.337824 -88.297363 2.150000 0.000000 0.000000
7000 13 P -184.484787 -9.852711 -92.387375 2.110000 -1.000000 0.000000
7000 14 S -185.356598 -6.682755 -94.463165 1.800000 0.000000 0.000000
7000 15 G -187.311905 -5.160878 -91.960754 2.150000 0.000000 0.000000
7000 16 P -181.582428 -5.937363 -94.003754 2.110000 -1.000000 0.000000
7000 17 S -181.551544 -2.069365 -93.668488 1.800000 0.000000 0.000000
7000 18 C -179.259476 -1.624637 -96.139595 2.150000 0.000000 0.000000
7000 19 P -178.272293 -1.224034 -91.960098 2.110000 -1.000000 0.000000
7000 20 S -180.644806 1.706465 -91.045021 1.800000 0.000000 0.000000
7000 21 A -183.839020 0.637942 -89.722733 2.150000 0.000000 0.000000
7000 22 P -179.153244 3.146607 -87.849098 2.110000 -1.000000 0.000000
7000 23 S -182.791946 2.961663 -86.397575 1.800000 0.000000 0.000000
7000 24 A -180.645416 0.274740 -85.405418 2.150000 0.000000 0.000000
7000 25 P -183.948898 3.907954 -82.612495 2.110000 -1.000000 0.000000
7000 26 S -187.499115 2.316049 -82.487206 1.800000 0.000000 0.000000
7000 27 G -187.837204 -0.876570 -83.392776 2.150000 0.000000 0.000000
7000 28 P -187.809158 1.496501 -78.635231 2.110000 -1.000000 0.000000
7000 29 S -190.482224 -1.236047 -78.793701 1.800000 0.000000 0.000000
7000 30 C -188.641647 -4.054989 -79.650963 2.150000 0.000000 0.000000
7000 31 P -192.556473 -2.679485 -75.763191 2.110000 -1.000000 0.000000
7000 32 S -193.881210 -5.820632 -77.644867 1.800000 0.000000 0.000000
7000 33 C -190.908279 -7.529233 -77.418388 2.150000 0.000000 0.000000
7000 34 P -195.352463 -6.982395 -74.240379 2.110000 -1.000000 0.000000
7000 35 S -195.412766 -10.831193 -75.332497 1.800000 0.000000 0.000000
7000 36 U -192.341934 -11.912706 -76.416748 2.150000 0.000000 0.000000
7000 37 P -195.638992 -13.066781 -72.194275 2.110000 -1.000000 0.000000
7500 1 P -179.010376 -14.395786 -72.974579 2.110000 -1.000000 1.000000
7500 2 S -180.987091 -16.379753 -75.591095 1.800000 0.000000 0.000000
7500 3 G -183.796188 -14.678786 -75.225403 2.150000 0.000000 0.000000
7500 4 P -179.823334 -15.969871 -79.309441 2.110000 -1.000000 0.000000
7500 5 S -183.315735 -16.487389 -80.791809 1.800000 0.000000 0.000000
7500 6 G -184.658249 -13.550480 -79.795807 2.150000 0.000000 0.000000
7500 7 P -182.649521 -15.651731 -84.443253 2.110000 -1.000000 0.000000
7500 8 S -186.037369 -14.350877 -85.500038 1.800000 0.000000 0.000000
7500 9 G -185.912674 -11.115170 -84.319954 2.150000 0.000000 0.000000
7500 10 P -184.405655 -13.138096 -88.886566 2.110000 -1.000000 0.000000
7500 11 S -187.425110 -10.867009 -90.309174 1.800000 0.000000 0.000000
7500 12 C -187.154358 -8.392716 -88.204483 2.150000 0.000000 0.000000
7500 13 P -184.479355 -9.907603 -92.294495 2.110000 -1.000000 0.000000
7500 14 S -185.543793 -6.936185 -94.240616 1.800000 0.000000 0.000000
7500 15 G -186.514679 -5.450683 -91.189445 2.150000 0.000000 0.000000
7500 16 P -181.734070 -6.253617 -94.037544 2.110000 -1.000000 0.000000
7500 17 S -182.142914 -2.377238 -93.771545 1.800000 0.000000 0.000000
7500 18 C -183.169342 -2.478154 -90.520515 2.150000 0.000000 0.000000
7500 19 P -178.683060 -1.733667 -91.971588 2.110000 -1.000000 0.000000
7500 20 S -180.988785 1.220787 -91.105278 1.800000 0.000000 0.000000
7500 21 A -179.172180 2.889684 -93.535744 2.150000 0.000000 0.000000
7500 22 P -179.292053 2.866300 -87.987076 2.110000 -1.000000 0.000000
7500 23 S -182.946228 2.839526 -86.367264 1.800000 0.000000 0.000000
7500 24 A -184.272171 -0.361303 -86.412712 2.150000 0.000000 0.000000
7500 25 P -183.659042 3.797127 -82.582001 2.110000 -1.000000 0.000000
7500 26 S -187.407471 2.411390 -82.635658 1.800000 0.000000 0.000000
7500 27 G -187.745560 -0.781229 -83.541229 2.150000 0.000000 0.000000
7500 28 P -187.661621 1.633141 -78.805504 2.110000 -1.000000 0.000000
7500 29 S -190.345352 -1.097448 -78.978317 1.800000 0.000000 0.000000
7500 30 C -188.421509 -3.935318 -79.704193 2.150000 0.000000 0.000000
7500 31 P -192.399246 -2.560205 -75.978531 2.110000 -1.000000 0.000000
7500 32 S -193.780365 -5.766423 -77.758369 1.800000 0.000000 0.000000
7500 33 C -190.807434 -7.475024 -77.531891 2.150000 0.000000 0.000000
7500 34 P -195.277206 -7.066908 -74.438301 2.110000 -1.000000 0.000000
7500 35 S -195.284607 -10.803744 -75.334679 1.800000 0.000000 0.000000
7500 36 U -192.213776 -11.885258 -76.418930 2.150000 0.000000 0.000000
7500 37 P -195.921005 -13.081326 -72.142677 2.110000 -1.000000 0.000000
8000 1 P -178.732315 -13.967763 -74.308533 2.110000 -1.000000 1.000000
8000 2 S -181.128433 -16.814278 -75.839317 1.800000 0.000000 0.000000
8000 3 G -183.802475 -14.718462 -75.538208 2.150000 0.000000 0.000000
8000 4 P -179.827637 -15.956472 -79.278206 2.110000 -1.000000 0.000000
8000 5 S -183.285889 -16.402710 -80.892479 1.800000 0.000000 0.000000
8000 6 G -184.598633 -13.213937 -80.516113 2.150000 0.000000 0.000000
8000 7 P -182.605713 -15.588737 -84.545227 2.110000 -1.000000 0.000000
8000 8 S -186.011368 -14.271166 -85.669426 1.800000 0.000000 0.000000
8000 9 G -185.911972 -11.042575 -84.476067 2.150000 0.000000 0.000000
8000 10 P -184.404953 -13.065500 -89.042679 2.110000 -1.000000 0.000000
8000 11 S -187.406418 -10.821206 -90.432312 1.800000 0.000000 0.000000
8000 12 C -186.924805 -8.365441 -88.270004 2.150000 0.000000 0.000000
8000 13 P -184.466736 -9.880508 -92.364677 2.110000 -1.000000 0.000000
8000 14 S -184.929962 -6.514391 -94.320740 1.800000 0.000000 0.000000
8000 15 G -184.590118 -4.825959 -91.068573 2.150000 0.000000 0.000000
8000 16 P -181.237640 -5.848372 -94.336670 2.110000 -1.000000 0.000000
8000 17 S -181.703552 -2.007087 -93.773354 1.800000 0.000000 0.000000
8000 18 C -181.380463 -0.560949 -96.947723 2.150000 0.000000 0.000000
8000 19 P -178.416992 -1.480908 -91.647263 2.110000 -1.000000 0.000000
8000 20 S -180.683304 1.561780 -90.868126 1.800000 0.000000 0.000000
8000 21 A -183.066162 -0.276306 -89.524315 2.150000 0.000000 0.000000
8000 22 P -179.174561 2.672312 -87.462006 2.110000 -1.000000 0.000000
8000 23 S -182.620453 2.764151 -85.779190 1.800000 0.000000 0.000000
8000 24 A -183.674622 -0.588601 -85.818138 2.150000 0.000000 0.000000
8000 25 P -183.252029 3.738626 -82.263519 2.110000 -1.000000 0.000000
8000 26 S -187.037643 2.470989 -82.685921 1.800000 0.000000 0.000000
8000 27 G -187.350143 -0.805737 -83.514336 2.150000 0.000000 0.000000
8000 28 P -187.317566 1.742005 -78.934990 2.110000 -1.000000 0.000000
8000 29 S -190.220535 -0.877996 -79.297081 1.800000 0.000000 0.000000
8000 30 C -188.296692 -3.715867 -80.022957 2.150000 0.000000 0.000000
8000 31 P -192.321625 -2.400746 -76.396034 2.110000 -1.000000 0.000000
8000 32 S -193.682724 -5.530925 -78.210045 1.800000 0.000000 0.000000
8000 33 C -190.750488 -7.303497 -77.889549 2.150000 0.000000 0.000000
8000 34 P -195.144455 -6.813103 -74.900696 2.110000 -1.000000 0.000000
8000 35 S -195.217010 -10.701810 -75.675270 1.800000 0.000000 0.000000
8000 36 U -192.187393 -11.822942 -76.689644 2.150000 0.000000 0.000000
8000 37 P -195.275726 -12.525395 -72.229813 2.110000 -1.000000 0.000000
8500 1 P -179.205841 -14.826698 -72.478989 2.110000 -1.000000 1.000000
8500 2 S -181.229294 -16.852505 -75.038376 1.800000 0.000000 0.000000
8500 3 G -183.899979 -15.061183 -75.853485 2.150000 0.000000 0.000000
8500 4 P -179.942673 -16.154652 -78.514084 2.110000 -1.000000 0.000000
8500 5 S -183.273865 -16.527639 -80.688423 1.800000 0.000000 0.000000
8500 6 G -184.581940 -13.324141 -80.365189 2.150000 0.000000 0.000000
8500 7 P -182.589020 -15.698940 -84.394302 2.110000 -1.000000 0.000000
8500 8 S -185.987045 -14.370558 -85.566483 1.800000 0.000000 0.000000
8500 9 G -185.924515 -11.151115 -84.392952 2.150000 0.000000 0.000000
8500 10 P -184.393509 -13.142250 -88.919128 2.110000 -1.000000 0.000000
8500 11 S -187.419769 -10.938747 -90.307037 1.800000 0.000000 0.000000
8500 12 C -186.947418 -8.523376 -87.966934 2.150000 0.000000 0.000000
8500 13 P -184.469833 -9.977553 -92.208290 2.110000 -1.000000 0.000000
8500 14 S -185.122147 -6.633976 -93.924713 1.800000 0.000000 0.000000
8500 15 G -185.261536 -4.864743 -90.903412 2.150000 0.000000 0.000000
8500 16 P -181.322662 -5.921324 -94.045807 2.110000 -1.000000 0.000000
8500 17 S -181.119553 -1.890148 -93.554123 1.800000 0.000000 0.000000
8500 18 C -183.505371 -1.076712 -91.211174 2.150000 0.000000 0.000000
8500 19 P -177.918854 -1.391859 -91.421234 2.110000 -1.000000 0.000000
8500 20 S -180.199249 1.652728 -90.595276 1.800000 0.000000 0.000000
8500 21 A -178.552155 2.998953 -93.507034 2.150000 0.000000 0.000000
8500 22 P -178.461624 2.834787 -87.560120 2.110000 -1.000000 0.000000
8500 23 S -182.039291 2.865654 -85.829353 1.800000 0.000000 0.000000
8500 24 A -184.232529 5.303026 -87.453339 2.150000 0.000000 0.000000
8500 25 P -183.523773 3.569258 -82.012917 2.110000 -1.000000 0.000000
8500 26 S -187.469162 2.438205 -82.666161 1.800000 0.000000 0.000000
8500 27 G -187.781662 -0.838522 -83.494576 2.150000 0.000000 0.000000
8500 28 P -187.676987 1.603834 -78.866814 2.110000 -1.000000 0.000000
8500 29 S -190.303528 -1.097526 -79.054649 1.800000 0.000000 0.000000
8500 30 C -188.379684 -3.935397 -79.780525 2.150000 0.000000 0.000000
8500 31 P -192.411163 -2.626687 -76.142151 2.110000 -1.000000 0.000000
8500 32 S -193.692017 -5.604547 -78.258575 1.800000 0.000000 0.000000
8500 33 C -190.759781 -7.377119 -77.938080 2.150000 0.000000 0.000000
8500 34 P -195.111649 -6.827439 -74.891678 2.110000 -1.000000 0.000000
8500 35 S -195.269043 -10.794375 -75.513321 1.800000 0.000000 0.000000
8500 36 U -192.239426 -11.915507 -76.527695 2.150000 0.000000 0.000000
8500 37 P -195.594879 -12.068081 -71.908745 2.110000 -1.000000 0.000000
9000 1 P -178.936951 -13.938239 -73.223846 2.110000 -1.000000 1.000000
9000 2 S -181.189026 -16.604082 -75.003250 1.800000 0.000000 0.000000
9000 3 G -184.136047 -15.377439 -75.603615 2.150000 0.000000 0.000000
9000 4 P -179.882980 -15.981814 -78.582512 2.110000 -1.000000 0.000000
9000 5 S -183.223465 -16.455587 -80.634705 1.800000 0.000000 0.000000
9000 6 G -184.548035 -13.334763 -80.257675 2.150000 0.000000 0.000000
9000 7 P -182.555115 -15.709562 -84.286789 2.110000 -1.000000 0.000000
9000 8 S -185.965637 -14.388143 -85.582138 1.800000 0.000000 0.000000
9000 9 G -185.898987 -11.158484 -84.416267 2.150000 0.000000 0.000000
9000 10 P -184.367981 -13.149618 -88.942444 2.110000 -1.000000 0.000000
9000 11 S -187.397675 -10.961757 -90.305481 1.800000 0.000000 0.000000
9000 12 C -186.927307 -8.522472 -88.005791 2.150000 0.000000 0.000000
9000 13 P -184.449722 -9.976650 -92.247147 2.110000 -1.000000 0.000000
9000 14 S -185.273712 -6.742673 -94.495605 1.800000 0.000000 0.000000
9000 15 G -184.409973 -4.653165 -91.831787 2.150000 0.000000 0.000000
9000 16 P -181.535324 -6.358562 -94.446007 2.110000 -1.000000 0.000000
9000 17 S -181.138641 -2.410500 -93.760513 1.800000 0.000000 0.000000
9000 18 C -180.807693 -0.588597 -96.819366 2.150000 0.000000 0.000000
9000 19 P -178.025330 -1.949363 -91.695572 2.110000 -1.000000 0.000000
9000 20 S -180.344803 1.053056 -90.833549 1.800000 0.000000 0.000000
9000 21 A -183.110840 -0.772739 -89.594856 2.150000 0.000000 0.000000
9000 22 P -178.550629 2.427073 -87.513504 2.110000 -1.000000 0.000000
9000 23 S -182.049210 2.792629 -85.915016 1.800000 0.000000 0.000000
9000 24 A -182.322784 -0.316590 -84.384499 2.150000 0.000000 0.000000
9000 25 P -183.647385 3.690350 -82.437843 2.110000 -1.000000 0.000000
9000 26 S -187.428940 2.509350 -82.812019 1.800000 0.000000 0.000000
9000 27 G -187.741440 -0.767376 -83.640434 2.150000 0.000000 0.000000
9000 28 P -187.705399 1.637380 -78.965179 2.110000 -1.000000 0.000000
9000 29 S -190.497559 -1.059020 -79.276169 1.800000 0.000000 0.000000
9000 30 C -188.573715 -3.896891 -80.002045 2.150000 0.000000 0.000000
9000 31 P -192.632172 -2.606725 -76.326057 2.110000 -1.000000 0.000000
9000 32 S -193.768372 -5.667531 -78.315483 1.800000 0.000000 0.000000
9000 33 C -190.836136 -7.440103 -77.994987 2.150000 0.000000 0.000000
9000 34 P -195.140076 -6.859376 -74.978600 2.110000 -1.000000 0.000000
9000 35 S -195.292679 -10.711965 -75.690544 1.800000 0.000000 0.000000
9000 36 U -192.263062 -11.833097 -76.704918 2.150000 0.000000 0.000000
9000 37 P -194.987564 -12.873511 -72.554688 2.110000 -1.000000 0.000000
9500 1 P -178.921631 -13.493179 -73.123703 2.110000 -1.000000 1.000000
9500 2 S -180.930801 -16.214945 -75.249451 1.800000 0.000000 0.000000
9500 3 G -183.851028 -14.839314 -76.232658 2.150000 0.000000 0.000000
9500 4 P -179.755905 -15.690619 -78.968994 2.110000 -1.000000 0.000000
9500 5 S -183.098114 -16.272543 -80.664314 1.800000 0.000000 0.000000
9500 6 G -184.399841 -13.114282 -80.371841 2.150000 0.000000 0.000000
9500 7 P -182.406921 -15.489081 -84.400955 2.110000 -1.000000 0.000000
9500 8 S -185.800934 -14.189632 -85.731895 1.800000 0.000000 0.000000
9500 9 G -185.733536 -10.959599 -84.579697 2.150000 0.000000 0.000000
9500 10 P -184.202530 -12.950733 -89.105873 2.110000 -1.000000 0.000000
9500 11 S -187.221146 -10.791403 -90.461945 1.800000 0.000000 0.000000
9500 12 C -186.791779 -8.333311 -88.212105 2.150000 0.000000 0.000000
9500 13 P -184.314194 -9.787489 -92.453461 2.110000 -1.000000 0.000000
9500 14 S -185.256073 -6.733211 -94.449829 1.800000 0.000000 0.000000
9500 15 G -185.765274 -5.268621 -91.110779 2.150000 0.000000 0.000000
9500 16 P -181.391418 -6.566001 -94.470078 2.110000 -1.000000 0.000000
9500 17 S -181.516937 -2.562375 -94.262817 1.800000 0.000000 0.000000
9500 18 C -179.644821 -1.958852 -97.318581 2.150000 0.000000 0.000000
9500 19 P -178.600250 -2.165737 -91.854996 2.110000 -1.000000 0.000000
9500 20 S -180.890549 0.864917 -90.974960 1.800000 0.000000 0.000000
9500 21 A -183.355560 -0.861677 -89.084717 2.150000 0.000000 0.000000
9500 22 P -179.153076 2.217893 -87.752373 2.110000 -1.000000 0.000000
9500 23 S -182.588867 2.738195 -85.878220 1.800000 0.000000 0.000000
9500 24 A -184.567963 5.287966 -87.468193 2.150000 0.000000 0.000000
9500 25 P -183.511612 3.710804 -81.995247 2.110000 -1.000000 0.000000
9500 26 S -187.158463 2.455740 -82.578461 1.800000 0.000000 0.000000
9500 27 G -187.470963 -0.820986 -83.406876 2.150000 0.000000 0.000000
9500 28 P -187.495209 1.532909 -78.698936 2.110000 -1.000000 0.000000
9500 29 S -190.235489 -1.051690 -79.110931 1.800000 0.000000 0.000000
9500 30 C -188.311646 -3.889561 -79.836807 2.150000 0.000000 0.000000
9500 31 P -192.486191 -2.460331 -76.350792 2.110000 -1.000000 0.000000
9500 32 S -193.775726 -5.755971 -78.007004 1.800000 0.000000 0.000000
9500 33 C -190.872620 -7.413974 -77.927689 2.150000 0.000000 0.000000
9500 34 P -195.169998 -7.147621 -74.761612 2.110000 -1.000000 0.000000
9500 35 S -195.340027 -10.887372 -75.535225 1.800000 0.000000 0.000000
9500 36 U -192.310410 -12.008504 -76.549599 2.150000 0.000000 0.000000
9500 37 P -195.147980 -11.987258 -71.831314 2.110000 -1.000000 0.000000
10000 1 P -180.989624 -19.860811 -74.580521 2.110000 -1.000000 1.000000
10000 2 S -180.621780 -15.943390 -74.869446 1.800000 0.000000 0.000000
10000 3 G -183.753250 -15.111331 -75.836929 2.150000 0.000000 0.000000
10000 4 P -179.496750 -15.587177 -78.687881 2.110000 -1.000000 0.000000
10000 5 S -182.831802 -16.293158 -80.589622 1.800000 0.000000 0.000000
10000 6 G -184.404419 -13.163715 -80.326660 2.150000 0.000000 0.000000
10000 7 P -182.411499 -15.538515 -84.355774 2.110000 -1.000000 0.000000
10000 8 S -185.926331 -14.406674 -85.462013 1.800000 0.000000 0.000000
10000 9 G -186.039490 -11.141330 -84.480988 2.150000 0.000000 0.000000
10000 10 P -184.309464 -13.133302 -88.857117 2.110000 -1.000000 0.000000
10000 11 S -187.328079 -10.973971 -90.213188 1.800000 0.000000 0.000000
10000 12 C -186.880203 -8.456187 -88.137344 2.150000 0.000000 0.000000
10000 13 P -184.402618 -9.910365 -92.378700 2.110000 -1.000000 0.000000
10000 14 S -185.520050 -6.672204 -94.410225 1.800000 0.000000 0.000000
10000 15 G -186.509628 -4.572812 -91.970573 2.150000 0.000000 0.000000
10000 16 P -181.771454 -6.229956 -94.498840 2.110000 -1.000000 0.000000
10000 17 S -182.328537 -2.462276 -94.177521 1.800000 0.000000 0.000000
10000 18 C -181.484070 -3.063305 -97.369484 2.150000 0.000000 0.000000
10000 19 P -179.334641 -1.587585 -92.021820 2.110000 -1.000000 0.000000
10000 20 S -181.582169 1.409885 -91.119507 1.800000 0.000000 0.000000
10000 21 A -183.719559 -1.010410 -89.806168 2.150000 0.000000 0.000000
10000 22 P -179.488480 2.791614 -88.054886 2.110000 -1.000000 0.000000
10000 23 S -183.065018 3.017935 -86.301895 1.800000 0.000000 0.000000
10000 24 A -184.383865 -0.314805 -85.807877 2.150000 0.000000 0.000000
10000 25 P -183.796570 4.153064 -82.347610 2.110000 -1.000000 0.000000
10000 26 S -187.441391 2.699877 -82.775734 1.800000 0.000000 0.000000
10000 27 G -187.753891 -0.576849 -83.604149 2.150000 0.000000 0.000000
10000 28 P -187.508270 1.867479 -78.991745 2.110000 -1.000000 0.000000
10000 29 S -190.373947 -0.911261 -79.394119 1.800000 0.000000 0.000000
10000 30 C -188.450104 -3.749133 -80.119995 2.150000 0.000000 0.000000
10000 31 P -192.403503 -2.387712 -76.571251 2.110000 -1.000000 0.000000
10000 32 S -193.645752 -5.678314 -78.288406 1.800000 0.000000 0.000000
10000 33 C -190.742645 -7.336317 -78.209091 2.150000 0.000000 0.000000
10000 34 P -195.016464 -6.863354 -74.895248 2.110000 -1.000000 0.000000
10000 35 S -195.121429 -10.645865 -75.657265 1.800000 0.000000 0.000000
10000 36 U -191.926666 -11.410007 -76.184601 2.150000 0.000000 0.000000
10000 37 P -195.780670 -12.690029 -72.332382 2.110000 -1.000000 0.000000
