500 1 P -179.173019 -14.469429 -71.774796 2.110000 -1.000000 1.000000
500 2 S -181.720184 -16.882635 -73.378441 1.800000 0.000000 0.000000
500 3 G -184.227005 -14.591558 -73.347198 2.150000 0.000000 0.000000
500 4 P -180.683960 -16.855947 -76.981987 2.110000 -1.000000 0.000000
500 5 S -184.345078 -17.164139 -78.617950 1.800000 0.000000 0.000000
500 6 G -184.987808 -13.559403 -78.241875 2.150000 0.000000 0.000000
500 7 P -183.622696 -16.543968 -82.387482 2.110000 -1.000000 0.000000
500 8 S -186.625061 -15.143712 -84.250107 1.800000 0.000000 0.000000
500 9 G -187.485718 -12.200325 -82.646217 2.150000 0.000000 0.000000
500 10 P -185.124863 -13.847493 -87.600677 2.110000 -1.000000 0.000000
500 11 S -187.966339 -11.794848 -88.942749 1.800000 0.000000 0.000000
500 12 C -187.445953 -9.231685 -86.601189 2.150000 0.000000 0.000000
500 13 P -184.897202 -10.633060 -90.848892 2.110000 -1.000000 0.000000
500 14 S -186.326691 -7.882926 -92.857101 1.800000 0.000000 0.000000
500 15 G -187.079498 -5.711293 -90.324600 2.150000 0.000000 0.000000
500 16 P -182.523254 -7.832371 -92.921051 2.110000 -1.000000 0.000000
500 17 S -181.723022 -3.932965 -92.736191 1.800000 0.000000 0.000000
500 18 C -182.662643 -4.998252 -89.637146 2.150000 0.000000 0.000000
500 19 P -178.155029 -3.608520 -91.020065 2.110000 -1.000000 0.000000
500 20 S -180.585419 -0.653404 -90.132088 1.800000 0.000000 0.000000
500 21 A -179.042130 1.931453 -92.307907 2.150000 0.000000 0.000000
500 22 P -178.711731 1.011466 -87.097176 2.110000 -1.000000 0.000000
500 23 S -182.146942 1.964018 -85.601707 1.800000 0.000000 0.000000
500 24 A -182.923080 -1.318957 -85.025055 2.150000 0.000000 0.000000
500 25 P -182.755142 2.986321 -81.820175 2.110000 -1.000000 0.000000
500 26 S -186.447769 1.963992 -82.062675 1.800000 0.000000 0.000000
500 27 G -187.145905 -0.653221 -84.079788 2.150000 0.000000 0.000000
500 28 P -187.276047 1.232781 -78.381241 2.110000 -1.000000 0.000000
500 29 S -190.433640 -0.791879 -79.422310 1.800000 0.000000 0.000000
500 30 C -188.477951 -3.605769 -80.619812 2.150000 0.000000 0.000000
500 31 P -192.518875 -2.106926 -76.421593 2.110000 -1.000000 0.000000
500 32 S -194.129333 -5.381537 -77.809578 1.800000 0.000000 0.000000
500 33 C -191.388199 -7.445865 -77.201561 2.150000 0.000000 0.000000
500 34 P -195.691605 -7.178343 -74.810173 2.110000 -1.000000 0.000000
500 35 S -195.516724 -10.904964 -75.925957 1.800000 0.000000 0.000000
500 36 U -192.640503 -11.563972 -73.939529 2.150000 0.000000 0.000000
500 37 P -197.893768 -11.647375 -72.840714 2.110000 -1.000000 0.000000
1000 1 P -178.736694 -13.812505 -72.719933 2.110000 -1.000000 1.000000
1000 2 S -181.589859 -16.659845 -73.423164 1.800000 0.000000 0.000000
1000 3 G -184.505295 -15.207984 -73.656998 2.150000 0.000000 0.000000
1000 4 P -180.572678 -16.567585 -77.208084 2.110000 -1.000000 0.000000
1000 5 S -184.231705 -17.003035 -78.815605 1.800000 0.000000 0.000000
1000 6 G -184.896622 -13.419640 -78.405113 2.150000 0.000000 0.000000
1000 7 P -183.531509 -16.404202 -82.550720 2.110000 -1.000000 0.000000
1000 8 S -186.606979 -15.118567 -84.180573 1.800000 0.000000 0.000000
1000 9 G -187.479599 -12.239712 -82.487602 2.150000 0.000000 0.000000
1000 10 P -185.118744 -13.886880 -87.442062 2.110000 -1.000000 0.000000
1000 11 S -187.961655 -11.826618 -88.785774 1.800000 0.000000 0.000000
1000 12 C -187.434250 -9.193644 -86.630836 2.150000 0.000000 0.000000
1000 13 P -184.885498 -10.595018 -90.878540 2.110000 -1.000000 0.000000
1000 14 S -186.080643 -7.523855 -93.144875 1.800000 0.000000 0.000000
1000 15 G -187.676544 -5.180970 -91.192047 2.150000 0.000000 0.000000
1000 16 P -182.180542 -7.354286 -93.218063 2.110000 -1.000000 0.000000
1000 17 S -181.197464 -3.596310 -93.272141 1.800000 0.000000 0.000000
1000 18 C -180.947327 -3.785088 -96.779381 2.150000 0.000000 0.000000
1000 19 P -177.558533 -3.205586 -92.005424 2.110000 -1.000000 0.000000
1000 20 S -180.007492 -0.263768 -91.035629 1.800000 0.000000 0.000000
1000 21 A -181.157242 -2.617455 -88.782494 2.150000 0.000000 0.000000
1000 22 P -178.364456 1.085144 -87.778481 2.110000 -1.000000 0.000000
1000 23 S -181.898117 1.938894 -86.532349 1.800000 0.000000 0.000000
1000 24 A -182.223022 -1.110691 -84.866096 2.150000 0.000000 0.000000
1000 25 P -182.729294 3.244133 -82.717552 2.110000 -1.000000 0.000000
1000 26 S -186.494965 2.126308 -82.431351 1.800000 0.000000 0.000000
1000 27 G -187.193100 -0.490905 -84.448463 2.150000 0.000000 0.000000
1000 28 P -187.225281 1.298477 -78.733665 2.110000 -1.000000 0.000000
1000 29 S -190.366699 -0.728750 -79.707062 1.800000 0.000000 0.000000
1000 30 C -188.411011 -3.542639 -80.904564 2.150000 0.000000 0.000000
1000 31 P -192.469955 -2.038274 -76.458450 2.110000 -1.000000 0.000000
1000 32 S -193.776184 -4.987557 -78.517189 1.800000 0.000000 0.000000
1000 33 C -191.035049 -7.051885 -77.909172 2.150000 0.000000 0.000000
1000 34 P -195.320770 -6.745187 -75.555496 2.110000 -1.000000 0.000000
1000 35 S -195.072220 -10.332096 -77.075188 1.800000 0.000000 0.000000
1000 36 U -192.195999 -10.991103 -75.088760 2.150000 0.000000 0.000000
1000 37 P -197.104034 -12.259148 -74.238068 2.110000 -1.000000 0.000000
1500 1 P -179.340698 -14.318157 -71.042114 2.110000 -1.000000 1.000000
1500 2 S -181.618744 -16.588148 -73.212692 1.800000 0.000000 0.000000
1500 3 G -184.781738 -15.527765 -72.989777 2.150000 0.000000 0.000000
1500 4 P -180.627335 -16.513519 -76.962662 2.110000 -1.000000 0.000000
1500 5 S -184.241302 -16.937716 -78.526375 1.800000 0.000000 0.000000
1500 6 G -184.937500 -13.462563 -78.242256 2.150000 0.000000 0.000000
1500 7 P -183.572388 -16.447123 -82.387863 2.110000 -1.000000 0.000000
1500 8 S -186.599808 -15.113215 -84.091751 1.800000 0.000000 0.000000
1500 9 G -187.917023 -12.276379 -82.453926 2.150000 0.000000 0.000000
1500 10 P -185.121048 -13.874371 -87.402435 2.110000 -1.000000 0.000000
1500 11 S -187.963959 -11.814109 -88.746147 1.800000 0.000000 0.000000
1500 12 C -187.453064 -9.190951 -86.479080 2.150000 0.000000 0.000000
1500 13 P -184.904312 -10.592326 -90.726784 2.110000 -1.000000 0.000000
1500 14 S -186.630707 -7.535411 -92.443634 1.800000 0.000000 0.000000
1500 15 G -186.980255 -6.061348 -89.310196 2.150000 0.000000 0.000000
1500 16 P -182.919968 -6.442925 -92.521828 2.110000 -1.000000 0.000000
1500 17 S -182.699066 -2.497577 -92.715599 1.800000 0.000000 0.000000
1500 18 C -181.417023 -2.997478 -96.014748 2.150000 0.000000 0.000000
1500 19 P -178.884781 -2.153444 -91.067162 2.110000 -1.000000 0.000000
1500 20 S -181.333740 0.788374 -90.097366 1.800000 0.000000 0.000000
1500 21 A -183.192963 -1.406377 -88.332466 2.150000 0.000000 0.000000
1500 22 P -179.298233 2.062196 -86.975418 2.110000 -1.000000 0.000000
1500 23 S -182.876556 1.936801 -85.566177 1.800000 0.000000 0.000000
1500 24 A -183.473801 -1.128264 -84.367424 2.150000 0.000000 0.000000
1500 25 P -182.980194 3.197440 -81.917465 2.110000 -1.000000 0.000000
1500 26 S -186.905426 2.107252 -82.139229 1.800000 0.000000 0.000000
1500 27 G -187.727524 -0.688834 -83.815720 2.150000 0.000000 0.000000
1500 28 P -187.635330 1.196565 -78.343727 2.110000 -1.000000 0.000000
1500 29 S -190.660812 -0.759092 -79.631058 1.800000 0.000000 0.000000
1500 30 C -188.713669 -3.644641 -80.580780 2.150000 0.000000 0.000000
1500 31 P -192.504700 -1.938381 -76.283646 2.110000 -1.000000 0.000000
1500 32 S -193.750046 -4.920385 -78.244019 1.800000 0.000000 0.000000
1500 33 C -191.008911 -6.984713 -77.636002 2.150000 0.000000 0.000000
1500 34 P -195.363419 -6.744074 -75.227127 2.110000 -1.000000 0.000000
1500 35 S -195.149658 -10.360504 -76.715294 1.800000 0.000000 0.000000
1500 36 U -192.273438 -11.019511 -74.728867 2.150000 0.000000 0.000000
1500 37 P -197.609024 -12.101200 -74.074966 2.110000 -1.000000 0.000000
2000 1 P -178.924011 -13.815337 -71.971886 2.110000 -1.000000 1.000000
2000 2 S -181.575394 -16.511822 -72.937050 1.800000 0.000000 0.000000
2000 3 G -184.152252 -14.586596 -73.637466 2.150000 0.000000 0.000000
2000 4 P -180.583374 -16.330149 -76.639175 2.110000 -1.000000 0.000000
2000 5 S -184.220032 -16.909716 -78.338181 1.800000 0.000000 0.000000
2000 6 G -184.941528 -13.445765 -78.014542 2.150000 0.000000 0.000000
2000 7 P -183.576416 -16.430325 -82.160149 2.110000 -1.000000 0.000000
2000 8 S -186.627258 -15.100433 -83.941788 1.800000 0.000000 0.000000
2000 9 G -187.387741 -12.191765 -82.285805 2.150000 0.000000 0.000000
2000 10 P -185.154465 -13.907174 -87.398415 2.110000 -1.000000 0.000000
2000 11 S -187.972046 -11.827042 -88.737190 1.800000 0.000000 0.000000
2000 12 C -187.449768 -9.191571 -86.440872 2.150000 0.000000 0.000000
2000 13 P -184.901016 -10.592946 -90.688576 2.110000 -1.000000 0.000000
2000 14 S -186.006638 -7.517994 -92.811943 1.800000 0.000000 0.000000
2000 15 G -187.935898 -6.288913 -90.003197 2.150000 0.000000 0.000000
2000 16 P -182.488770 -6.373260 -93.105484 2.110000 -1.000000 0.000000
2000 17 S -181.961899 -2.456987 -93.043137 1.800000 0.000000 0.000000
2000 18 C -183.781281 -2.166715 -90.062859 2.150000 0.000000 0.000000
2000 19 P -178.130814 -2.340593 -91.431557 2.110000 -1.000000 0.000000
2000 20 S -180.608154 0.527435 -90.196655 1.800000 0.000000 0.000000
2000 21 A -180.165268 3.081120 -92.753937 2.150000 0.000000 0.000000
2000 22 P -178.907318 2.006627 -87.081993 2.110000 -1.000000 0.000000
2000 23 S -182.279694 1.791067 -85.417679 1.800000 0.000000 0.000000
2000 24 A -182.731354 -1.590369 -85.682381 2.150000 0.000000 0.000000
2000 25 P -182.720520 3.132779 -81.909164 2.110000 -1.000000 0.000000
2000 26 S -186.485931 2.310454 -82.598770 1.800000 0.000000 0.000000
2000 27 G -187.308029 -0.485633 -84.275261 2.150000 0.000000 0.000000
2000 28 P -187.302383 1.400129 -78.994087 2.110000 -1.000000 0.000000
2000 29 S -190.493118 -0.574252 -80.032974 1.800000 0.000000 0.000000
2000 30 C -188.545975 -3.459802 -80.982697 2.150000 0.000000 0.000000
2000 31 P -192.262238 -1.686715 -76.597443 2.110000 -1.000000 0.000000
2000 32 S -193.821350 -5.023340 -77.918922 1.800000 0.000000 0.000000
2000 33 C -190.719437 -6.688361 -77.572701 2.150000 0.000000 0.000000
2000 34 P -195.370056 -6.677368 -74.867081 2.110000 -1.000000 0.000000
2000 35 S -195.186691 -10.280140 -76.232643 1.800000 0.000000 0.000000
2000 36 U -192.310471 -10.939147 -74.246216 2.150000 0.000000 0.000000
2000 37 P -197.348862 -12.575706 -74.054077 2.110000 -1.000000 0.000000
2500 1 P -179.596619 -14.775125 -70.487686 2.110000 -1.000000 1.000000
2500 2 S -181.857864 -16.887589 -72.775093 1.800000 0.000000 0.000000
2500 3 G -184.463257 -14.858527 -72.735718 2.150000 0.000000 0.000000
2500 4 P -180.761948 -16.501057 -76.405418 2.110000 -1.000000 0.000000
2500 5 S -184.371552 -17.068806 -77.960701 1.800000 0.000000 0.000000
2500 6 G -185.634567 -14.018959 -77.261024 2.150000 0.000000 0.000000
2500 7 P -183.720078 -16.584524 -81.705040 2.110000 -1.000000 0.000000
2500 8 S -186.802231 -15.251472 -83.529076 1.800000 0.000000 0.000000
2500 9 G -187.555069 -12.294456 -81.735771 2.150000 0.000000 0.000000
2500 10 P -185.321793 -14.009865 -86.848381 2.110000 -1.000000 0.000000
2500 11 S -187.969742 -11.886177 -88.578117 1.800000 0.000000 0.000000
2500 12 C -187.458984 -9.235538 -86.350441 2.150000 0.000000 0.000000
2500 13 P -184.910233 -10.636913 -90.598145 2.110000 -1.000000 0.000000
2500 14 S -186.203171 -7.494690 -92.467110 1.800000 0.000000 0.000000
2500 15 G -186.311874 -5.666550 -89.403709 2.150000 0.000000 0.000000
2500 16 P -182.505280 -6.489617 -92.975296 2.110000 -1.000000 0.000000
2500 17 S -181.828506 -2.557899 -93.117561 1.800000 0.000000 0.000000
2500 18 C -181.723602 -1.584071 -96.391502 2.150000 0.000000 0.000000
2500 19 P -178.075912 -2.288405 -92.380112 2.110000 -1.000000 0.000000
2500 20 S -180.557098 0.590976 -91.130753 1.800000 0.000000 0.000000
2500 21 A -179.727600 3.705328 -92.736115 2.150000 0.000000 0.000000
2500 22 P -178.687332 1.972099 -88.201935 2.110000 -1.000000 0.000000
2500 23 S -182.204865 1.955198 -86.363449 1.800000 0.000000 0.000000
2500 24 A -182.343018 -1.463524 -86.329765 2.150000 0.000000 0.000000
2500 25 P -182.614624 3.342478 -82.881866 2.110000 -1.000000 0.000000
2500 26 S -186.194397 2.238052 -82.588547 1.800000 0.000000 0.000000
2500 27 G -187.236847 -0.549442 -84.247635 2.150000 0.000000 0.000000
2500 28 P -187.183105 1.286220 -78.765198 2.110000 -1.000000 0.000000
2500 29 S -190.472321 -0.599150 -79.962425 1.800000 0.000000 0.000000
2500 30 C -188.525177 -3.484699 -80.912148 2.150000 0.000000 0.000000
2500 31 P -192.099472 -1.580797 -76.687248 2.110000 -1.000000 0.000000
2500 32 S -193.633347 -4.922369 -78.154816 1.800000 0.000000 0.000000
2500 33 C -190.531433 -6.587390 -77.808594 2.150000 0.000000 0.000000
2500 34 P -195.229233 -6.588510 -75.065102 2.110000 -1.000000 0.000000
2500 35 S -195.090439 -10.194829 -76.396362 1.800000 0.000000 0.000000
2500 36 U -191.938599 -10.520346 -75.086555 2.150000 0.000000 0.000000
2500 37 P -196.783386 -11.809726 -73.233292 2.110000 -1.000000 0.000000
3000 1 P -179.363937 -14.695780 -70.862206 2.110000 -1.000000 1.000000
3000 2 S -181.933807 -16.923981 -72.570267 1.800000 0.000000 0.000000
3000 3 G -184.737991 -15.206308 -72.514275 2.150000 0.000000 0.000000
3000 4 P -180.828125 -16.542025 -76.357033 2.110000 -1.000000 0.000000
3000 5 S -184.439743 -17.085932 -77.911484 1.800000 0.000000 0.000000
3000 6 G -185.609772 -13.984194 -77.167648 2.150000 0.000000 0.000000
3000 7 P -183.695282 -16.549755 -81.611664 2.110000 -1.000000 0.000000
3000 8 S -186.800186 -15.265182 -83.495705 1.800000 0.000000 0.000000
3000 9 G -187.552597 -12.308006 -81.702484 2.150000 0.000000 0.000000
3000 10 P -185.319321 -14.023416 -86.815094 2.110000 -1.000000 0.000000
3000 11 S -187.920563 -11.894765 -88.499023 1.800000 0.000000 0.000000
3000 12 C -188.068848 -9.004716 -86.701393 2.150000 0.000000 0.000000
3000 13 P -184.864517 -10.629576 -90.535767 2.110000 -1.000000 0.000000
3000 14 S -186.510254 -7.654287 -92.326721 1.800000 0.000000 0.000000
3000 15 G -187.585526 -5.653213 -89.615059 2.150000 0.000000 0.000000
3000 16 P -182.926575 -6.261598 -92.849960 2.110000 -1.000000 0.000000
3000 17 S -182.213333 -2.342025 -93.316910 1.800000 0.000000 0.000000
3000 18 C -181.499451 -1.054327 -96.694992 2.150000 0.000000 0.000000
3000 19 P -178.334518 -2.372715 -92.560173 2.110000 -1.000000 0.000000
3000 20 S -180.815048 0.508595 -91.367180 1.800000 0.000000 0.000000
3000 21 A -182.722198 -1.650103 -89.720802 2.150000 0.000000 0.000000
3000 22 P -178.669083 2.179940 -88.819252 2.110000 -1.000000 0.000000
3000 23 S -182.098434 1.753048 -86.941391 1.800000 0.000000 0.000000
3000 24 A -182.788971 -1.524071 -85.557533 2.150000 0.000000 0.000000
3000 25 P -182.256866 3.217460 -83.325974 2.110000 -1.000000 0.000000
3000 26 S -185.981812 2.399291 -83.029724 1.800000 0.000000 0.000000
3000 27 G -187.024261 -0.388203 -84.688812 2.150000 0.000000 0.000000
3000 28 P -187.081329 1.452275 -79.432205 2.110000 -1.000000 0.000000
3000 29 S -190.344330 -0.547652 -80.307083 1.800000 0.000000 0.000000
3000 30 C -188.397186 -3.433201 -81.256805 2.150000 0.000000 0.000000
3000 31 P -191.979523 -1.507709 -77.074921 2.110000 -1.000000 0.000000
3000 32 S -193.659195 -4.900140 -78.258545 1.800000 0.000000 0.000000
3000 33 C -190.557281 -6.565161 -77.912323 2.150000 0.000000 0.000000
3000 34 P -195.244965 -6.584841 -75.131531 2.110000 -1.000000 0.000000
3000 35 S -195.019363 -10.164701 -76.491951 1.800000 0.000000 0.000000
3000 36 U -191.867523 -10.490218 -75.182144 2.150000 0.000000 0.000000
3000 37 P -196.503174 -12.519694 -73.845314 2.110000 -1.000000 0.000000
3500 1 P -179.882751 -14.970189 -69.619675 2.110000 -1.000000 1.000000
3500 2 S -182.087585 -17.273365 -72.028938 1.800000 0.000000 0.000000
3500 3 G -185.108841 -15.589412 -71.813622 2.150000 0.000000 0.000000
3500 4 P -180.879013 -16.394772 -75.662605 2.110000 -1.000000 0.000000
3500 5 S -184.320328 -16.986301 -77.652176 1.800000 0.000000 0.000000
3500 6 G -185.505753 -13.917884 -76.991791 2.150000 0.000000 0.000000
3500 7 P -183.616684 -16.490454 -81.493042 2.110000 -1.000000 0.000000
3500 8 S -186.822205 -15.273180 -83.328873 1.800000 0.000000 0.000000
3500 9 G -187.552292 -12.276675 -81.612358 2.150000 0.000000 0.000000
3500 10 P -185.319016 -13.992085 -86.724968 2.110000 -1.000000 0.000000
3500 11 S -187.913986 -11.879354 -88.426445 1.800000 0.000000 0.000000
3500 12 C -188.094254 -8.995811 -86.698906 2.150000 0.000000 0.000000
3500 13 P -184.889923 -10.620670 -90.533279 2.110000 -1.000000 0.000000
3500 14 S -186.327576 -7.664576 -92.486198 1.800000 0.000000 0.000000
3500 15 G -185.752792 -5.375783 -89.923157 2.150000 0.000000 0.000000
3500 16 P -183.182266 -6.044617 -93.579956 2.110000 -1.000000 0.000000
3500 17 S -182.683823 -2.079552 -94.161110 1.800000 0.000000 0.000000
3500 18 C -182.550873 -3.354666 -97.374985 2.150000 0.000000 0.000000
3500 19 P -178.878937 -1.918360 -94.152481 2.110000 -1.000000 0.000000
3500 20 S -181.372162 0.958598 -92.900124 1.800000 0.000000 0.000000
3500 21 A -179.398392 2.550579 -95.052261 2.150000 0.000000 0.000000
3500 22 P -179.257477 2.630781 -89.948326 2.110000 -1.000000 0.000000
3500 23 S -182.243469 1.965070 -87.467766 1.800000 0.000000 0.000000
3500 24 A -182.896683 -1.249442 -86.351585 2.150000 0.000000 0.000000
3500 25 P -182.389694 3.367256 -83.830818 2.110000 -1.000000 0.000000
3500 26 S -186.204773 2.477623 -83.139145 1.800000 0.000000 0.000000
3500 27 G -187.247223 -0.309871 -84.798233 2.150000 0.000000 0.000000
3500 28 P -187.050095 1.565715 -79.570778 2.110000 -1.000000 0.000000
3500 29 S -190.266296 -0.491830 -80.205948 1.800000 0.000000 0.000000
3500 30 C -188.319153 -3.377379 -81.155670 2.150000 0.000000 0.000000
3500 31 P -191.895828 -1.445815 -76.692513 2.110000 -1.000000 0.000000
3500 32 S -193.522934 -4.826612 -77.848793 1.800000 0.000000 0.000000
3500 33 C -190.421021 -6.491633 -77.502571 2.150000 0.000000 0.000000
3500 34 P -195.147903 -6.473899 -74.674477 2.110000 -1.000000 0.000000
3500 35 S -195.093430 -10.154924 -75.870720 1.800000 0.000000 0.000000
3500 36 U -191.747025 -10.658924 -75.320145 2.150000 0.000000 0.000000
3500 37 P -196.209305 -11.377314 -72.420921 2.110000 -1.000000 0.000000
4000 1 P -179.641266 -14.956436 -69.887886 2.110000 -1.000000 1.000000
4000 2 S -182.001053 -17.155367 -72.269852 1.800000 0.000000 0.000000
4000 3 G -184.764984 -15.405839 -72.353828 2.150000 0.000000 0.000000
4000 4 P -180.814713 -16.394421 -75.900375 2.110000 -1.000000 0.000000
4000 5 S -184.290817 -16.956329 -77.697906 1.800000 0.000000 0.000000
4000 6 G -185.511902 -13.887584 -77.071777 2.150000 0.000000 0.000000
4000 7 P -183.622833 -16.460155 -81.573029 2.110000 -1.000000 0.000000
4000 8 S -186.830627 -15.251815 -83.437096 1.800000 0.000000 0.000000
4000 9 G -187.516174 -12.253922 -81.600761 2.150000 0.000000 0.000000
4000 10 P -185.282898 -13.969332 -86.713371 2.110000 -1.000000 0.000000
4000 11 S -187.883942 -11.877859 -88.396538 1.800000 0.000000 0.000000
4000 12 C -188.139771 -9.011977 -86.565178 2.150000 0.000000 0.000000
4000 13 P -184.935440 -10.636837 -90.399551 2.110000 -1.000000 0.000000
4000 14 S -186.576859 -7.696814 -92.250206 1.800000 0.000000 0.000000
4000 15 G -186.675354 -5.963789 -88.834373 2.150000 0.000000 0.000000
4000 16 P -183.615570 -6.154843 -93.546234 2.110000 -1.000000 0.000000
4000 17 S -184.214645 -2.296966 -93.583748 1.800000 0.000000 0.000000
4000 18 C -184.229431 -3.003834 -96.757721 2.150000 0.000000 0.000000
4000 19 P -180.286972 -2.309679 -92.940842 2.110000 -1.000000 0.000000
4000 20 S -182.781143 0.567705 -91.711769 1.800000 0.000000 0.000000
4000 21 A -184.057190 -1.843938 -89.475624 2.150000 0.000000 0.000000
4000 22 P -180.287582 2.270888 -89.146881 2.110000 -1.000000 0.000000
4000 23 S -183.093033 1.670389 -86.517220 1.800000 0.000000 0.000000
4000 24 A -184.287216 4.618615 -87.583916 2.150000 0.000000 0.000000
4000 25 P -182.243881 3.127505 -83.129898 2.110000 -1.000000 0.000000
4000 26 S -186.052628 2.381342 -82.888527 1.800000 0.000000 0.000000
4000 27 G -187.095078 -0.406152 -84.547615 2.150000 0.000000 0.000000
4000 28 P -186.825363 1.499426 -79.408730 2.110000 -1.000000 0.000000
4000 29 S -190.142502 -0.464836 -80.327324 1.800000 0.000000 0.000000
4000 30 C -188.195358 -3.350386 -81.277046 2.150000 0.000000 0.000000
4000 31 P -191.757309 -1.410623 -76.768463 2.110000 -1.000000 0.000000
4000 32 S -193.434647 -4.725994 -78.089264 1.800000 0.000000 0.000000
4000 33 C -190.463257 -6.487003 -77.753281 2.150000 0.000000 0.000000
4000 34 P -195.055893 -6.361811 -75.028557 2.110000 -1.000000 0.000000
4000 35 S -195.120361 -10.119233 -75.770294 1.800000 0.000000 0.000000
4000 36 U -191.773956 -10.623233 -75.219719 2.150000 0.000000 0.000000
4000 37 P -196.264603 -10.563843 -71.994209 2.110000 -1.000000 0.000000
4500 1 P -179.909256 -14.886272 -69.672783 2.110000 -1.000000 1.000000
4500 2 S -182.027191 -17.065016 -72.245140 1.800000 0.000000 0.000000
4500 3 G -184.840118 -15.363289 -72.448273 2.150000 0.000000 0.000000
4500 4 P -180.951645 -16.393400 -75.857620 2.110000 -1.000000 0.000000
4500 5 S -184.436600 -16.917847 -77.564026 1.800000 0.000000 0.000000
4500 6 G -185.624603 -13.864279 -76.744774 2.150000 0.000000 0.000000
4500 7 P -183.735535 -16.436852 -81.246025 2.110000 -1.000000 0.000000
4500 8 S -186.868378 -15.240834 -83.210052 1.800000 0.000000 0.000000
4500 9 G -187.074768 -12.215809 -81.331161 2.150000 0.000000 0.000000
4500 10 P -185.321045 -13.965865 -86.453278 2.110000 -1.000000 0.000000
4500 11 S -187.932098 -11.885332 -88.377785 1.800000 0.000000 0.000000
4500 12 C -187.745956 -9.054843 -86.729630 2.150000 0.000000 0.000000
4500 13 P -184.985733 -10.659689 -90.344734 2.110000 -1.000000 0.000000
4500 14 S -186.839645 -7.580211 -92.192848 1.800000 0.000000 0.000000
4500 15 G -187.477524 -4.631125 -89.947517 2.150000 0.000000 0.000000
4500 16 P -183.368835 -6.131824 -93.166153 2.110000 -1.000000 0.000000
4500 17 S -183.742462 -2.132215 -93.605103 1.800000 0.000000 0.000000
4500 18 C -184.001785 -0.793600 -96.908958 2.150000 0.000000 0.000000
4500 19 P -179.980560 -1.766018 -93.434570 2.110000 -1.000000 0.000000
4500 20 S -182.487701 1.110120 -92.176979 1.800000 0.000000 0.000000
4500 21 A -184.866608 -0.818854 -90.312538 2.150000 0.000000 0.000000
4500 22 P -179.874817 2.677512 -89.562080 2.110000 -1.000000 0.000000
4500 23 S -183.187164 2.152054 -87.242020 1.800000 0.000000 0.000000
4500 24 A -182.367111 -1.376150 -86.500755 2.150000 0.000000 0.000000
4500 25 P -182.773727 3.485849 -83.537552 2.110000 -1.000000 0.000000
4500 26 S -186.526123 2.386533 -82.835777 1.800000 0.000000 0.000000
4500 27 G -187.568573 -0.400961 -84.494865 2.150000 0.000000 0.000000
4500 28 P -187.109039 1.492538 -79.223610 2.110000 -1.000000 0.000000
4500 29 S -190.265610 -0.482071 -80.176239 1.800000 0.000000 0.000000
4500 30 C -188.624359 -3.422184 -81.092476 2.150000 0.000000 0.000000
4500 31 P -191.784973 -1.376685 -76.824341 2.110000 -1.000000 0.000000
4500 32 S -193.514740 -4.691805 -77.982307 1.800000 0.000000 0.000000
4500 33 C -190.543350 -6.452815 -77.646324 2.150000 0.000000 0.000000
4500 34 P -195.189133 -6.419725 -74.915924 2.110000 -1.000000 0.000000
4500 35 S -195.142639 -10.188009 -76.082977 1.800000 0.000000 0.000000
4500 36 U -191.796234 -10.692009 -75.532402 2.150000 0.000000 0.000000
4500 37 P -196.420502 -11.963348 -72.600960 2.110000 -1.000000 0.000000
5000 1 P -179.511154 -14.600005 -70.181732 2.110000 -1.000000 1.000000
5000 2 S -181.976822 -17.059391 -72.153259 1.800000 0.000000 0.000000
5000 3 G -184.881699 -15.416891 -72.293823 2.150000 0.000000 0.000000
5000 4 P -180.993225 -16.447002 -75.703171 2.110000 -1.000000 0.000000
5000 5 S -184.417725 -16.957489 -77.462326 1.800000 0.000000 0.000000
5000 6 G -185.594452 -13.831788 -76.746689 2.150000 0.000000 0.000000
5000 7 P -183.705383 -16.404360 -81.247940 2.110000 -1.000000 0.000000
5000 8 S -186.947617 -15.268034 -83.117882 1.800000 0.000000 0.000000
5000 9 G -187.116302 -12.211244 -81.264397 2.150000 0.000000 0.000000
5000 10 P -185.362579 -13.961300 -86.386513 2.110000 -1.000000 0.000000
5000 11 S -187.955612 -11.867925 -88.279770 1.800000 0.000000 0.000000
5000 12 C -187.768265 -9.045631 -86.654610 2.150000 0.000000 0.000000
5000 13 P -185.008041 -10.650477 -90.269714 2.110000 -1.000000 0.000000
5000 14 S -186.296158 -7.544830 -92.491455 1.800000 0.000000 0.000000
5000 15 G -187.548187 -4.945346 -90.595398 2.150000 0.000000 0.000000
5000 16 P -183.162109 -6.046229 -93.780479 2.110000 -1.000000 0.000000
5000 17 S -183.033752 -1.985552 -93.993774 1.800000 0.000000 0.000000
5000 18 C -184.196732 -3.002917 -97.057678 2.150000 0.000000 0.000000
5000 19 P -179.252563 -1.691608 -93.710289 2.110000 -1.000000 0.000000
5000 20 S -181.754150 1.188472 -92.440018 1.800000 0.000000 0.000000
5000 21 A -183.335693 -1.287986 -90.413506 2.150000 0.000000 0.000000
5000 22 P -179.710144 2.727407 -89.465187 2.110000 -1.000000 0.000000
5000 23 S -182.661316 2.146270 -86.883286 1.800000 0.000000 0.000000
5000 24 A -184.081055 -0.813256 -86.674942 2.150000 0.000000 0.000000
5000 25 P -182.533615 3.364779 -83.319603 2.110000 -1.000000 0.000000
5000 26 S -186.367722 2.453033 -82.969658 1.800000 0.000000 0.000000
5000 27 G -187.410172 -0.334461 -84.628746 2.150000 0.000000 0.000000
5000 28 P -187.292557 1.593536 -79.241982 2.110000 -1.000000 0.000000
5000 29 S -190.365997 -0.486761 -80.126686 1.800000 0.000000 0.000000
5000 30 C -188.724747 -3.426874 -81.042923 2.150000 0.000000 0.000000
5000 31 P -191.863495 -1.381258 -76.528984 2.110000 -1.000000 0.000000
5000 32 S -193.564438 -4.727861 -77.866180 1.800000 0.000000 0.000000
5000 33 C -190.593048 -6.488870 -77.530197 2.150000 0.000000 0.000000
5000 34 P -195.254333 -6.540120 -74.895729 2.110000 -1.000000 0.000000
5000 35 S -195.021606 -10.173457 -76.294411 1.800000 0.000000 0.000000
5000 36 U -191.675201 -10.677457 -75.743835 2.150000 0.000000 0.000000
5000 37 P -196.361313 -12.349585 -73.301674 2.110000 -1.000000 0.000000
5500 1 P -179.206497 -14.821557 -71.169510 2.110000 -1.000000 1.000000
5500 2 S -181.962677 -17.083195 -72.342300 1.800000 0.000000 0.000000
5500 3 G -184.310730 -14.728955 -72.693314 2.150000 0.000000 0.000000
5500 4 P -180.857925 -16.328613 -75.788170 2.110000 -1.000000 0.000000
5500 5 S -184.307220 -16.888752 -77.547012 1.800000 0.000000 0.000000
5500 6 G -185.484390 -13.799486 -76.902367 2.150000 0.000000 0.000000
5500 7 P -183.595322 -16.372059 -81.403618 2.110000 -1.000000 0.000000
5500 8 S -186.889328 -15.224741 -82.991592 1.800000 0.000000 0.000000
5500 9 G -187.097748 -12.208909 -81.128868 2.150000 0.000000 0.000000
5500 10 P -185.344025 -13.958965 -86.250984 2.110000 -1.000000 0.000000
5500 11 S -187.927826 -11.865532 -88.188683 1.800000 0.000000 0.000000
5500 12 C -187.926743 -8.974439 -86.682472 2.150000 0.000000 0.000000
5500 13 P -184.962723 -10.654165 -90.180695 2.110000 -1.000000 0.000000
5500 14 S -186.136414 -7.677091 -92.402214 1.800000 0.000000 0.000000
5500 15 G -186.942078 -5.338603 -90.096344 2.150000 0.000000 0.000000
5500 16 P -182.843536 -6.400601 -93.681595 2.110000 -1.000000 0.000000
5500 17 S -183.172348 -2.440318 -94.095474 1.800000 0.000000 0.000000
5500 18 C -183.858459 -2.275620 -90.455635 2.150000 0.000000 0.000000
5500 19 P -179.123245 -2.221138 -93.736481 2.110000 -1.000000 0.000000
5500 20 S -181.622925 0.650486 -92.445534 1.800000 0.000000 0.000000
5500 21 A -180.599136 3.096633 -94.450760 2.150000 0.000000 0.000000
5500 22 P -179.601166 2.371212 -89.294647 2.110000 -1.000000 0.000000
5500 23 S -182.651917 2.039454 -86.804741 1.800000 0.000000 0.000000
5500 24 A -183.133057 -1.520517 -86.578049 2.150000 0.000000 0.000000
5500 25 P -182.551300 3.346019 -83.027878 2.110000 -1.000000 0.000000
5500 26 S -186.493256 2.491369 -82.894974 1.800000 0.000000 0.000000
5500 27 G -187.535706 -0.296124 -84.554062 2.150000 0.000000 0.000000
5500 28 P -187.026764 1.599071 -79.133736 2.110000 -1.000000 0.000000
5500 29 S -190.289093 -0.471713 -79.921707 1.800000 0.000000 0.000000
5500 30 C -188.647842 -3.411826 -80.837944 2.150000 0.000000 0.000000
5500 31 P -191.818756 -1.377022 -76.376915 2.110000 -1.000000 0.000000
5500 32 S -193.573334 -4.722747 -77.726601 1.800000 0.000000 0.000000
5500 33 C -190.601944 -6.483757 -77.390617 2.150000 0.000000 0.000000
5500 34 P -195.265030 -6.519501 -74.718971 2.110000 -1.000000 0.000000
5500 35 S -194.950790 -10.051480 -76.291611 1.800000 0.000000 0.000000
5500 36 U -191.604385 -10.555480 -75.741035 2.150000 0.000000 0.000000
5500 37 P -195.817551 -12.309316 -73.224213 2.110000 -1.000000 0.000000
6000 1 P -182.778488 -20.251360 -71.182045 2.110000 -1.000000 1.000000
6000 2 S -181.625198 -16.746029 -72.318497 1.800000 0.000000 0.000000
6000 3 G -184.709213 -15.307182 -72.498055 2.150000 0.000000 0.000000
6000 4 P -180.606140 -16.073065 -75.994331 2.110000 -1.000000 0.000000
6000 5 S -184.228271 -16.777576 -77.551819 1.800000 0.000000 0.000000
6000 6 G -185.456787 -13.740319 -76.837837 2.150000 0.000000 0.000000
6000 7 P -183.567719 -16.312889 -81.339088 2.110000 -1.000000 0.000000
6000 8 S -186.877899 -15.230562 -82.934517 1.800000 0.000000 0.000000
6000 9 G -187.412079 -12.245299 -81.247688 2.150000 0.000000 0.000000
6000 10 P -185.340912 -13.953391 -86.187920 2.110000 -1.000000 0.000000
6000 11 S -187.913498 -11.857889 -88.217278 1.800000 0.000000 0.000000
6000 12 C -187.951538 -9.000991 -86.722427 2.150000 0.000000 0.000000
6000 13 P -184.987518 -10.680717 -90.220650 2.110000 -1.000000 0.000000
6000 14 S -186.106262 -7.438047 -92.184731 1.800000 0.000000 0.000000
6000 15 G -185.696564 -6.059781 -89.037247 2.150000 0.000000 0.000000
6000 16 P -182.477921 -6.285330 -92.800415 2.110000 -1.000000 0.000000
6000 17 S -181.956741 -2.361284 -93.158188 1.800000 0.000000 0.000000
6000 18 C -182.754089 -1.450704 -89.933884 2.150000 0.000000 0.000000
6000 19 P -178.029587 -1.952781 -92.787270 2.110000 -1.000000 0.000000
6000 20 S -180.529327 0.916858 -91.498909 1.800000 0.000000 0.000000
6000 21 A -179.436371 3.142566 -94.214752 2.150000 0.000000 0.000000
6000 22 P -178.832626 2.243902 -88.187378 2.110000 -1.000000 0.000000
6000 23 S -182.223114 2.073517 -86.342216 1.800000 0.000000 0.000000
6000 24 A -183.375061 -1.026878 -85.375862 2.150000 0.000000 0.000000
6000 25 P -183.003448 3.455341 -82.835770 2.110000 -1.000000 0.000000
6000 26 S -186.777725 2.422316 -82.728485 1.800000 0.000000 0.000000
6000 27 G -187.820175 -0.365178 -84.387573 2.150000 0.000000 0.000000
6000 28 P -187.208054 1.534280 -78.952454 2.110000 -1.000000 0.000000
6000 29 S -190.308151 -0.474875 -79.921494 1.800000 0.000000 0.000000
6000 30 C -188.666901 -3.414988 -80.837730 2.150000 0.000000 0.000000
6000 31 P -191.840179 -1.396960 -76.465942 2.110000 -1.000000 0.000000
6000 32 S -193.513260 -4.645878 -77.705917 1.800000 0.000000 0.000000
6000 33 C -190.541870 -6.406888 -77.369934 2.150000 0.000000 0.000000
6000 34 P -195.217346 -6.421364 -74.684814 2.110000 -1.000000 0.000000
6000 35 S -195.007950 -10.094911 -76.125832 1.800000 0.000000 0.000000
6000 36 U -191.661545 -10.598910 -75.575256 2.150000 0.000000 0.000000
6000 37 P -196.495193 -12.530352 -73.622559 2.110000 -1.000000 0.000000
6500 1 P -182.518036 -20.587820 -72.035378 2.110000 -1.000000 1.000000
6500 2 S -181.814041 -16.780491 -72.151886 1.800000 0.000000 0.000000
6500 3 G -184.877670 -15.447975 -72.395592 2.150000 0.000000 0.000000
6500 4 P -180.774597 -16.213860 -75.891869 2.110000 -1.000000 0.000000
6500 5 S -184.228653 -16.796671 -77.648079 1.800000 0.000000 0.000000
6500 6 G -185.605469 -13.875751 -77.237434 2.150000 0.000000 0.000000
6500 7 P -183.535645 -16.341873 -81.467194 2.110000 -1.000000 0.000000
6500 8 S -186.879669 -15.279687 -83.007553 1.800000 0.000000 0.000000
6500 9 G -187.347870 -12.215758 -81.361519 2.150000 0.000000 0.000000
6500 10 P -185.276703 -13.923850 -86.301750 2.110000 -1.000000 0.000000
6500 11 S -187.849243 -11.828360 -88.386276 1.800000 0.000000 0.000000
6500 12 C -187.881241 -8.964286 -86.827881 2.150000 0.000000 0.000000
6500 13 P -184.917221 -10.644012 -90.326103 2.110000 -1.000000 0.000000
6500 14 S -185.914917 -7.248570 -92.224403 1.800000 0.000000 0.000000
6500 15 G -185.734970 -5.965689 -88.640648 2.150000 0.000000 0.000000
6500 16 P -182.670578 -5.592909 -93.431526 2.110000 -1.000000 0.000000
6500 17 S -182.488129 -1.643493 -94.049591 1.800000 0.000000 0.000000
6500 18 C -183.575134 -2.268178 -90.832214 2.150000 0.000000 0.000000
6500 19 P -178.617020 -1.380948 -93.640442 2.110000 -1.000000 0.000000
6500 20 S -181.116760 1.488692 -92.352081 1.800000 0.000000 0.000000
6500 21 A -178.332016 3.416987 -93.393425 2.150000 0.000000 0.000000
6500 22 P -179.564529 2.636352 -89.077362 2.110000 -1.000000 0.000000
6500 23 S -182.568649 1.962206 -86.619812 1.800000 0.000000 0.000000
6500 24 A -180.757202 -0.580049 -85.351624 2.150000 0.000000 0.000000
6500 25 P -182.847336 3.318510 -82.877434 2.110000 -1.000000 0.000000
6500 26 S -186.675705 2.364731 -82.519783 1.800000 0.000000 0.000000
6500 27 G -187.718155 -0.422763 -84.178871 2.150000 0.000000 0.000000
6500 28 P -187.311005 1.472184 -78.652847 2.110000 -1.000000 0.000000
6500 29 S -190.357559 -0.515365 -79.794121 1.800000 0.000000 0.000000
6500 30 C -188.716309 -3.455478 -80.710358 2.150000 0.000000 0.000000
6500 31 P -191.928101 -1.461818 -76.358315 2.110000 -1.000000 0.000000
6500 32 S -193.605896 -4.733896 -77.673546 1.800000 0.000000 0.000000
6500 33 C -190.680511 -6.545639 -77.631081 2.150000 0.000000 0.000000
6500 34 P -195.245834 -6.546347 -74.777725 2.110000 -1.000000 0.000000
6500 35 S -195.174820 -10.214502 -75.978638 1.800000 0.000000 0.000000
6500 36 U -191.887604 -11.005084 -75.746033 2.150000 0.000000 0.000000
6500 37 P -196.030731 -11.839236 -72.496834 2.110000 -1.000000 0.000000
7000 1 P -182.368164 -20.437786 -71.845650 2.110000 -1.000000 1.000000
7000 2 S -181.648712 -16.603289 -72.491745 1.800000 0.000000 0.000000
7000 3 G -184.751862 -15.492548 -72.835548 2.150000 0.000000 0.000000
7000 4 P -180.648788 -16.258432 -76.331825 2.110000 -1.000000 0.000000
7000 5 S -184.131363 -16.802244 -77.916733 1.800000 0.000000 0.000000
7000 6 G -185.555161 -13.868329 -77.309097 2.150000 0.000000 0.000000
7000 7 P -183.485336 -16.334450 -81.538857 2.110000 -1.000000 0.000000
7000 8 S -186.824875 -15.268596 -83.077156 1.800000 0.000000 0.000000
7000 9 G -187.261093 -12.174134 -81.513985 2.150000 0.000000 0.000000
7000 10 P -185.189926 -13.882226 -86.454216 2.110000 -1.000000 0.000000
7000 11 S -187.765900 -11.786613 -88.527603 1.800000 0.000000 0.000000
7000 12 C -187.812347 -8.909678 -86.921249 2.150000 0.000000 0.000000
7000 13 P -184.848328 -10.589405 -90.419472 2.110000 -1.000000 0.000000
7000 14 S -185.803940 -7.186812 -92.177483 1.800000 0.000000 0.000000
7000 15 G -186.110947 -5.297670 -89.192108 2.150000 0.000000 0.000000
7000 16 P -182.190933 -6.845047 -93.056839 2.110000 -1.000000 0.000000
7000 17 S -181.469666 -2.960409 -93.629738 1.800000 0.000000 0.000000
7000 18 C -182.779037 -1.859425 -90.594185 2.150000 0.000000 0.000000
7000 19 P -177.546036 -2.468361 -93.821815 2.110000 -1.000000 0.000000
7000 20 S -180.042908 0.402580 -92.572998 1.800000 0.000000 0.000000
7000 21 A -178.144455 2.593817 -94.610909 2.150000 0.000000 0.000000
7000 22 P -178.565201 1.505445 -89.279305 2.110000 -1.000000 0.000000
7000 23 S -181.939514 2.168327 -87.197495 1.800000 0.000000 0.000000
7000 24 A -182.881546 -0.956103 -86.755013 2.150000 0.000000 0.000000
7000 25 P -182.664032 3.524827 -83.424530 2.110000 -1.000000 0.000000
7000 26 S -186.434143 2.367083 -82.516617 1.800000 0.000000 0.000000
7000 27 G -187.476593 -0.420411 -84.175705 2.150000 0.000000 0.000000
7000 28 P -187.134949 1.538501 -78.801918 2.110000 -1.000000 0.000000
7000 29 S -190.294571 -0.504782 -79.739906 1.800000 0.000000 0.000000
7000 30 C -188.653320 -3.444895 -80.656143 2.150000 0.000000 0.000000
7000 31 P -191.885345 -1.462970 -76.379608 2.110000 -1.000000 0.000000
7000 32 S -193.614899 -4.765375 -77.657730 1.800000 0.000000 0.000000
7000 33 C -190.689514 -6.577117 -77.615265 2.150000 0.000000 0.000000
7000 34 P -195.386215 -6.713196 -74.845398 2.110000 -1.000000 0.000000
7000 35 S -195.117630 -10.278047 -76.407433 1.800000 0.000000 0.000000
7000 36 U -191.720627 -11.040270 -76.260551 2.150000 0.000000 0.000000
7000 37 P -195.860580 -11.703105 -72.920845 2.110000 -1.000000 0.000000
7500 1 P -179.472000 -14.109454 -70.476700 2.110000 -1.000000 1.000000
7500 2 S -181.480698 -16.593542 -72.735275 1.800000 0.000000 0.000000
7500 3 G -184.669922 -15.448467 -72.982002 2.150000 0.000000 0.000000
7500 4 P -180.566849 -16.214352 -76.478279 2.110000 -1.000000 0.000000
7500 5 S -184.199203 -16.826393 -77.723564 1.800000 0.000000 0.000000
7500 6 G -185.464371 -13.785322 -77.184349 2.150000 0.000000 0.000000
7500 7 P -183.394547 -16.251442 -81.414108 2.110000 -1.000000 0.000000
7500 8 S -186.779083 -15.233649 -82.830727 1.800000 0.000000 0.000000
7500 9 G -187.203674 -12.145162 -81.284225 2.150000 0.000000 0.000000
7500 10 P -185.132507 -13.853253 -86.224457 2.110000 -1.000000 0.000000
7500 11 S -187.708450 -11.757286 -88.297714 1.800000 0.000000 0.000000
7500 12 C -187.408920 -8.988753 -86.485046 2.150000 0.000000 0.000000
7500 13 P -184.784012 -10.558096 -90.189850 2.110000 -1.000000 0.000000
7500 14 S -185.896301 -7.082754 -91.741776 1.800000 0.000000 0.000000
7500 15 G -185.398193 -5.448194 -88.838875 2.150000 0.000000 0.000000
7500 16 P -182.227371 -6.668642 -92.735863 2.110000 -1.000000 0.000000
7500 17 S -181.726654 -2.852441 -93.025452 1.800000 0.000000 0.000000
7500 18 C -182.495560 -1.299839 -96.157982 2.150000 0.000000 0.000000
7500 19 P -177.739914 -2.399228 -92.559494 2.110000 -1.000000 0.000000
7500 20 S -180.241547 0.466581 -91.310188 1.800000 0.000000 0.000000
7500 21 A -183.365570 -0.635027 -90.666847 2.150000 0.000000 0.000000
7500 22 P -178.638458 1.485766 -88.208717 2.110000 -1.000000 0.000000
7500 23 S -182.012817 2.182064 -86.497803 1.800000 0.000000 0.000000
7500 24 A -182.569382 -1.264946 -86.388596 2.150000 0.000000 0.000000
7500 25 P -182.633850 3.547776 -82.812126 2.110000 -1.000000 0.000000
7500 26 S -186.413635 2.435663 -82.554405 1.800000 0.000000 0.000000
7500 27 G -187.456085 -0.351831 -84.213493 2.150000 0.000000 0.000000
7500 28 P -187.156189 1.634876 -78.898720 2.110000 -1.000000 0.000000
7500 29 S -190.313980 -0.431680 -79.945969 1.800000 0.000000 0.000000
7500 30 C -188.672729 -3.371792 -80.862206 2.150000 0.000000 0.000000
7500 31 P -191.852982 -1.452651 -76.636803 2.110000 -1.000000 0.000000
7500 32 S -193.573669 -4.782308 -77.949310 1.800000 0.000000 0.000000
7500 33 C -190.648285 -6.594050 -77.906845 2.150000 0.000000 0.000000
7500 34 P -195.317947 -6.677206 -75.100983 2.110000 -1.000000 0.000000
7500 35 S -195.011841 -10.197517 -76.685600 1.800000 0.000000 0.000000
7500 36 U -191.648331 -11.024177 -76.303947 2.150000 0.000000 0.000000
7500 37 P -196.028229 -11.947863 -73.243279 2.110000 -1.000000 0.000000
8000 1 P -178.866547 -14.136417 -71.713326 2.110000 -1.000000 1.000000
8000 2 S -181.710724 -16.769234 -72.551239 1.800000 0.000000 0.000000
8000 3 G -184.820786 -15.508862 -72.815247 2.150000 0.000000 0.000000
8000 4 P -180.717712 -16.274740 -76.311523 2.110000 -1.000000 0.000000
8000 5 S -184.152344 -16.842623 -77.794189 1.800000 0.000000 0.000000
8000 6 G -185.426453 -13.799787 -77.331627 2.150000 0.000000 0.000000
8000 7 P -183.356628 -16.265902 -81.561386 2.110000 -1.000000 0.000000
8000 8 S -186.785812 -15.219162 -82.992989 1.800000 0.000000 0.000000
8000 9 G -187.279541 -12.177963 -81.420746 2.150000 0.000000 0.000000
8000 10 P -185.208374 -13.886055 -86.360977 2.110000 -1.000000 0.000000
8000 11 S -187.771393 -11.791789 -88.336540 1.800000 0.000000 0.000000
8000 12 C -188.001892 -9.084259 -85.998665 2.150000 0.000000 0.000000
8000 13 P -184.839783 -10.592842 -90.230286 2.110000 -1.000000 0.000000
8000 14 S -186.240570 -7.387517 -91.808426 1.800000 0.000000 0.000000
8000 15 G -186.400223 -6.530891 -88.496696 2.150000 0.000000 0.000000
8000 16 P -182.421936 -6.616754 -93.039108 2.110000 -1.000000 0.000000
8000 17 S -182.096161 -2.611200 -92.971779 1.800000 0.000000 0.000000
8000 18 C -184.187637 -3.395570 -90.269485 2.150000 0.000000 0.000000
8000 19 P -178.093048 -2.522632 -92.380646 2.110000 -1.000000 0.000000
8000 20 S -180.594925 0.341042 -91.097549 1.800000 0.000000 0.000000
8000 21 A -180.321274 3.535492 -92.644058 2.150000 0.000000 0.000000
8000 22 P -178.634369 1.650785 -88.174377 2.110000 -1.000000 0.000000
8000 23 S -182.110336 2.002036 -86.272934 1.800000 0.000000 0.000000
8000 24 A -182.008850 -1.437437 -85.283195 2.150000 0.000000 0.000000
8000 25 P -182.275452 3.198322 -82.838631 2.110000 -1.000000 0.000000
8000 26 S -185.976624 2.458665 -82.795029 1.800000 0.000000 0.000000
8000 27 G -187.019073 -0.328829 -84.454117 2.150000 0.000000 0.000000
8000 28 P -186.957611 1.610063 -79.126602 2.110000 -1.000000 0.000000
8000 29 S -190.296677 -0.444224 -80.180359 1.800000 0.000000 0.000000
8000 30 C -188.655426 -3.384336 -81.096596 2.150000 0.000000 0.000000
8000 31 P -191.829498 -1.429062 -76.798706 2.110000 -1.000000 0.000000
8000 32 S -193.510986 -4.744972 -78.039848 1.800000 0.000000 0.000000
8000 33 C -190.585602 -6.556714 -77.997383 2.150000 0.000000 0.000000
8000 34 P -195.258118 -6.678512 -75.245422 2.110000 -1.000000 0.000000
8000 35 S -195.020081 -10.243348 -76.835365 1.800000 0.000000 0.000000
8000 36 U -191.656570 -11.070007 -76.453712 2.150000 0.000000 0.000000
8000 37 P -196.581711 -11.353307 -73.499840 2.110000 -1.000000 0.000000
8500 1 P -179.515747 -14.671867 -70.703377 2.110000 -1.000000 1.000000
8500 2 S -181.915604 -17.142160 -72.735680 1.800000 0.000000 0.000000
8500 3 G -184.834595 -15.395029 -72.737709 2.150000 0.000000 0.000000
8500 4 P -180.731522 -16.160908 -76.233986 2.110000 -1.000000 0.000000
8500 5 S -184.036316 -16.722395 -78.136665 1.800000 0.000000 0.000000
8500 6 G -185.183365 -13.570485 -77.181877 2.150000 0.000000 0.000000
8500 7 P -183.291870 -16.204966 -81.895287 2.110000 -1.000000 0.000000
8500 8 S -186.766129 -15.192001 -83.205711 1.800000 0.000000 0.000000
8500 9 G -187.256546 -12.182354 -81.465874 2.150000 0.000000 0.000000
8500 10 P -185.185379 -13.890446 -86.406105 2.110000 -1.000000 0.000000
8500 11 S -187.752045 -11.781679 -88.347870 1.800000 0.000000 0.000000
8500 12 C -187.991104 -9.090156 -86.011986 2.150000 0.000000 0.000000
8500 13 P -184.828995 -10.598739 -90.243607 2.110000 -1.000000 0.000000
8500 14 S -185.885345 -7.480002 -92.263489 1.800000 0.000000 0.000000
8500 15 G -186.141998 -5.869315 -89.272049 2.150000 0.000000 0.000000
8500 16 P -182.054337 -6.662439 -93.208961 2.110000 -1.000000 0.000000
8500 17 S -181.916382 -2.597454 -93.415253 1.800000 0.000000 0.000000
8500 18 C -182.636780 -1.994833 -90.053307 2.150000 0.000000 0.000000
8500 19 P -178.012329 -2.524731 -92.581520 2.110000 -1.000000 0.000000
8500 20 S -180.540024 0.334348 -91.235611 1.800000 0.000000 0.000000
8500 21 A -178.548645 2.390580 -93.449982 2.150000 0.000000 0.000000
8500 22 P -178.933807 1.759345 -88.139442 2.110000 -1.000000 0.000000
8500 23 S -182.419312 2.079323 -86.574471 1.800000 0.000000 0.000000
8500 24 A -182.560715 -1.047499 -85.432472 2.150000 0.000000 0.000000
8500 25 P -182.427597 3.220589 -82.763771 2.110000 -1.000000 0.000000
8500 26 S -186.231522 2.477859 -82.812202 1.800000 0.000000 0.000000
8500 27 G -187.273972 -0.309636 -84.471291 2.150000 0.000000 0.000000
8500 28 P -187.219009 1.626127 -79.158012 2.110000 -1.000000 0.000000
8500 29 S -190.409119 -0.452434 -80.091766 1.800000 0.000000 0.000000
8500 30 C -188.767868 -3.392546 -81.008003 2.150000 0.000000 0.000000
8500 31 P -191.886475 -1.414490 -76.802048 2.110000 -1.000000 0.000000
8500 32 S -193.588684 -4.739851 -77.974373 1.800000 0.000000 0.000000
8500 33 C -190.663300 -6.551593 -77.931908 2.150000 0.000000 0.000000
8500 34 P -195.214706 -6.328654 -74.970650 2.110000 -1.000000 0.000000
8500 35 S -194.995712 -9.901707 -76.557861 1.800000 0.000000 0.000000
8500 36 U -191.550476 -10.656973 -76.327377 2.150000 0.000000 0.000000
8500 37 P -196.139877 -12.831558 -74.406914 2.110000 -1.000000 0.000000
9000 1 P -180.131180 -15.207626 -69.052925 2.110000 -1.000000 1.000000
9000 2 S -182.101242 -17.114286 -71.992661 1.800000 0.000000 0.000000
9000 3 G -184.987152 -15.449054 -72.222549 2.150000 0.000000 0.000000
9000 4 P -180.884079 -16.214935 -75.718826 2.110000 -1.000000 0.000000
9000 5 S -184.167709 -16.834393 -77.721062 1.800000 0.000000 0.000000
9000 6 G -185.334396 -13.675342 -76.804863 2.150000 0.000000 0.000000
9000 7 P -183.442902 -16.309826 -81.518272 2.110000 -1.000000 0.000000
9000 8 S -186.868744 -15.236002 -82.847481 1.800000 0.000000 0.000000
9000 9 G -187.328629 -12.204522 -81.181633 2.150000 0.000000 0.000000
9000 10 P -185.257462 -13.912614 -86.121864 2.110000 -1.000000 0.000000
9000 11 S -187.814301 -11.808627 -88.147827 1.800000 0.000000 0.000000
9000 12 C -188.000641 -9.090424 -85.996857 2.150000 0.000000 0.000000
9000 13 P -184.838531 -10.599007 -90.228477 2.110000 -1.000000 0.000000
9000 14 S -186.073395 -7.766402 -92.048851 1.800000 0.000000 0.000000
9000 15 G -186.762268 -4.828110 -90.211205 2.150000 0.000000 0.000000
9000 16 P -182.260742 -6.852398 -92.984184 2.110000 -1.000000 0.000000
9000 17 S -181.967209 -2.800880 -93.111847 1.800000 0.000000 0.000000
9000 18 C -184.057953 -1.981050 -90.397049 2.150000 0.000000 0.000000
9000 19 P -178.065109 -2.820896 -91.973541 2.110000 -1.000000 0.000000
9000 20 S -180.592438 0.033991 -90.617043 1.800000 0.000000 0.000000
9000 21 A -180.723740 3.248627 -91.857002 2.150000 0.000000 0.000000
9000 22 P -178.796936 1.746879 -87.691277 2.110000 -1.000000 0.000000
9000 23 S -182.273758 1.962599 -86.215637 1.800000 0.000000 0.000000
9000 24 A -181.672195 -1.418947 -86.237358 2.150000 0.000000 0.000000
9000 25 P -182.448761 3.117514 -82.455360 2.110000 -1.000000 0.000000
9000 26 S -186.234314 2.433490 -82.513702 1.800000 0.000000 0.000000
9000 27 G -187.276764 -0.354005 -84.172791 2.150000 0.000000 0.000000
9000 28 P -187.207153 1.570112 -78.982399 2.110000 -1.000000 0.000000
9000 29 S -190.387680 -0.458187 -80.084343 1.800000 0.000000 0.000000
9000 30 C -188.746429 -3.398298 -81.000580 2.150000 0.000000 0.000000
9000 31 P -191.783417 -1.336720 -76.624008 2.110000 -1.000000 0.000000
9000 32 S -193.430038 -4.675965 -77.934235 1.800000 0.000000 0.000000
9000 33 C -190.504654 -6.487708 -77.891769 2.150000 0.000000 0.000000
9000 34 P -195.043015 -6.245125 -74.886024 2.110000 -1.000000 0.000000
9000 35 S -194.813904 -9.739506 -76.420280 1.800000 0.000000 0.000000
9000 36 U -191.546783 -10.158669 -75.263458 2.150000 0.000000 0.000000
9000 37 P -196.705841 -11.915576 -73.799004 2.110000 -1.000000 0.000000
9500 1 P -179.832169 -14.998100 -69.872360 2.110000 -1.000000 1.000000
9500 2 S -181.919922 -17.058186 -72.462631 1.800000 0.000000 0.000000
9500 3 G -184.946548 -15.420530 -72.466728 2.150000 0.000000 0.000000
9500 4 P -180.843475 -16.186405 -75.963005 2.110000 -1.000000 0.000000
9500 5 S -184.110016 -16.776730 -77.861626 1.800000 0.000000 0.000000
9500 6 G -185.313248 -13.655096 -76.951859 2.150000 0.000000 0.000000
9500 7 P -183.421753 -16.289576 -81.665268 2.110000 -1.000000 0.000000
9500 8 S -186.822418 -15.234814 -83.096237 1.800000 0.000000 0.000000
9500 9 G -187.119965 -12.175244 -81.228371 2.150000 0.000000 0.000000
9500 10 P -185.230042 -13.932137 -86.343948 2.110000 -1.000000 0.000000
9500 11 S -187.778549 -11.794492 -88.326233 1.800000 0.000000 0.000000
9500 12 C -187.989792 -9.076715 -86.174370 2.150000 0.000000 0.000000
9500 13 P -184.827682 -10.585298 -90.405991 2.110000 -1.000000 0.000000
9500 14 S -186.517670 -7.670083 -92.333748 1.800000 0.000000 0.000000
9500 15 G -187.115341 -5.199072 -89.963326 2.150000 0.000000 0.000000
9500 16 P -182.830551 -6.556206 -93.682457 2.110000 -1.000000 0.000000
9500 17 S -182.280563 -2.786387 -93.669083 1.800000 0.000000 0.000000
9500 18 C -183.401215 -2.747875 -90.365974 2.150000 0.000000 0.000000
9500 19 P -178.377304 -2.623167 -93.306595 2.110000 -1.000000 0.000000
9500 20 S -180.904633 0.231720 -91.950096 1.800000 0.000000 0.000000
9500 21 A -178.477890 2.227408 -93.738029 2.150000 0.000000 0.000000
9500 22 P -178.632233 1.864913 -88.937012 2.110000 -1.000000 0.000000
9500 23 S -181.986404 1.861877 -86.952538 1.800000 0.000000 0.000000
9500 24 A -183.747482 3.169843 -89.639359 2.150000 0.000000 0.000000
9500 25 P -182.497757 3.331313 -83.424744 2.110000 -1.000000 0.000000
9500 26 S -186.259277 2.508100 -82.967209 1.800000 0.000000 0.000000
9500 27 G -187.301727 -0.279395 -84.626297 2.150000 0.000000 0.000000
9500 28 P -187.219650 1.603211 -79.258072 2.110000 -1.000000 0.000000
9500 29 S -190.402008 -0.461120 -80.144302 1.800000 0.000000 0.000000
9500 30 C -188.760757 -3.401231 -81.060539 2.150000 0.000000 0.000000
9500 31 P -191.773026 -1.311521 -76.626419 2.110000 -1.000000 0.000000
9500 32 S -193.409531 -4.628964 -78.027657 1.800000 0.000000 0.000000
9500 33 C -190.484146 -6.440706 -77.985191 2.150000 0.000000 0.000000
9500 34 P -195.175186 -6.258046 -74.847763 2.110000 -1.000000 0.000000
9500 35 S -195.077316 -9.840421 -76.099442 1.800000 0.000000 0.000000
9500 36 U -191.520844 -10.348461 -75.823318 2.150000 0.000000 0.000000
9500 37 P -196.378159 -12.495461 -73.518898 2.110000 -1.000000 0.000000
10000 1 P -179.075958 -14.877482 -70.635948 2.110000 -1.000000 1.000000
10000 2 S -181.661453 -17.108164 -72.819794 1.800000 0.000000 0.000000
10000 3 G -183.992310 -14.622297 -72.913124 2.150000 0.000000 0.000000
10000 4 P -180.366425 -16.136242 -76.441940 2.110000 -1.000000 0.000000
10000 5 S -183.848755 -16.803297 -78.120468 1.800000 0.000000 0.000000
10000 6 G -185.247375 -13.818593 -77.330231 2.150000 0.000000 0.000000
10000 7 P -183.180954 -16.319540 -82.011955 2.110000 -1.000000 0.000000
10000 8 S -186.636307 -15.271257 -83.464081 1.800000 0.000000 0.000000
10000 9 G -187.361008 -12.284369 -81.659950 2.150000 0.000000 0.000000
10000 10 P -185.041489 -13.972119 -86.730507 2.110000 -1.000000 0.000000
10000 11 S -187.797913 -11.769349 -88.352173 1.800000 0.000000 0.000000
10000 12 C -188.003189 -9.058843 -86.084503 2.150000 0.000000 0.000000
10000 13 P -184.841080 -10.567426 -90.316124 2.110000 -1.000000 0.000000
10000 14 S -185.836792 -7.263593 -92.177185 1.800000 0.000000 0.000000
10000 15 G -185.579941 -5.855324 -89.051933 2.150000 0.000000 0.000000
10000 16 P -181.818085 -6.778034 -92.797966 2.110000 -1.000000 0.000000
10000 17 S -181.573074 -2.765147 -92.976715 1.800000 0.000000 0.000000
10000 18 C -181.731216 -1.222268 -96.177017 2.150000 0.000000 0.000000
10000 19 P -177.342041 -2.706871 -92.455017 2.110000 -1.000000 0.000000
10000 20 S -179.869370 0.148017 -91.098518 1.800000 0.000000 0.000000
10000 21 A -182.013519 -2.137152 -89.217339 2.150000 0.000000 0.000000
10000 22 P -178.291138 1.054638 -87.694191 2.110000 -1.000000 0.000000
10000 23 S -181.924759 1.691963 -86.574852 1.800000 0.000000 0.000000
10000 24 A -183.465881 -1.324831 -85.359566 2.150000 0.000000 0.000000
10000 25 P -182.203339 3.025615 -82.779884 2.110000 -1.000000 0.000000
10000 26 S -186.069397 2.297331 -82.607857 1.800000 0.000000 0.000000
10000 27 G -187.111847 -0.490164 -84.266945 2.150000 0.000000 0.000000
10000 28 P -186.940216 1.275778 -78.955223 2.110000 -1.000000 0.000000
10000 29 S -190.369751 -0.407058 -79.673080 1.800000 0.000000 0.000000
10000 30 C -188.728500 -3.347170 -80.589317 2.150000 0.000000 0.000000
10000 31 P -191.742508 -1.245275 -76.104614 2.110000 -1.000000 0.000000
10000 32 S -193.350388 -4.523212 -77.444321 1.800000 0.000000 0.000000
10000 33 C -190.425003 -6.334954 -77.401855 2.150000 0.000000 0.000000
10000 34 P -195.119751 -6.153955 -74.156586 2.110000 -1.000000 0.000000
10000 35 S -195.173752 -9.955981 -75.285278 1.800000 0.000000 0.000000
10000 36 U -191.617279 -10.464022 -75.009155 2.150000 0.000000 0.000000
10000 37 P -196.354919 -12.333041 -72.425140 2.110000 -1.000000 0.000000
