500 1 P -178.391220 -13.869472 -73.351791 2.110000 -1.000000 1.000000
500 2 S -181.381927 -16.486847 -73.775795 1.800000 0.000000 0.000000
500 3 G -183.461411 -13.623441 -73.429588 2.150000 0.000000 0.000000
500 4 P -180.401291 -16.300941 -77.579262 2.110000 -1.000000 0.000000
500 5 S -184.174728 -16.825174 -78.825607 1.800000 0.000000 0.000000
500 6 G -184.845078 -13.355860 -78.379776 2.150000 0.000000 0.000000
500 7 P -183.609833 -16.545513 -82.523834 2.110000 -1.000000 0.000000
500 8 S -186.558655 -15.200403 -84.419571 1.800000 0.000000 0.000000
500 9 G -187.537445 -11.981346 -83.360519 2.150000 0.000000 0.000000
500 10 P -184.996033 -13.839613 -87.837669 2.110000 -1.000000 0.000000
500 11 S -187.801376 -11.712090 -89.206047 1.800000 0.000000 0.000000
500 12 C -187.012451 -9.215602 -87.038033 2.150000 0.000000 0.000000
500 13 P -184.841476 -10.653933 -91.179070 2.110000 -1.000000 0.000000
500 14 S -186.254181 -7.288284 -92.685944 1.800000 0.000000 0.000000
500 15 G -186.989502 -5.618975 -89.673706 2.150000 0.000000 0.000000
500 16 P -182.520538 -6.330423 -93.344749 2.110000 -1.000000 0.000000
500 17 S -183.070038 -2.405442 -92.954155 1.800000 0.000000 0.000000
500 18 C -183.849869 -2.919676 -89.504593 2.150000 0.000000 0.000000
500 19 P -179.665359 -1.721325 -91.610458 2.110000 -1.000000 0.000000
500 20 S -181.939560 1.251878 -90.639961 1.800000 0.000000 0.000000
500 21 A -180.293701 3.114424 -93.143509 2.150000 0.000000 0.000000
500 22 P -179.394699 2.318132 -87.833786 2.110000 -1.000000 0.000000
500 23 S -182.896652 2.477327 -86.180016 1.800000 0.000000 0.000000
500 24 A -184.360321 -0.472114 -85.205162 2.150000 0.000000 0.000000
500 25 P -183.109879 3.345028 -82.552376 2.110000 -1.000000 0.000000
500 26 S -186.870132 2.060880 -82.387054 1.800000 0.000000 0.000000
500 27 G -187.723541 -1.007275 -83.559059 2.150000 0.000000 0.000000
500 28 P -187.301254 1.345340 -78.481430 2.110000 -1.000000 0.000000
500 29 S -190.311295 -0.812530 -79.237450 1.800000 0.000000 0.000000
500 30 C -188.370834 -3.835845 -79.987083 2.150000 0.000000 0.000000
500 31 P -192.170441 -1.810262 -75.951202 2.110000 -1.000000 0.000000
500 32 S -193.731445 -4.990633 -77.375534 1.800000 0.000000 0.000000
500 33 C -190.934708 -6.936320 -77.446289 2.150000 0.000000 0.000000
500 34 P -194.994476 -6.343111 -74.023781 2.110000 -1.000000 0.000000
500 35 S -194.754913 -9.955153 -75.506897 1.800000 0.000000 0.000000
500 36 U -191.907547 -10.625120 -73.658844 2.150000 0.000000 0.000000
500 37 P -196.558075 -11.993985 -72.732971 2.110000 -1.000000 0.000000
1000 1 P -178.670273 -14.459049 -72.170181 2.110000 -1.000000 1.000000
1000 2 S -181.609955 -16.705545 -73.360794 1.800000 0.000000 0.000000
1000 3 G -183.797379 -14.019053 -72.981506 2.150000 0.000000 0.000000
1000 4 P -180.737259 -16.696552 -77.131180 2.110000 -1.000000 0.000000
1000 5 S -184.376083 -17.095739 -78.210800 1.800000 0.000000 0.000000
1000 6 G -185.401947 -13.881015 -77.809296 2.150000 0.000000 0.000000
1000 7 P -183.759796 -16.818148 -81.932640 2.110000 -1.000000 0.000000
1000 8 S -186.534393 -15.246543 -84.089096 1.800000 0.000000 0.000000
1000 9 G -187.522476 -12.067668 -83.048927 2.150000 0.000000 0.000000
1000 10 P -184.981064 -13.925935 -87.526077 2.110000 -1.000000 0.000000
1000 11 S -187.787430 -11.802896 -88.900322 1.800000 0.000000 0.000000
1000 12 C -186.938965 -9.254018 -86.911873 2.150000 0.000000 0.000000
1000 13 P -184.767990 -10.692348 -91.052910 2.110000 -1.000000 0.000000
1000 14 S -185.432526 -7.472828 -92.951408 1.800000 0.000000 0.000000
1000 15 G -185.492294 -5.866488 -89.892433 2.150000 0.000000 0.000000
1000 16 P -181.425995 -6.915383 -93.067757 2.110000 -1.000000 0.000000
1000 17 S -181.429779 -2.999341 -92.646820 1.800000 0.000000 0.000000
1000 18 C -183.631592 -1.938877 -90.294807 2.150000 0.000000 0.000000
1000 19 P -178.076996 -2.425580 -90.980988 2.110000 -1.000000 0.000000
1000 20 S -180.345306 0.574932 -90.037666 1.800000 0.000000 0.000000
1000 21 A -178.155457 2.112647 -92.220390 2.150000 0.000000 0.000000
1000 22 P -178.775757 1.671927 -86.645584 2.110000 -1.000000 0.000000
1000 23 S -182.563980 2.284489 -85.660858 1.800000 0.000000 0.000000
1000 24 A -183.445267 -1.079954 -85.638466 2.150000 0.000000 0.000000
1000 25 P -183.354935 3.165637 -81.965424 2.110000 -1.000000 0.000000
1000 26 S -187.090637 1.901900 -82.038162 1.800000 0.000000 0.000000
1000 27 G -187.944046 -1.166254 -83.210167 2.150000 0.000000 0.000000
1000 28 P -187.490219 1.169638 -78.221733 2.110000 -1.000000 0.000000
1000 29 S -190.321716 -0.826858 -79.237984 1.800000 0.000000 0.000000
1000 30 C -188.353592 -3.897543 -79.719719 2.150000 0.000000 0.000000
1000 31 P -192.177383 -1.823502 -75.923538 2.110000 -1.000000 0.000000
1000 32 S -193.730194 -5.021510 -77.438438 1.800000 0.000000 0.000000
1000 33 C -190.933456 -6.967197 -77.509193 2.150000 0.000000 0.000000
1000 34 P -195.152023 -6.117437 -74.003281 2.110000 -1.000000 0.000000
1000 35 S -194.804657 -9.705962 -75.577446 1.800000 0.000000 0.000000
1000 36 U -191.957291 -10.375929 -73.729393 2.150000 0.000000 0.000000
1000 37 P -196.769897 -12.209922 -73.316536 2.110000 -1.000000 0.000000
1500 1 P -178.444778 -13.404103 -73.093117 2.110000 -1.000000 1.000000
1500 2 S -181.346512 -16.152811 -72.824173 1.800000 0.000000 0.000000
1500 3 G -184.371399 -14.658775 -72.202965 2.150000 0.000000 0.000000
1500 4 P -180.682602 -16.347527 -77.022858 2.110000 -1.000000 0.000000
1500 5 S -184.522003 -17.282503 -77.690254 1.800000 0.000000 0.000000
1500 6 G -185.531357 -14.019076 -77.333412 2.150000 0.000000 0.000000
1500 7 P -183.889206 -16.956207 -81.456757 2.110000 -1.000000 0.000000
1500 8 S -186.581619 -15.306749 -83.685364 1.800000 0.000000 0.000000
1500 9 G -187.270782 -12.224418 -82.484978 2.150000 0.000000 0.000000
1500 10 P -185.061096 -14.039668 -87.204285 2.110000 -1.000000 0.000000
1500 11 S -187.876099 -11.925044 -88.587799 1.800000 0.000000 0.000000
1500 12 C -187.334320 -9.369744 -86.574463 2.150000 0.000000 0.000000
1500 13 P -184.882401 -10.849985 -90.647614 2.110000 -1.000000 0.000000
1500 14 S -185.760208 -7.378631 -92.474762 1.800000 0.000000 0.000000
1500 15 G -185.272751 -5.916039 -89.073769 2.150000 0.000000 0.000000
1500 16 P -181.812897 -7.246035 -92.514587 2.110000 -1.000000 0.000000
1500 17 S -181.696320 -3.344557 -92.295898 1.800000 0.000000 0.000000
1500 18 C -181.717285 -2.546998 -95.766396 2.150000 0.000000 0.000000
1500 19 P -178.144440 -2.907582 -90.472153 2.110000 -1.000000 0.000000
1500 20 S -180.412750 0.092930 -89.528831 1.800000 0.000000 0.000000
1500 21 A -182.042587 -2.639939 -88.595413 2.150000 0.000000 0.000000
1500 22 P -178.622742 0.954780 -86.216637 2.110000 -1.000000 0.000000
1500 23 S -182.406357 1.967733 -85.432823 1.800000 0.000000 0.000000
1500 24 A -183.261627 -1.348671 -84.458809 2.150000 0.000000 0.000000
1500 25 P -183.183899 3.091719 -81.873268 2.110000 -1.000000 0.000000
1500 26 S -186.878128 2.019184 -82.258308 1.800000 0.000000 0.000000
1500 27 G -187.228165 -0.869191 -83.675835 2.150000 0.000000 0.000000
1500 28 P -187.246399 1.261042 -78.415131 2.110000 -1.000000 0.000000
1500 29 S -190.344330 -0.786939 -79.373528 1.800000 0.000000 0.000000
1500 30 C -188.376205 -3.857625 -79.855263 2.150000 0.000000 0.000000
1500 31 P -192.265045 -1.883199 -76.153351 2.110000 -1.000000 0.000000
1500 32 S -193.783752 -5.033167 -77.547577 1.800000 0.000000 0.000000
1500 33 C -190.987015 -6.978854 -77.618332 2.150000 0.000000 0.000000
1500 34 P -195.326950 -6.327203 -74.228043 2.110000 -1.000000 0.000000
1500 35 S -195.101059 -10.013922 -75.498360 1.800000 0.000000 0.000000
1500 36 U -191.978256 -10.403989 -74.244377 2.150000 0.000000 0.000000
1500 37 P -196.706284 -11.920921 -72.577705 2.110000 -1.000000 0.000000
2000 1 P -178.958939 -13.809557 -70.910812 2.110000 -1.000000 1.000000
2000 2 S -181.349319 -16.409365 -72.839890 1.800000 0.000000 0.000000
2000 3 G -184.334885 -14.595994 -72.049034 2.150000 0.000000 0.000000
2000 4 P -180.646088 -16.284740 -76.868927 2.110000 -1.000000 0.000000
2000 5 S -184.496658 -17.208643 -77.746971 1.800000 0.000000 0.000000
2000 6 G -185.528122 -14.016864 -77.363533 2.150000 0.000000 0.000000
2000 7 P -183.885971 -16.953991 -81.486877 2.110000 -1.000000 0.000000
2000 8 S -186.592590 -15.315622 -83.564537 1.800000 0.000000 0.000000
2000 9 G -187.306458 -12.231790 -82.399330 2.150000 0.000000 0.000000
2000 10 P -185.096771 -14.047040 -87.118637 2.110000 -1.000000 0.000000
2000 11 S -187.896957 -11.960034 -88.577049 1.800000 0.000000 0.000000
2000 12 C -187.360733 -9.388881 -86.455521 2.150000 0.000000 0.000000
2000 13 P -184.908813 -10.869122 -90.528671 2.110000 -1.000000 0.000000
2000 14 S -185.503601 -7.585996 -92.609276 1.800000 0.000000 0.000000
2000 15 G -186.982056 -5.140366 -90.613754 2.150000 0.000000 0.000000
2000 16 P -181.711197 -7.412190 -92.842789 2.110000 -1.000000 0.000000
2000 17 S -181.499756 -3.531928 -92.621094 1.800000 0.000000 0.000000
2000 18 C -180.266769 -4.344965 -95.820351 2.150000 0.000000 0.000000
2000 19 P -177.997330 -2.949781 -91.123566 2.110000 -1.000000 0.000000
2000 20 S -180.265640 0.050732 -90.180244 1.800000 0.000000 0.000000
2000 21 A -182.929199 -1.835703 -89.771957 2.150000 0.000000 0.000000
2000 22 P -178.710556 1.112545 -86.645828 2.110000 -1.000000 0.000000
2000 23 S -182.340683 2.094085 -85.656639 1.800000 0.000000 0.000000
2000 24 A -183.369049 -1.241706 -85.301407 2.150000 0.000000 0.000000
2000 25 P -183.378677 3.261892 -82.133636 2.110000 -1.000000 0.000000
2000 26 S -186.934387 2.064234 -82.389351 1.800000 0.000000 0.000000
2000 27 G -187.284424 -0.824142 -83.806877 2.150000 0.000000 0.000000
2000 28 P -187.087082 1.293948 -78.571281 2.110000 -1.000000 0.000000
2000 29 S -190.295502 -0.758724 -79.397591 1.800000 0.000000 0.000000
2000 30 C -188.327377 -3.829410 -79.879326 2.150000 0.000000 0.000000
2000 31 P -192.233109 -1.884463 -76.276665 2.110000 -1.000000 0.000000
2000 32 S -193.745926 -5.025941 -77.787354 1.800000 0.000000 0.000000
2000 33 C -190.930679 -6.876972 -77.282982 2.150000 0.000000 0.000000
2000 34 P -195.321686 -6.499982 -74.524208 2.110000 -1.000000 0.000000
2000 35 S -195.314423 -10.387063 -75.235199 1.800000 0.000000 0.000000
2000 36 U -191.976929 -10.722254 -74.533279 2.150000 0.000000 0.000000
2000 37 P -196.344681 -11.596975 -71.509171 2.110000 -1.000000 0.000000
2500 1 P -178.618118 -14.135822 -71.878395 2.110000 -1.000000 1.000000
2500 2 S -181.504730 -16.703501 -73.056168 1.800000 0.000000 0.000000
2500 3 G -184.297989 -14.698239 -72.070862 2.150000 0.000000 0.000000
2500 4 P -180.609192 -16.386988 -76.890755 2.110000 -1.000000 0.000000
2500 5 S -184.265656 -17.076681 -77.879150 1.800000 0.000000 0.000000
2500 6 G -185.310120 -13.853642 -77.515236 2.150000 0.000000 0.000000
2500 7 P -183.667969 -16.790773 -81.638580 2.110000 -1.000000 0.000000
2500 8 S -186.505005 -15.221251 -83.671097 1.800000 0.000000 0.000000
2500 9 G -187.298843 -12.201367 -82.460823 2.150000 0.000000 0.000000
2500 10 P -185.089157 -14.016618 -87.180130 2.110000 -1.000000 0.000000
2500 11 S -187.868729 -11.951657 -88.731178 1.800000 0.000000 0.000000
2500 12 C -187.362350 -9.396802 -86.448082 2.150000 0.000000 0.000000
2500 13 P -184.910431 -10.877043 -90.521233 2.110000 -1.000000 0.000000
2500 14 S -185.837280 -7.550778 -92.345482 1.800000 0.000000 0.000000
2500 15 G -186.382858 -5.377006 -89.847710 2.150000 0.000000 0.000000
2500 16 P -182.021378 -7.593278 -92.663597 2.110000 -1.000000 0.000000
2500 17 S -181.782745 -3.653758 -92.250549 1.800000 0.000000 0.000000
2500 18 C -182.371613 -3.695478 -88.845070 2.150000 0.000000 0.000000
2500 19 P -178.025635 -3.214063 -90.532997 2.110000 -1.000000 0.000000
2500 20 S -180.274292 -0.213791 -89.595833 1.800000 0.000000 0.000000
2500 21 A -180.583054 1.954487 -92.114006 2.150000 0.000000 0.000000
2500 22 P -178.556503 0.842901 -86.366669 2.110000 -1.000000 0.000000
2500 23 S -182.151489 2.065171 -85.388863 1.800000 0.000000 0.000000
2500 24 A -183.279816 -1.379781 -85.081367 2.150000 0.000000 0.000000
2500 25 P -183.381134 3.120012 -81.891968 2.110000 -1.000000 0.000000
2500 26 S -187.062653 2.071072 -82.333176 1.800000 0.000000 0.000000
2500 27 G -187.912582 -0.886633 -83.717957 2.150000 0.000000 0.000000
2500 28 P -187.065231 1.325457 -78.601799 2.110000 -1.000000 0.000000
2500 29 S -190.303024 -0.804405 -79.189095 1.800000 0.000000 0.000000
2500 30 C -188.229843 -3.765918 -79.940971 2.150000 0.000000 0.000000
2500 31 P -192.215027 -1.875948 -75.956055 2.110000 -1.000000 0.000000
2500 32 S -193.567459 -4.927982 -77.845680 1.800000 0.000000 0.000000
2500 33 C -190.752213 -6.779013 -77.341309 2.150000 0.000000 0.000000
2500 34 P -195.159760 -6.309774 -74.568192 2.110000 -1.000000 0.000000
2500 35 S -195.006195 -10.002979 -75.397507 1.800000 0.000000 0.000000
2500 36 U -191.668701 -10.338170 -74.695587 2.150000 0.000000 0.000000
2500 37 P -196.008850 -11.566710 -71.947983 2.110000 -1.000000 0.000000
3000 1 P -178.776169 -13.833655 -71.329521 2.110000 -1.000000 1.000000
3000 2 S -181.082123 -16.039507 -73.510834 1.800000 0.000000 0.000000
3000 3 G -184.078766 -14.636220 -73.034981 2.150000 0.000000 0.000000
3000 4 P -180.292099 -16.002697 -77.343513 2.110000 -1.000000 0.000000
3000 5 S -184.040604 -16.887081 -78.006363 1.800000 0.000000 0.000000
3000 6 G -185.107330 -13.709073 -77.700035 2.150000 0.000000 0.000000
3000 7 P -183.465179 -16.646208 -81.823380 2.110000 -1.000000 0.000000
3000 8 S -186.352432 -15.143469 -83.822357 1.800000 0.000000 0.000000
3000 9 G -187.192123 -12.142838 -82.629227 2.150000 0.000000 0.000000
3000 10 P -184.982437 -13.958088 -87.348534 2.110000 -1.000000 0.000000
3000 11 S -187.762009 -11.893127 -88.899582 1.800000 0.000000 0.000000
3000 12 C -187.268402 -9.337151 -86.600975 2.150000 0.000000 0.000000
3000 13 P -184.816483 -10.817391 -90.674126 2.110000 -1.000000 0.000000
3000 14 S -185.478683 -7.494420 -92.476318 1.800000 0.000000 0.000000
3000 15 G -185.843643 -4.864277 -90.047012 2.150000 0.000000 0.000000
3000 16 P -181.632324 -6.892797 -92.872185 2.110000 -1.000000 0.000000
3000 17 S -181.152451 -2.998246 -92.741600 1.800000 0.000000 0.000000
3000 18 C -182.222809 -2.487552 -89.500847 2.150000 0.000000 0.000000
3000 19 P -177.298248 -2.584169 -90.944756 2.110000 -1.000000 0.000000
3000 20 S -179.553772 0.403085 -90.026764 1.800000 0.000000 0.000000
3000 21 A -179.118622 3.509285 -91.210701 2.150000 0.000000 0.000000
3000 22 P -178.222824 1.336901 -86.518059 2.110000 -1.000000 0.000000
3000 23 S -181.850342 1.918323 -85.469818 1.800000 0.000000 0.000000
3000 24 A -182.947556 -1.363895 -84.883621 2.150000 0.000000 0.000000
3000 25 P -183.226624 3.130600 -82.134979 2.110000 -1.000000 0.000000
3000 26 S -186.985596 2.102148 -82.500412 1.800000 0.000000 0.000000
3000 27 G -187.835526 -0.855557 -83.885193 2.150000 0.000000 0.000000
3000 28 P -187.014175 1.315607 -78.690552 2.110000 -1.000000 0.000000
3000 29 S -190.192734 -0.709659 -79.553375 1.800000 0.000000 0.000000
3000 30 C -188.681610 -3.754347 -80.106697 2.150000 0.000000 0.000000
3000 31 P -192.091034 -1.767854 -76.231644 2.110000 -1.000000 0.000000
3000 32 S -193.533432 -4.905349 -77.832016 1.800000 0.000000 0.000000
3000 33 C -190.718185 -6.756380 -77.327644 2.150000 0.000000 0.000000
3000 34 P -195.114578 -6.251045 -74.543167 2.110000 -1.000000 0.000000
3000 35 S -195.033951 -10.078635 -75.728249 1.800000 0.000000 0.000000
3000 36 U -191.690338 -10.395317 -75.128944 2.150000 0.000000 0.000000
3000 37 P -195.688614 -12.509625 -72.706604 2.110000 -1.000000 0.000000
3500 1 P -178.651810 -13.698353 -71.634979 2.110000 -1.000000 1.000000
3500 2 S -181.189133 -16.318209 -73.259796 1.800000 0.000000 0.000000
3500 3 G -183.812042 -14.146157 -73.106026 2.150000 0.000000 0.000000
3500 4 P -180.381592 -16.141150 -77.144203 2.110000 -1.000000 0.000000
3500 5 S -184.091309 -16.969734 -77.858131 1.800000 0.000000 0.000000
3500 6 G -185.158859 -13.787949 -77.448219 2.150000 0.000000 0.000000
3500 7 P -183.516708 -16.725084 -81.571564 2.110000 -1.000000 0.000000
3500 8 S -186.455902 -15.281091 -83.398842 1.800000 0.000000 0.000000
3500 9 G -186.700119 -12.241106 -81.921829 2.150000 0.000000 0.000000
3500 10 P -185.105560 -14.110500 -86.896553 2.110000 -1.000000 0.000000
3500 11 S -187.800262 -11.975381 -88.664696 1.800000 0.000000 0.000000
3500 12 C -187.292297 -9.391470 -86.484398 2.150000 0.000000 0.000000
3500 13 P -184.840378 -10.871711 -90.557549 2.110000 -1.000000 0.000000
3500 14 S -185.624023 -7.573837 -92.556190 1.800000 0.000000 0.000000
3500 15 G -185.357056 -5.930248 -89.740456 2.150000 0.000000 0.000000
3500 16 P -181.835373 -6.742685 -93.336182 2.110000 -1.000000 0.000000
3500 17 S -182.116287 -2.729046 -93.690010 1.800000 0.000000 0.000000
3500 18 C -180.494354 -2.788744 -96.714569 2.150000 0.000000 0.000000
3500 19 P -178.600708 -1.930278 -92.400093 2.110000 -1.000000 0.000000
3500 20 S -180.856537 1.056752 -91.480865 1.800000 0.000000 0.000000
3500 21 A -183.696365 -0.368065 -90.147552 2.150000 0.000000 0.000000
3500 22 P -179.541672 2.045385 -87.981277 2.110000 -1.000000 0.000000
3500 23 S -183.101913 2.400798 -86.547768 1.800000 0.000000 0.000000
3500 24 A -184.141418 -1.124449 -85.749390 2.150000 0.000000 0.000000
3500 25 P -183.518326 3.494168 -82.720726 2.110000 -1.000000 0.000000
3500 26 S -186.993805 2.006751 -82.219116 1.800000 0.000000 0.000000
3500 27 G -187.843735 -0.950954 -83.603897 2.150000 0.000000 0.000000
3500 28 P -187.243835 1.196621 -78.435272 2.110000 -1.000000 0.000000
3500 29 S -190.302048 -0.832869 -79.356926 1.800000 0.000000 0.000000
3500 30 C -188.790924 -3.877557 -79.910248 2.150000 0.000000 0.000000
3500 31 P -192.168213 -1.868273 -76.096748 2.110000 -1.000000 0.000000
3500 32 S -193.642609 -5.039854 -77.643234 1.800000 0.000000 0.000000
3500 33 C -190.827362 -6.890884 -77.138863 2.150000 0.000000 0.000000
3500 34 P -195.207016 -6.320177 -74.347641 2.110000 -1.000000 0.000000
3500 35 S -195.095001 -10.105181 -75.331276 1.800000 0.000000 0.000000
3500 36 U -191.861557 -10.656487 -74.801949 2.150000 0.000000 0.000000
3500 37 P -196.020203 -11.706091 -71.935104 2.110000 -1.000000 0.000000
4000 1 P -178.867004 -13.741187 -71.089348 2.110000 -1.000000 1.000000
4000 2 S -181.399719 -16.354311 -72.608955 1.800000 0.000000 0.000000
4000 3 G -184.054504 -14.317133 -72.446800 2.150000 0.000000 0.000000
4000 4 P -180.624054 -16.312122 -76.484978 2.110000 -1.000000 0.000000
4000 5 S -184.155914 -16.970072 -77.839706 1.800000 0.000000 0.000000
4000 6 G -185.301727 -13.841285 -77.453751 2.150000 0.000000 0.000000
4000 7 P -183.527618 -16.630178 -81.701370 2.110000 -1.000000 0.000000
4000 8 S -186.476425 -15.219672 -83.501610 1.800000 0.000000 0.000000
4000 9 G -186.704071 -12.192748 -82.042549 2.150000 0.000000 0.000000
4000 10 P -185.109512 -14.062142 -87.017273 2.110000 -1.000000 0.000000
4000 11 S -187.827698 -11.925915 -88.753677 1.800000 0.000000 0.000000
4000 12 C -187.318100 -9.343104 -86.566086 2.150000 0.000000 0.000000
4000 13 P -184.866180 -10.823345 -90.639236 2.110000 -1.000000 0.000000
4000 14 S -185.568817 -7.675107 -92.817543 1.800000 0.000000 0.000000
4000 15 G -185.885742 -5.985573 -89.715385 2.150000 0.000000 0.000000
4000 16 P -181.678131 -7.479537 -93.128822 2.110000 -1.000000 0.000000
4000 17 S -181.323303 -3.452855 -93.268745 1.800000 0.000000 0.000000
4000 18 C -184.424866 -2.351212 -91.386833 2.150000 0.000000 0.000000
4000 19 P -177.556473 -2.922772 -91.730972 2.110000 -1.000000 0.000000
4000 20 S -179.830841 0.069076 -90.762794 1.800000 0.000000 0.000000
4000 21 A -178.638733 2.779041 -92.604515 2.150000 0.000000 0.000000
4000 22 P -178.592285 1.239391 -87.091034 2.110000 -1.000000 0.000000
4000 23 S -182.242310 2.256688 -86.303284 1.800000 0.000000 0.000000
4000 24 A -183.269608 -1.412389 -85.747688 2.150000 0.000000 0.000000
4000 25 P -183.250656 3.317163 -82.715759 2.110000 -1.000000 0.000000
4000 26 S -186.945786 2.071206 -82.336983 1.800000 0.000000 0.000000
4000 27 G -187.795715 -0.886499 -83.721764 2.150000 0.000000 0.000000
4000 28 P -187.215698 1.266872 -78.568329 2.110000 -1.000000 0.000000
4000 29 S -190.267059 -0.746927 -79.497696 1.800000 0.000000 0.000000
4000 30 C -188.755936 -3.791615 -80.051018 2.150000 0.000000 0.000000
4000 31 P -192.126572 -1.760773 -76.274750 2.110000 -1.000000 0.000000
4000 32 S -193.646118 -4.984801 -77.717438 1.800000 0.000000 0.000000
4000 33 C -190.830872 -6.835831 -77.213066 2.150000 0.000000 0.000000
4000 34 P -195.250122 -6.350476 -74.440506 2.110000 -1.000000 0.000000
4000 35 S -195.144012 -10.132395 -75.370033 1.800000 0.000000 0.000000
4000 36 U -191.910568 -10.683702 -74.840706 2.150000 0.000000 0.000000
4000 37 P -196.367874 -11.800226 -72.186447 2.110000 -1.000000 0.000000
4500 1 P -178.607986 -13.596345 -72.142235 2.110000 -1.000000 1.000000
4500 2 S -181.394608 -16.523779 -72.834503 1.800000 0.000000 0.000000
4500 3 G -184.109604 -14.489264 -72.551338 2.150000 0.000000 0.000000
4500 4 P -180.453232 -16.063175 -76.528091 2.110000 -1.000000 0.000000
4500 5 S -183.934464 -16.791584 -78.137062 1.800000 0.000000 0.000000
4500 6 G -185.085068 -13.654215 -77.638748 2.150000 0.000000 0.000000
4500 7 P -183.310959 -16.443113 -81.886368 2.110000 -1.000000 0.000000
4500 8 S -186.264801 -15.050241 -83.772583 1.800000 0.000000 0.000000
4500 9 G -186.835495 -12.026895 -82.526787 2.150000 0.000000 0.000000
4500 10 P -184.996857 -13.991321 -87.261795 2.110000 -1.000000 0.000000
4500 11 S -187.831268 -11.902263 -88.781036 1.800000 0.000000 0.000000
4500 12 C -187.224579 -9.283801 -86.643845 2.150000 0.000000 0.000000
4500 13 P -184.848282 -10.787416 -90.683624 2.110000 -1.000000 0.000000
4500 14 S -185.682938 -7.504850 -92.617210 1.800000 0.000000 0.000000
4500 15 G -185.763535 -5.865990 -89.491364 2.150000 0.000000 0.000000
4500 16 P -181.959366 -7.242475 -93.367462 2.110000 -1.000000 0.000000
4500 17 S -182.076675 -3.296936 -93.302902 1.800000 0.000000 0.000000
4500 18 C -182.187241 -3.403666 -96.460648 2.150000 0.000000 0.000000
4500 19 P -178.362457 -2.348392 -92.626579 2.110000 -1.000000 0.000000
4500 20 S -180.634720 0.642622 -91.649345 1.800000 0.000000 0.000000
4500 21 A -183.205215 -0.629233 -89.748085 2.150000 0.000000 0.000000
4500 22 P -179.253677 1.668584 -88.233406 2.110000 -1.000000 0.000000
4500 23 S -182.915466 2.653179 -87.189934 1.800000 0.000000 0.000000
4500 24 A -183.424805 -0.527730 -85.892296 2.150000 0.000000 0.000000
4500 25 P -183.187607 3.691733 -83.505310 2.110000 -1.000000 0.000000
4500 26 S -186.864456 2.200118 -82.668533 1.800000 0.000000 0.000000
4500 27 G -187.714386 -0.757587 -84.053314 2.150000 0.000000 0.000000
4500 28 P -187.384552 1.463746 -78.990746 2.110000 -1.000000 0.000000
4500 29 S -190.480042 -0.724330 -79.488907 1.800000 0.000000 0.000000
4500 30 C -188.968918 -3.769017 -80.042229 2.150000 0.000000 0.000000
4500 31 P -192.192032 -1.796310 -76.052505 2.110000 -1.000000 0.000000
4500 32 S -193.732574 -5.080246 -77.294067 1.800000 0.000000 0.000000
4500 33 C -190.917328 -6.931277 -76.789696 2.150000 0.000000 0.000000
4500 34 P -195.278702 -6.417643 -74.133354 2.110000 -1.000000 0.000000
4500 35 S -195.221268 -10.226635 -74.949272 1.800000 0.000000 0.000000
4500 36 U -191.987823 -10.777942 -74.419945 2.150000 0.000000 0.000000
4500 37 P -196.636948 -12.271588 -71.711739 2.110000 -1.000000 0.000000
5000 1 P -179.042969 -13.744069 -70.917633 2.110000 -1.000000 1.000000
5000 2 S -181.254288 -16.064747 -73.170212 1.800000 0.000000 0.000000
5000 3 G -184.114120 -14.376820 -72.750336 2.150000 0.000000 0.000000
5000 4 P -180.420898 -15.979343 -76.992226 2.110000 -1.000000 0.000000
5000 5 S -184.019867 -16.733032 -78.164223 1.800000 0.000000 0.000000
5000 6 G -185.094894 -13.582591 -77.802879 2.150000 0.000000 0.000000
5000 7 P -183.320786 -16.371485 -82.050499 2.110000 -1.000000 0.000000
5000 8 S -186.223801 -15.007624 -83.950371 1.800000 0.000000 0.000000
5000 9 G -187.294098 -12.100428 -82.630440 2.150000 0.000000 0.000000
5000 10 P -185.009567 -13.977828 -87.311386 2.110000 -1.000000 0.000000
5000 11 S -187.854233 -11.919092 -88.757622 1.800000 0.000000 0.000000
5000 12 C -187.227600 -9.274864 -86.648582 2.150000 0.000000 0.000000
5000 13 P -184.851303 -10.778480 -90.688362 2.110000 -1.000000 0.000000
5000 14 S -185.926559 -7.682884 -92.665405 1.800000 0.000000 0.000000
5000 15 G -185.663025 -5.674360 -89.707138 2.150000 0.000000 0.000000
5000 16 P -182.184509 -6.941588 -93.474785 2.110000 -1.000000 0.000000
5000 17 S -181.652771 -3.054525 -93.532097 1.800000 0.000000 0.000000
5000 18 C -182.198547 -3.197241 -90.102432 2.150000 0.000000 0.000000
5000 19 P -177.922028 -2.220543 -92.518372 2.110000 -1.000000 0.000000
5000 20 S -180.194290 0.770471 -91.541138 1.800000 0.000000 0.000000
5000 21 A -177.855438 2.841508 -93.090508 2.150000 0.000000 0.000000
5000 22 P -178.564484 1.954093 -88.012627 2.110000 -1.000000 0.000000
5000 23 S -182.251572 2.458917 -86.901733 1.800000 0.000000 0.000000
5000 24 A -183.996353 -0.449374 -87.085983 2.150000 0.000000 0.000000
5000 25 P -183.212372 3.607661 -83.196655 2.110000 -1.000000 0.000000
5000 26 S -186.906998 2.228354 -82.680954 1.800000 0.000000 0.000000
5000 27 G -187.756927 -0.729351 -84.065735 2.150000 0.000000 0.000000
5000 28 P -187.366409 1.343398 -78.801811 2.110000 -1.000000 0.000000
5000 29 S -190.497421 -0.852070 -79.309822 1.800000 0.000000 0.000000
5000 30 C -188.604340 -3.645414 -80.237061 2.150000 0.000000 0.000000
5000 31 P -192.200256 -1.839898 -76.065956 2.110000 -1.000000 0.000000
5000 32 S -193.786819 -5.036748 -77.590179 1.800000 0.000000 0.000000
5000 33 C -190.971573 -6.887779 -77.085808 2.150000 0.000000 0.000000
5000 34 P -195.405838 -6.374853 -74.405418 2.110000 -1.000000 0.000000
5000 35 S -195.292130 -10.258637 -75.278023 1.800000 0.000000 0.000000
5000 36 U -192.058685 -10.809944 -74.748695 2.150000 0.000000 0.000000
5000 37 P -196.039474 -11.713366 -71.678658 2.110000 -1.000000 0.000000
5500 1 P -179.009827 -14.061274 -71.036087 2.110000 -1.000000 1.000000
5500 2 S -181.490540 -16.513163 -73.093605 1.800000 0.000000 0.000000
5500 3 G -184.326111 -14.528410 -72.481506 2.150000 0.000000 0.000000
5500 4 P -180.600601 -16.060392 -76.821175 2.110000 -1.000000 0.000000
5500 5 S -184.221130 -16.892504 -77.666924 1.800000 0.000000 0.000000
5500 6 G -185.619354 -13.988954 -77.167908 2.150000 0.000000 0.000000
5500 7 P -183.541763 -16.499264 -81.575935 2.110000 -1.000000 0.000000
5500 8 S -186.484085 -15.167948 -83.413307 1.800000 0.000000 0.000000
5500 9 G -187.496353 -12.224119 -82.161324 2.150000 0.000000 0.000000
5500 10 P -185.211823 -14.101520 -86.842270 2.110000 -1.000000 0.000000
5500 11 S -188.051193 -12.021911 -88.328590 1.800000 0.000000 0.000000
5500 12 C -187.830109 -9.405954 -86.064766 2.150000 0.000000 0.000000
5500 13 P -184.972885 -10.804358 -90.469429 2.110000 -1.000000 0.000000
5500 14 S -186.214691 -7.313786 -92.201355 1.800000 0.000000 0.000000
5500 15 G -186.601196 -5.513199 -89.297028 2.150000 0.000000 0.000000
5500 16 P -182.683945 -6.015745 -93.684807 2.110000 -1.000000 0.000000
5500 17 S -182.673264 -2.111073 -93.671181 1.800000 0.000000 0.000000
5500 18 C -182.112320 -2.353317 -90.202583 2.150000 0.000000 0.000000
5500 19 P -178.836792 -1.394991 -92.943268 2.110000 -1.000000 0.000000
5500 20 S -181.111923 1.584918 -91.928940 1.800000 0.000000 0.000000
5500 21 A -184.407654 1.434151 -90.337784 2.150000 0.000000 0.000000
5500 22 P -179.168259 2.416963 -88.767708 2.110000 -1.000000 0.000000
5500 23 S -182.634109 2.346785 -87.035049 1.800000 0.000000 0.000000
5500 24 A -184.001892 -0.976781 -87.249222 2.150000 0.000000 0.000000
5500 25 P -183.358292 3.493492 -83.451012 2.110000 -1.000000 0.000000
5500 26 S -187.023041 2.268931 -82.735497 1.800000 0.000000 0.000000
5500 27 G -187.872971 -0.688774 -84.120277 2.150000 0.000000 0.000000
5500 28 P -187.210617 1.350472 -78.917015 2.110000 -1.000000 0.000000
5500 29 S -190.433258 -0.741575 -79.483307 1.800000 0.000000 0.000000
5500 30 C -188.540176 -3.534920 -80.410545 2.150000 0.000000 0.000000
5500 31 P -192.160172 -1.738825 -76.257362 2.110000 -1.000000 0.000000
5500 32 S -193.750107 -4.937047 -77.754143 1.800000 0.000000 0.000000
5500 33 C -190.934860 -6.788078 -77.249771 2.150000 0.000000 0.000000
5500 34 P -195.311996 -6.255503 -74.583641 2.110000 -1.000000 0.000000
5500 35 S -195.208801 -10.052155 -75.442146 1.800000 0.000000 0.000000
5500 36 U -191.975357 -10.603461 -74.912819 2.150000 0.000000 0.000000
5500 37 P -196.510956 -11.071527 -71.719902 2.110000 -1.000000 0.000000
6000 1 P -179.087204 -13.878481 -70.630241 2.110000 -1.000000 1.000000
6000 2 S -181.751907 -16.648493 -72.010948 1.800000 0.000000 0.000000
6000 3 G -184.606232 -14.755397 -71.724380 2.150000 0.000000 0.000000
6000 4 P -180.880722 -16.287382 -76.064049 2.110000 -1.000000 0.000000
6000 5 S -184.414047 -17.108610 -77.512703 1.800000 0.000000 0.000000
6000 6 G -185.736420 -14.068159 -76.848289 2.150000 0.000000 0.000000
6000 7 P -183.658829 -16.578468 -81.256317 2.110000 -1.000000 0.000000
6000 8 S -186.637009 -15.240910 -83.184982 1.800000 0.000000 0.000000
6000 9 G -187.640396 -12.293384 -81.954727 2.150000 0.000000 0.000000
6000 10 P -185.355865 -14.170784 -86.635674 2.110000 -1.000000 0.000000
6000 11 S -188.065018 -12.020344 -88.442093 1.800000 0.000000 0.000000
6000 12 C -187.836777 -9.406501 -86.121071 2.150000 0.000000 0.000000
6000 13 P -184.979553 -10.804905 -90.525734 2.110000 -1.000000 0.000000
6000 14 S -186.422226 -7.599564 -91.943520 1.800000 0.000000 0.000000
6000 15 G -185.488678 -5.866958 -89.175117 2.150000 0.000000 0.000000
6000 16 P -182.926147 -6.571987 -93.385918 2.110000 -1.000000 0.000000
6000 17 S -182.430344 -2.759942 -93.352020 1.800000 0.000000 0.000000
6000 18 C -181.701675 -2.691669 -96.609024 2.150000 0.000000 0.000000
6000 19 P -178.571335 -2.348545 -92.081657 2.110000 -1.000000 0.000000
6000 20 S -180.846466 0.631364 -91.067329 1.800000 0.000000 0.000000
6000 21 A -182.614227 -1.651672 -89.082993 2.150000 0.000000 0.000000
6000 22 P -178.587677 1.676791 -87.983910 2.110000 -1.000000 0.000000
6000 23 S -182.057434 1.858936 -86.240799 1.800000 0.000000 0.000000
6000 24 A -184.086670 4.383301 -87.806519 2.150000 0.000000 0.000000
6000 25 P -182.839157 3.014927 -82.548515 2.110000 -1.000000 0.000000
6000 26 S -186.592300 2.241006 -82.729111 1.800000 0.000000 0.000000
6000 27 G -187.442230 -0.716698 -84.113892 2.150000 0.000000 0.000000
6000 28 P -187.231216 1.320736 -78.979866 2.110000 -1.000000 0.000000
6000 29 S -190.386627 -0.740718 -79.492699 1.800000 0.000000 0.000000
6000 30 C -188.493546 -3.534064 -80.419937 2.150000 0.000000 0.000000
6000 31 P -192.110809 -1.743956 -76.254929 2.110000 -1.000000 0.000000
6000 32 S -193.723007 -4.941124 -77.671799 1.800000 0.000000 0.000000
6000 33 C -190.855148 -6.811674 -77.967194 2.150000 0.000000 0.000000
6000 34 P -195.352600 -6.270454 -74.462646 2.110000 -1.000000 0.000000
6000 35 S -195.147812 -10.011941 -75.219460 1.800000 0.000000 0.000000
6000 36 U -191.914368 -10.563248 -74.690132 2.150000 0.000000 0.000000
6000 37 P -195.644318 -12.260174 -72.465126 2.110000 -1.000000 0.000000
6500 1 P -179.155533 -14.144629 -70.735329 2.110000 -1.000000 1.000000
6500 2 S -181.647736 -16.654850 -72.423088 1.800000 0.000000 0.000000
6500 3 G -184.430542 -14.563647 -72.015541 2.150000 0.000000 0.000000
6500 4 P -180.878418 -16.374544 -76.265099 2.110000 -1.000000 0.000000
6500 5 S -184.373459 -17.022947 -77.430267 1.800000 0.000000 0.000000
6500 6 G -185.752869 -14.055071 -76.817772 2.150000 0.000000 0.000000
6500 7 P -183.675278 -16.565380 -81.225800 2.110000 -1.000000 0.000000
6500 8 S -186.620392 -15.219606 -83.150536 1.800000 0.000000 0.000000
6500 9 G -187.647568 -12.284381 -81.955788 2.150000 0.000000 0.000000
6500 10 P -185.363037 -14.161781 -86.636734 2.110000 -1.000000 0.000000
6500 11 S -188.072189 -12.011341 -88.443153 1.800000 0.000000 0.000000
6500 12 C -187.835754 -9.396744 -86.134430 2.150000 0.000000 0.000000
6500 13 P -184.978531 -10.795148 -90.539093 2.110000 -1.000000 0.000000
6500 14 S -185.982574 -7.394872 -92.281982 1.800000 0.000000 0.000000
6500 15 G -185.415939 -5.586674 -89.270561 2.150000 0.000000 0.000000
6500 16 P -182.523483 -5.899757 -93.722404 2.110000 -1.000000 0.000000
6500 17 S -182.239258 -2.084649 -93.468102 1.800000 0.000000 0.000000
6500 18 C -182.424820 -2.497242 -90.135315 2.150000 0.000000 0.000000
6500 19 P -178.302078 -1.425758 -92.551735 2.110000 -1.000000 0.000000
6500 20 S -180.577209 1.554150 -91.537407 1.800000 0.000000 0.000000
6500 21 A -183.868210 1.032236 -90.152901 2.150000 0.000000 0.000000
6500 22 P -178.768204 2.378043 -88.089226 2.110000 -1.000000 0.000000
6500 23 S -182.216888 2.091312 -86.309952 1.800000 0.000000 0.000000
6500 24 A -183.080444 -1.534343 -85.998093 2.150000 0.000000 0.000000
6500 25 P -182.986145 3.222517 -82.672577 2.110000 -1.000000 0.000000
6500 26 S -186.812363 2.203439 -82.500725 1.800000 0.000000 0.000000
6500 27 G -187.662292 -0.754265 -83.885506 2.150000 0.000000 0.000000
6500 28 P -187.236740 1.318303 -78.885788 2.110000 -1.000000 0.000000
6500 29 S -190.410355 -0.750454 -79.427544 1.800000 0.000000 0.000000
6500 30 C -188.517273 -3.543800 -80.354782 2.150000 0.000000 0.000000
6500 31 P -192.097595 -1.678280 -76.122093 2.110000 -1.000000 0.000000
6500 32 S -193.841644 -4.924910 -77.262611 1.800000 0.000000 0.000000
6500 33 C -190.887650 -6.778341 -77.391098 2.150000 0.000000 0.000000
6500 34 P -195.483215 -6.289085 -74.072563 2.110000 -1.000000 0.000000
6500 35 S -195.238907 -10.110472 -75.223686 1.800000 0.000000 0.000000
6500 36 U -192.005463 -10.661778 -74.694359 2.150000 0.000000 0.000000
6500 37 P -195.956985 -12.000297 -72.164482 2.110000 -1.000000 0.000000
7000 1 P -179.850296 -14.834403 -69.357552 2.110000 -1.000000 1.000000
7000 2 S -181.510315 -16.373894 -72.401123 1.800000 0.000000 0.000000
7000 3 G -184.322952 -14.397737 -72.051125 2.150000 0.000000 0.000000
7000 4 P -180.770828 -16.208630 -76.300682 2.110000 -1.000000 0.000000
7000 5 S -184.340836 -16.973831 -77.536621 1.800000 0.000000 0.000000
7000 6 G -185.663086 -13.918658 -77.242897 2.150000 0.000000 0.000000
7000 7 P -183.656525 -16.506268 -81.312798 2.110000 -1.000000 0.000000
7000 8 S -186.700302 -15.249192 -83.051971 1.800000 0.000000 0.000000
7000 9 G -187.503174 -12.255217 -81.710083 2.150000 0.000000 0.000000
7000 10 P -185.410782 -14.183524 -86.469337 2.110000 -1.000000 0.000000
7000 11 S -188.128967 -12.040360 -88.356903 1.800000 0.000000 0.000000
7000 12 C -187.893326 -9.419926 -86.014648 2.150000 0.000000 0.000000
7000 13 P -185.036102 -10.818330 -90.419312 2.110000 -1.000000 0.000000
7000 14 S -186.593399 -7.118708 -91.634102 1.800000 0.000000 0.000000
7000 15 G -186.788895 -4.528958 -89.451096 2.150000 0.000000 0.000000
7000 16 P -183.261429 -5.881160 -93.396385 2.110000 -1.000000 0.000000
7000 17 S -183.900421 -2.042230 -93.456779 1.800000 0.000000 0.000000
7000 18 C -182.947388 -1.770436 -96.842628 2.150000 0.000000 0.000000
7000 19 P -180.054153 -1.259549 -92.828362 2.110000 -1.000000 0.000000
7000 20 S -182.312561 1.723783 -91.826950 1.800000 0.000000 0.000000
7000 21 A -184.282410 -0.667272 -90.232597 2.150000 0.000000 0.000000
7000 22 P -179.912048 2.296241 -89.133125 2.110000 -1.000000 0.000000
7000 23 S -183.231323 2.274012 -87.031105 1.800000 0.000000 0.000000
7000 24 A -181.307724 -0.346576 -86.018196 2.150000 0.000000 0.000000
7000 25 P -183.065247 3.399819 -83.253250 2.110000 -1.000000 0.000000
7000 26 S -186.713043 2.225076 -82.649559 1.800000 0.000000 0.000000
7000 27 G -187.562973 -0.732628 -84.034340 2.150000 0.000000 0.000000
7000 28 P -187.174469 1.354268 -78.955872 2.110000 -1.000000 0.000000
7000 29 S -190.399399 -0.708955 -79.441483 1.800000 0.000000 0.000000
7000 30 C -188.506317 -3.502300 -80.368721 2.150000 0.000000 0.000000
7000 31 P -192.107758 -1.624613 -76.087776 2.110000 -1.000000 0.000000
7000 32 S -193.903824 -4.883631 -77.145226 1.800000 0.000000 0.000000
7000 33 C -190.949829 -6.737062 -77.273712 2.150000 0.000000 0.000000
7000 34 P -195.520905 -6.341244 -73.924629 2.110000 -1.000000 0.000000
7000 35 S -195.381912 -10.125511 -74.768524 1.800000 0.000000 0.000000
7000 36 U -192.099609 -10.947423 -74.768669 2.150000 0.000000 0.000000
7000 37 P -196.170578 -11.300691 -70.951492 2.110000 -1.000000 0.000000
7500 1 P -178.730988 -13.252706 -71.084274 2.110000 -1.000000 1.000000
7500 2 S -181.363297 -16.045067 -72.237526 1.800000 0.000000 0.000000
7500 3 G -184.177200 -14.256951 -72.263977 2.150000 0.000000 0.000000
7500 4 P -180.762070 -16.146246 -76.051064 2.110000 -1.000000 0.000000
7500 5 S -184.352814 -16.948776 -77.239250 1.800000 0.000000 0.000000
7500 6 G -186.159439 -14.207521 -76.607414 2.150000 0.000000 0.000000
7500 7 P -183.690643 -16.485765 -81.009727 2.110000 -1.000000 0.000000
7500 8 S -186.694962 -15.231363 -82.926704 1.800000 0.000000 0.000000
7500 9 G -186.882523 -12.173714 -81.763092 2.150000 0.000000 0.000000
7500 10 P -185.416901 -14.182494 -86.384117 2.110000 -1.000000 0.000000
7500 11 S -188.138870 -12.031449 -88.302795 1.800000 0.000000 0.000000
7500 12 C -187.904358 -9.410819 -85.985046 2.150000 0.000000 0.000000
7500 13 P -185.047134 -10.809223 -90.389709 2.110000 -1.000000 0.000000
7500 14 S -186.715073 -7.722860 -91.759735 1.800000 0.000000 0.000000
7500 15 G -186.140854 -5.575290 -89.318245 2.150000 0.000000 0.000000
7500 16 P -183.810486 -6.101546 -93.839081 2.110000 -1.000000 0.000000
7500 17 S -184.744598 -2.402882 -93.835274 1.800000 0.000000 0.000000
7500 18 C -184.363113 -1.817309 -90.404663 2.150000 0.000000 0.000000
7500 19 P -180.993454 -1.630766 -93.677734 2.110000 -1.000000 0.000000
7500 20 S -183.251541 1.353111 -92.673767 1.800000 0.000000 0.000000
7500 21 A -182.256409 3.314798 -95.118599 2.150000 0.000000 0.000000
7500 22 P -180.701263 2.580372 -89.932487 2.110000 -1.000000 0.000000
7500 23 S -183.587891 2.181034 -87.469971 1.800000 0.000000 0.000000
7500 24 A -181.283157 -0.393705 -86.954361 2.150000 0.000000 0.000000
7500 25 P -183.165054 3.413319 -83.639793 2.110000 -1.000000 0.000000
7500 26 S -186.736847 2.311257 -82.798248 1.800000 0.000000 0.000000
7500 27 G -187.586777 -0.646447 -84.183029 2.150000 0.000000 0.000000
7500 28 P -187.208511 1.449691 -79.172104 2.110000 -1.000000 0.000000
7500 29 S -190.423325 -0.710638 -79.449158 1.800000 0.000000 0.000000
7500 30 C -188.530243 -3.503984 -80.376396 2.150000 0.000000 0.000000
7500 31 P -192.126480 -1.611945 -76.105057 2.110000 -1.000000 0.000000
7500 32 S -193.920349 -4.869671 -77.203735 1.800000 0.000000 0.000000
7500 33 C -190.966354 -6.723102 -77.332222 2.150000 0.000000 0.000000
7500 34 P -195.392349 -6.149874 -73.969719 2.110000 -1.000000 0.000000
7500 35 S -195.206482 -9.908847 -74.951828 1.800000 0.000000 0.000000
7500 36 U -192.017212 -10.797245 -74.798988 2.150000 0.000000 0.000000
7500 37 P -196.327713 -11.376394 -71.290306 2.110000 -1.000000 0.000000
8000 1 P -178.772552 -13.534906 -71.622086 2.110000 -1.000000 1.000000
8000 2 S -181.524536 -16.281338 -71.927238 1.800000 0.000000 0.000000
8000 3 G -184.259232 -14.289686 -71.917236 2.150000 0.000000 0.000000
8000 4 P -180.844101 -16.178980 -75.704323 2.110000 -1.000000 0.000000
8000 5 S -184.438583 -16.967329 -77.072090 1.800000 0.000000 0.000000
8000 6 G -186.027725 -14.099155 -76.459534 2.150000 0.000000 0.000000
8000 7 P -183.787628 -16.525133 -80.865959 2.110000 -1.000000 0.000000
8000 8 S -186.798584 -15.273104 -82.865166 1.800000 0.000000 0.000000
8000 9 G -187.600815 -12.304478 -81.692635 2.150000 0.000000 0.000000
8000 10 P -185.466400 -14.192911 -86.337166 2.110000 -1.000000 0.000000
8000 11 S -188.203735 -12.057534 -88.314880 1.800000 0.000000 0.000000
8000 12 C -187.942520 -9.403166 -85.976341 2.150000 0.000000 0.000000
8000 13 P -185.085297 -10.801570 -90.381004 2.110000 -1.000000 0.000000
8000 14 S -186.353638 -7.612741 -92.241646 1.800000 0.000000 0.000000
8000 15 G -187.122406 -8.812897 -95.438194 2.150000 0.000000 0.000000
8000 16 P -183.218170 -6.108158 -94.191254 2.110000 -1.000000 0.000000
8000 17 S -184.522522 -2.395917 -94.080544 1.800000 0.000000 0.000000
8000 18 C -183.747604 -1.861398 -97.436844 2.150000 0.000000 0.000000
8000 19 P -180.793365 -1.588173 -93.911369 2.110000 -1.000000 0.000000
8000 20 S -183.087372 1.390438 -92.750221 1.800000 0.000000 0.000000
8000 21 A -185.701736 0.080739 -91.270615 2.150000 0.000000 0.000000
8000 22 P -180.903915 2.517384 -89.540833 2.110000 -1.000000 0.000000
8000 23 S -184.023636 2.234614 -87.176865 1.800000 0.000000 0.000000
8000 24 A -183.150848 -1.051801 -86.166489 2.150000 0.000000 0.000000
8000 25 P -183.304810 3.419375 -83.497017 2.110000 -1.000000 0.000000
8000 26 S -186.844116 2.290087 -82.781898 1.800000 0.000000 0.000000
8000 27 G -187.694046 -0.667617 -84.166679 2.150000 0.000000 0.000000
8000 28 P -187.300430 1.450631 -79.126526 2.110000 -1.000000 0.000000
8000 29 S -190.497559 -0.708621 -79.442101 1.800000 0.000000 0.000000
8000 30 C -188.604477 -3.501967 -80.369339 2.150000 0.000000 0.000000
8000 31 P -192.116440 -1.574494 -75.915939 2.110000 -1.000000 0.000000
8000 32 S -193.897858 -4.841071 -77.206566 1.800000 0.000000 0.000000
8000 33 C -190.943863 -6.694502 -77.335052 2.150000 0.000000 0.000000
8000 34 P -195.481506 -6.473860 -74.108986 2.110000 -1.000000 0.000000
8000 35 S -195.327087 -10.360229 -74.975723 1.800000 0.000000 0.000000
8000 36 U -192.137817 -11.248628 -74.822884 2.150000 0.000000 0.000000
8000 37 P -196.146133 -12.567067 -71.853859 2.110000 -1.000000 0.000000
8500 1 P -178.845352 -13.670006 -71.185555 2.110000 -1.000000 1.000000
8500 2 S -181.579636 -16.391327 -71.889961 1.800000 0.000000 0.000000
8500 3 G -184.209808 -14.220215 -71.963905 2.150000 0.000000 0.000000
8500 4 P -180.966110 -16.349672 -75.600784 2.110000 -1.000000 0.000000
8500 5 S -184.530167 -17.039095 -77.002342 1.800000 0.000000 0.000000
8500 6 G -186.108841 -14.170095 -76.426628 2.150000 0.000000 0.000000
8500 7 P -183.868744 -16.596075 -80.833054 2.110000 -1.000000 0.000000
8500 8 S -186.831909 -15.306299 -82.768929 1.800000 0.000000 0.000000
8500 9 G -187.218216 -12.245885 -81.465462 2.150000 0.000000 0.000000
8500 10 P -185.450806 -14.199027 -86.248962 2.110000 -1.000000 0.000000
8500 11 S -188.256592 -12.101475 -88.106171 1.800000 0.000000 0.000000
8500 12 C -187.992798 -9.454609 -85.750656 2.150000 0.000000 0.000000
8500 13 P -185.135574 -10.853013 -90.155319 2.110000 -1.000000 0.000000
8500 14 S -186.409042 -7.383556 -91.605598 1.800000 0.000000 0.000000
8500 15 G -185.785049 -5.337997 -89.042519 2.150000 0.000000 0.000000
8500 16 P -183.069412 -6.786805 -93.302040 2.110000 -1.000000 0.000000
8500 17 S -183.598312 -2.880750 -93.619171 1.800000 0.000000 0.000000
8500 18 C -183.408707 -2.449642 -96.882843 2.150000 0.000000 0.000000
8500 19 P -179.746353 -2.146614 -93.320450 2.110000 -1.000000 0.000000
8500 20 S -182.040619 0.832417 -92.156822 1.800000 0.000000 0.000000
8500 21 A -185.008163 0.059594 -90.840599 2.150000 0.000000 0.000000
8500 22 P -179.689850 1.573278 -89.122902 2.110000 -1.000000 0.000000
8500 23 S -183.021088 2.228114 -87.039665 1.800000 0.000000 0.000000
8500 24 A -183.636154 -1.207013 -86.420349 2.150000 0.000000 0.000000
8500 25 P -183.165192 3.336996 -83.179588 2.110000 -1.000000 0.000000
8500 26 S -186.899872 2.281267 -82.640106 1.800000 0.000000 0.000000
8500 27 G -187.749802 -0.676436 -84.024887 2.150000 0.000000 0.000000
8500 28 P -187.238235 1.342811 -78.940987 2.110000 -1.000000 0.000000
8500 29 S -190.513733 -0.710900 -79.478447 1.800000 0.000000 0.000000
8500 30 C -188.620651 -3.504246 -80.405685 2.150000 0.000000 0.000000
8500 31 P -192.063904 -1.571665 -76.069839 2.110000 -1.000000 0.000000
8500 32 S -193.846603 -4.832671 -77.295586 1.800000 0.000000 0.000000
8500 33 C -190.892609 -6.686102 -77.424072 2.150000 0.000000 0.000000
8500 34 P -195.421646 -6.473481 -74.147285 2.110000 -1.000000 0.000000
8500 35 S -195.176910 -10.193890 -75.245575 1.800000 0.000000 0.000000
8500 36 U -191.987640 -11.082288 -75.092735 2.150000 0.000000 0.000000
8500 37 P -196.253586 -12.096450 -72.051796 2.110000 -1.000000 0.000000
9000 1 P -178.701965 -13.456444 -71.331680 2.110000 -1.000000 1.000000
9000 2 S -181.334518 -16.247072 -72.051933 1.800000 0.000000 0.000000
9000 3 G -184.055786 -14.119407 -72.179749 2.150000 0.000000 0.000000
9000 4 P -180.812088 -16.248865 -75.816628 2.110000 -1.000000 0.000000
9000 5 S -184.408051 -16.981270 -77.206131 1.800000 0.000000 0.000000
9000 6 G -185.985306 -14.093456 -76.650772 2.150000 0.000000 0.000000
9000 7 P -183.745209 -16.519438 -81.057198 2.110000 -1.000000 0.000000
9000 8 S -186.773163 -15.273761 -83.043808 1.800000 0.000000 0.000000
9000 9 G -187.544647 -12.327476 -81.430733 2.150000 0.000000 0.000000
9000 10 P -185.360504 -14.185961 -86.438965 2.110000 -1.000000 0.000000
9000 11 S -188.178741 -12.073702 -88.195786 1.800000 0.000000 0.000000
9000 12 C -188.076004 -9.423650 -85.853607 2.150000 0.000000 0.000000
9000 13 P -185.074692 -10.830919 -90.252594 2.110000 -1.000000 0.000000
9000 14 S -186.489655 -7.555189 -91.831154 1.800000 0.000000 0.000000
9000 15 G -185.755859 -6.222729 -88.742119 2.150000 0.000000 0.000000
9000 16 P -182.876984 -6.713958 -92.760323 2.110000 -1.000000 0.000000
9000 17 S -182.985489 -2.677757 -92.956894 1.800000 0.000000 0.000000
9000 18 C -183.258026 -2.945024 -96.419052 2.150000 0.000000 0.000000
9000 19 P -179.132935 -2.179434 -92.118286 2.110000 -1.000000 0.000000
9000 20 S -181.427200 0.799596 -90.954659 1.800000 0.000000 0.000000
9000 21 A -184.005127 -0.900637 -89.107346 2.150000 0.000000 0.000000
9000 22 P -178.929321 1.728149 -87.811012 2.110000 -1.000000 0.000000
9000 23 S -182.563187 2.110138 -86.507271 1.800000 0.000000 0.000000
9000 24 A -184.014954 4.721002 -88.365402 2.150000 0.000000 0.000000
9000 25 P -183.126068 3.092498 -82.774704 2.110000 -1.000000 0.000000
9000 26 S -186.928482 2.258502 -82.663490 1.800000 0.000000 0.000000
9000 27 G -187.778412 -0.699201 -84.048271 2.150000 0.000000 0.000000
9000 28 P -187.262589 1.323656 -78.959557 2.110000 -1.000000 0.000000
9000 29 S -190.538437 -0.730951 -79.493401 1.800000 0.000000 0.000000
9000 30 C -188.645355 -3.524298 -80.420639 2.150000 0.000000 0.000000
9000 31 P -192.061737 -1.561304 -76.083931 2.110000 -1.000000 0.000000
9000 32 S -193.760529 -4.811716 -77.507469 1.800000 0.000000 0.000000
9000 33 C -190.779495 -6.601071 -77.267090 2.150000 0.000000 0.000000
9000 34 P -195.283569 -6.372081 -74.445633 2.110000 -1.000000 0.000000
9000 35 S -195.007004 -10.120071 -75.490150 1.800000 0.000000 0.000000
9000 36 U -191.817734 -11.008470 -75.337311 2.150000 0.000000 0.000000
9000 37 P -195.852402 -11.743278 -72.182976 2.110000 -1.000000 0.000000
9500 1 P -178.879135 -13.416600 -70.895485 2.110000 -1.000000 1.000000
9500 2 S -181.544800 -16.078115 -71.782936 1.800000 0.000000 0.000000
9500 3 G -183.914520 -13.802394 -72.526611 2.150000 0.000000 0.000000
9500 4 P -181.157867 -16.477123 -75.513985 2.110000 -1.000000 0.000000
9500 5 S -184.567490 -17.038530 -77.294647 1.800000 0.000000 0.000000
9500 6 G -186.046082 -14.103712 -76.635925 2.150000 0.000000 0.000000
9500 7 P -183.805984 -16.529692 -81.042351 2.110000 -1.000000 0.000000
9500 8 S -186.859009 -15.302029 -83.084732 1.800000 0.000000 0.000000
9500 9 G -187.570221 -12.342167 -81.555565 2.150000 0.000000 0.000000
9500 10 P -185.386078 -14.200652 -86.563797 2.110000 -1.000000 0.000000
9500 11 S -188.192108 -12.081831 -88.344604 1.800000 0.000000 0.000000
9500 12 C -188.082809 -9.435730 -85.976494 2.150000 0.000000 0.000000
9500 13 P -185.081497 -10.842999 -90.375481 2.110000 -1.000000 0.000000
9500 14 S -186.370529 -7.397623 -91.549934 1.800000 0.000000 0.000000
9500 15 G -187.935318 -9.135984 -93.901833 2.150000 0.000000 0.000000
9500 16 P -183.116669 -7.062204 -93.249886 2.110000 -1.000000 0.000000
9500 17 S -183.670120 -3.348268 -93.642601 1.800000 0.000000 0.000000
9500 18 C -184.506332 -3.991841 -90.262299 2.150000 0.000000 0.000000
9500 19 P -179.957825 -2.558507 -93.341438 2.110000 -1.000000 0.000000
9500 20 S -182.277283 0.441432 -92.238770 1.800000 0.000000 0.000000
9500 21 A -181.362961 3.482703 -93.593849 2.150000 0.000000 0.000000
9500 22 P -179.891235 1.205592 -89.413887 2.110000 -1.000000 0.000000
9500 23 S -183.087723 2.092222 -87.353104 1.800000 0.000000 0.000000
9500 24 A -184.369537 -1.080149 -87.062981 2.150000 0.000000 0.000000
9500 25 P -183.220108 3.432155 -83.591400 2.110000 -1.000000 0.000000
9500 26 S -186.986115 2.277469 -82.721901 1.800000 0.000000 0.000000
9500 27 G -187.836044 -0.680234 -84.106682 2.150000 0.000000 0.000000
9500 28 P -187.340637 1.280283 -79.009094 2.110000 -1.000000 0.000000
9500 29 S -190.541626 -0.754262 -79.593224 1.800000 0.000000 0.000000
9500 30 C -188.613800 -3.540833 -80.557602 2.150000 0.000000 0.000000
9500 31 P -192.140747 -1.580944 -76.266479 2.110000 -1.000000 0.000000
9500 32 S -193.833771 -4.835250 -77.603035 1.800000 0.000000 0.000000
9500 33 C -190.852737 -6.624606 -77.362656 2.150000 0.000000 0.000000
9500 34 P -195.398392 -6.239503 -74.404480 2.110000 -1.000000 0.000000
9500 35 S -195.221298 -10.073962 -75.108566 1.800000 0.000000 0.000000
9500 36 U -192.032028 -10.962360 -74.955727 2.150000 0.000000 0.000000
9500 37 P -195.727554 -11.147428 -71.233269 2.110000 -1.000000 0.000000
10000 1 P -178.507019 -13.640372 -72.687523 2.110000 -1.000000 1.000000
10000 2 S -181.467468 -16.091913 -71.939949 1.800000 0.000000 0.000000
10000 3 G -183.870880 -13.737403 -72.514160 2.150000 0.000000 0.000000
10000 4 P -181.013260 -16.416233 -75.814796 2.110000 -1.000000 0.000000
10000 5 S -184.442871 -17.018517 -77.498169 1.800000 0.000000 0.000000
10000 6 G -185.735031 -13.935225 -76.941177 2.150000 0.000000 0.000000
10000 7 P -183.625931 -16.437786 -81.229698 2.110000 -1.000000 0.000000
10000 8 S -186.759552 -15.266834 -83.207100 1.800000 0.000000 0.000000
10000 9 G -187.564758 -12.300001 -81.964500 2.150000 0.000000 0.000000
10000 10 P -185.325195 -14.176021 -86.669098 2.110000 -1.000000 0.000000
10000 11 S -188.173050 -12.049037 -88.373802 1.800000 0.000000 0.000000
10000 12 C -188.068115 -9.412705 -85.995056 2.150000 0.000000 0.000000
10000 13 P -185.066803 -10.819975 -90.394043 2.110000 -1.000000 0.000000
10000 14 S -185.929855 -7.222922 -91.785553 1.800000 0.000000 0.000000
10000 15 G -185.281662 -5.677876 -88.766342 2.150000 0.000000 0.000000
10000 16 P -182.332764 -6.683669 -93.219917 2.110000 -1.000000 0.000000
10000 17 S -182.777390 -2.738291 -93.750648 1.800000 0.000000 0.000000
10000 18 C -183.581772 -2.999380 -97.087509 2.150000 0.000000 0.000000
10000 19 P -179.067917 -1.992050 -92.979050 2.110000 -1.000000 0.000000
10000 20 S -181.371597 1.012788 -91.971748 1.800000 0.000000 0.000000
10000 21 A -184.096329 -0.814497 -90.778389 2.150000 0.000000 0.000000
10000 22 P -179.310303 1.653841 -88.942734 2.110000 -1.000000 0.000000
10000 23 S -182.872513 2.333831 -87.083847 1.800000 0.000000 0.000000
10000 24 A -184.925629 -0.355437 -87.143929 2.150000 0.000000 0.000000
10000 25 P -183.011520 3.388921 -83.297180 2.110000 -1.000000 0.000000
10000 26 S -186.776428 2.273720 -82.925446 1.800000 0.000000 0.000000
10000 27 G -187.626358 -0.683983 -84.310226 2.150000 0.000000 0.000000
10000 28 P -187.138199 1.252508 -79.366539 2.110000 -1.000000 0.000000
10000 29 S -190.473419 -0.821716 -79.792519 1.800000 0.000000 0.000000
10000 30 C -189.071747 -3.653952 -81.032608 2.150000 0.000000 0.000000
10000 31 P -192.160660 -1.706479 -76.338013 2.110000 -1.000000 0.000000
10000 32 S -193.924301 -4.978505 -77.560852 1.800000 0.000000 0.000000
10000 33 C -190.943268 -6.767860 -77.320473 2.150000 0.000000 0.000000
10000 34 P -195.496338 -6.375376 -74.308998 2.110000 -1.000000 0.000000
10000 35 S -195.230591 -10.136694 -75.180374 1.800000 0.000000 0.000000
10000 36 U -191.863052 -10.225734 -74.276543 2.150000 0.000000 0.000000
10000 37 P -196.355499 -12.393688 -72.344589 2.110000 -1.000000 0.000000
