0.100000 0.172889 1.000000
0.200000 0.172948 0.999814
0.300000 0.173006 0.999628
0.400000 0.173069 0.999442
0.500000 0.173132 0.999255
0.600000 0.173191 0.999067
0.700000 0.173253 0.998879
0.800000 0.173316 0.998691
0.900000 0.173382 0.998502
1.000000 0.173443 0.998313
1.100000 0.173507 0.998124
1.200000 0.173569 0.997933
1.300000 0.173633 0.997743
1.400000 0.173698 0.997552
1.500000 0.173765 0.997361
1.600000 0.173831 0.997169
1.700000 0.173896 0.996977
1.800000 0.173962 0.996785
1.900000 0.174029 0.996592
2.000000 0.174095 0.996399
2.100000 0.174162 0.996205
2.200000 0.174232 0.996011
2.300000 0.174301 0.995816
2.400000 0.174367 0.995621
2.500000 0.174436 0.995426
2.600000 0.174506 0.995230
2.700000 0.174578 0.995034
2.800000 0.174648 0.994837
2.900000 0.174717 0.994640
3.000000 0.174787 0.994442
3.100000 0.174862 0.994245
3.200000 0.174932 0.994046
3.300000 0.175004 0.993848
3.400000 0.175076 0.993649
3.500000 0.175150 0.993449
3.600000 0.175221 0.993249
3.700000 0.175295 0.993049
3.800000 0.175370 0.992848
3.900000 0.175446 0.992647
4.000000 0.175520 0.992445
4.100000 0.175597 0.992243
4.200000 0.175669 0.992041
4.300000 0.175747 0.991838
4.400000 0.175823 0.991635
4.500000 0.175897 0.991431
4.600000 0.175975 0.991228
4.700000 0.176053 0.991023
4.800000 0.176130 0.990818
4.900000 0.176208 0.990613
5.000000 0.176287 0.990408
5.100000 0.176366 0.990202
5.200000 0.176444 0.989995
5.300000 0.176525 0.989789
5.400000 0.176604 0.989582
5.500000 0.176685 0.989374
5.600000 0.176766 0.989166
5.700000 0.176846 0.988958
5.800000 0.176926 0.988749
5.900000 0.177010 0.988540
6.000000 0.177092 0.988331
6.100000 0.177174 0.988120
6.200000 0.177257 0.987910
6.300000 0.177342 0.987700
6.400000 0.177423 0.987488
6.500000 0.177508 0.987277
6.600000 0.177590 0.987065
6.700000 0.177676 0.986853
6.800000 0.177761 0.986640
6.900000 0.177849 0.986427
7.000000 0.177933 0.986214
7.100000 0.178019 0.986000
7.200000 0.178105 0.985786
7.300000 0.178191 0.985571
7.400000 0.178279 0.985356
7.500000 0.178365 0.985141
7.600000 0.178453 0.984925
7.700000 0.178542 0.984709
7.800000 0.178629 0.984493
7.900000 0.178719 0.984276
8.000000 0.178807 0.984059
8.100000 0.178899 0.983841
8.200000 0.178987 0.983623
8.300000 0.179078 0.983405
8.400000 0.179167 0.983186
8.500000 0.179256 0.982967
8.600000 0.179349 0.982747
8.700000 0.179440 0.982527
8.800000 0.179531 0.982307
8.900000 0.179625 0.982086
9.000000 0.179716 0.981865
9.100000 0.179809 0.981644
9.200000 0.179901 0.981422
9.300000 0.179993 0.981200
9.400000 0.180090 0.980977
9.500000 0.180183 0.980755
9.600000 0.180278 0.980531
9.700000 0.180373 0.980307
9.800000 0.180468 0.980083
9.900000 0.180562 0.979859
10.000000 0.180659 0.979634
10.100000 0.180754 0.979409
10.200000 0.180850 0.979184
10.300000 0.180948 0.978958
10.400000 0.181044 0.978731
10.500000 0.181141 0.978505
10.600000 0.181239 0.978278
10.700000 0.181338 0.978050
10.800000 0.181436 0.977823
10.900000 0.181532 0.977595
11.000000 0.181632 0.977366
11.100000 0.181732 0.977137
11.200000 0.181830 0.976908
11.300000 0.181932 0.976678
11.400000 0.182029 0.976448
11.500000 0.182131 0.976218
11.600000 0.182230 0.975987
11.700000 0.182333 0.975757
11.800000 0.182437 0.975525
11.900000 0.182537 0.975293
12.000000 0.182640 0.975061
12.100000 0.182740 0.974828
12.200000 0.182844 0.974596
12.300000 0.182947 0.974362
12.400000 0.183050 0.974129
12.500000 0.183152 0.973895
12.600000 0.183256 0.973660
12.700000 0.183361 0.973426
12.800000 0.183465 0.973191
12.900000 0.183570 0.972955
13.000000 0.183675 0.972720
13.100000 0.183779 0.972483
13.200000 0.183885 0.972247
13.300000 0.183991 0.972010
13.400000 0.184098 0.971773
13.500000 0.184205 0.971535
13.600000 0.184313 0.971297
13.700000 0.184419 0.971059
13.800000 0.184526 0.970820
13.900000 0.184634 0.970581
14.000000 0.184743 0.970342
14.100000 0.184850 0.970102
14.200000 0.184961 0.969862
14.300000 0.185071 0.969622
14.400000 0.185179 0.969381
14.500000 0.185287 0.969140
14.600000 0.185396 0.968898
14.700000 0.185508 0.968656
14.800000 0.185619 0.968414
14.900000 0.185729 0.968171
15.000000 0.185841 0.967928
15.100000 0.185952 0.967685
15.200000 0.186064 0.967442
15.300000 0.186176 0.967198
15.400000 0.186289 0.966953
15.500000 0.186402 0.966708
15.600000 0.186516 0.966463
15.700000 0.186628 0.966218
15.800000 0.186741 0.965972
15.900000 0.186855 0.965726
16.000000 0.186971 0.965479
16.100000 0.187087 0.965232
16.200000 0.187199 0.964985
16.300000 0.187315 0.964737
16.400000 0.187433 0.964489
16.500000 0.187546 0.964241
16.600000 0.187663 0.963993
16.700000 0.187781 0.963744
16.800000 0.187898 0.963494
16.900000 0.188016 0.963244
17.000000 0.188131 0.962994
17.100000 0.188252 0.962744
17.200000 0.188370 0.962493
17.300000 0.188487 0.962242
17.400000 0.188606 0.961990
17.500000 0.188726 0.961738
17.600000 0.188847 0.961486
17.700000 0.188965 0.961234
17.800000 0.189089 0.960980
17.900000 0.189209 0.960727
18.000000 0.189328 0.960473
18.100000 0.189451 0.960220
18.200000 0.189573 0.959965
18.300000 0.189695 0.959710
18.400000 0.189818 0.959455
18.500000 0.189937 0.959200
18.600000 0.190064 0.958944
18.700000 0.190186 0.958687
18.800000 0.190310 0.958431
18.900000 0.190436 0.958174
19.000000 0.190559 0.957917
19.100000 0.190686 0.957659
19.200000 0.190811 0.957401
19.300000 0.190936 0.957143
19.400000 0.191062 0.956884
19.500000 0.191191 0.956625
19.600000 0.191316 0.956366
19.700000 0.191444 0.956106
19.800000 0.191571 0.955845
19.900000 0.191699 0.955585
20.000000 0.191829 0.955324
20.100000 0.191957 0.955063
20.200000 0.192088 0.954801
20.300000 0.192218 0.954539
20.400000 0.192348 0.954276
20.500000 0.192479 0.954014
20.600000 0.192611 0.953750
20.700000 0.192742 0.953487
20.800000 0.192872 0.953223
20.900000 0.193004 0.952959
21.000000 0.193139 0.952694
21.100000 0.193271 0.952429
21.200000 0.193405 0.952164
21.300000 0.193542 0.951898
21.400000 0.193676 0.951632
21.500000 0.193810 0.951365
21.600000 0.193946 0.951098
21.700000 0.194084 0.950831
21.800000 0.194217 0.950563
21.900000 0.194354 0.950295
22.000000 0.194495 0.950027
22.100000 0.194632 0.949758
22.200000 0.194772 0.949489
22.300000 0.194908 0.949219
22.400000 0.195051 0.948949
22.500000 0.195190 0.948679
22.600000 0.195331 0.948408
22.700000 0.195472 0.948137
22.800000 0.195614 0.947865
22.900000 0.195757 0.947594
23.000000 0.195900 0.947321
23.100000 0.196041 0.947049
23.200000 0.196185 0.946776
23.300000 0.196329 0.946502
23.400000 0.196477 0.946228
23.500000 0.196620 0.945954
23.600000 0.196769 0.945679
23.700000 0.196914 0.945404
23.800000 0.197061 0.945129
23.900000 0.197208 0.944853
24.000000 0.197358 0.944577
24.100000 0.197508 0.944300
24.200000 0.197656 0.944023
24.300000 0.197809 0.943745
24.400000 0.197960 0.943467
24.500000 0.198111 0.943189
24.600000 0.198262 0.942910
24.700000 0.198417 0.942631
24.800000 0.198569 0.942351
24.900000 0.198725 0.942071
25.000000 0.198880 0.941791
25.100000 0.199035 0.941510
25.200000 0.199192 0.941228
25.300000 0.199349 0.940947
25.400000 0.199507 0.940665
25.500000 0.199665 0.940382
25.600000 0.199824 0.940099
25.700000 0.199985 0.939816
25.800000 0.200148 0.939532
25.900000 0.200308 0.939247
26.000000 0.200470 0.938963
26.100000 0.200633 0.938677
26.200000 0.200799 0.938392
26.300000 0.200963 0.938106
26.400000 0.201129 0.937819
26.500000 0.201295 0.937532
26.600000 0.201463 0.937244
26.700000 0.201630 0.936957
26.800000 0.201800 0.936668
26.900000 0.201969 0.936379
27.000000 0.202140 0.936090
27.100000 0.202313 0.935801
27.200000 0.202484 0.935510
27.300000 0.202660 0.935219
27.400000 0.202832 0.934928
27.500000 0.203009 0.934637
27.600000 0.203184 0.934344
27.700000 0.203364 0.934052
27.800000 0.203538 0.933758
27.900000 0.203721 0.933465
28.000000 0.203900 0.933171
28.100000 0.204084 0.932876
28.200000 0.204262 0.932581
28.300000 0.204445 0.932286
28.400000 0.204631 0.931990
28.500000 0.204817 0.931693
28.600000 0.205003 0.931396
28.700000 0.205192 0.931098
28.800000 0.205380 0.930800
28.900000 0.205568 0.930501
29.000000 0.205762 0.930202
29.100000 0.205951 0.929903
29.200000 0.206144 0.929603
29.300000 0.206339 0.929302
29.400000 0.206534 0.929000
29.500000 0.206732 0.928699
29.600000 0.206931 0.928396
29.700000 0.207129 0.928093
29.800000 0.207330 0.927790
29.900000 0.207532 0.927486
30.000000 0.207736 0.927181
30.100000 0.207941 0.926876
30.200000 0.208146 0.926570
30.300000 0.208353 0.926264
30.400000 0.208561 0.925957
30.500000 0.208771 0.925650
30.600000 0.208981 0.925342
30.700000 0.209194 0.925033
30.800000 0.209409 0.924724
30.900000 0.209623 0.924414
31.000000 0.209840 0.924104
31.100000 0.210058 0.923793
31.200000 0.210278 0.923481
31.300000 0.210500 0.923169
31.400000 0.210723 0.922856
31.500000 0.210948 0.922543
31.600000 0.211172 0.922229
31.700000 0.211397 0.921914
31.800000 0.211628 0.921599
31.900000 0.211860 0.921283
32.000000 0.212090 0.920966
32.100000 0.212326 0.920649
32.200000 0.212562 0.920331
32.300000 0.212798 0.920012
32.400000 0.213036 0.919693
32.500000 0.213278 0.919373
32.600000 0.213520 0.919053
32.700000 0.213765 0.918731
32.800000 0.214010 0.918409
32.900000 0.214259 0.918087
33.000000 0.214510 0.917763
33.100000 0.214761 0.917439
33.200000 0.215014 0.917114
33.300000 0.215269 0.916789
33.400000 0.215525 0.916462
33.500000 0.215788 0.916135
33.600000 0.216049 0.915808
33.700000 0.216310 0.915479
33.800000 0.216577 0.915150
33.900000 0.216845 0.914820
34.000000 0.217113 0.914490
34.100000 0.217388 0.914158
34.200000 0.217660 0.913826
34.300000 0.217936 0.913493
34.400000 0.218214 0.913159
34.500000 0.218494 0.912824
34.600000 0.218778 0.912489
34.700000 0.219063 0.912153
34.800000 0.219351 0.911816
34.900000 0.219638 0.911478
35.000000 0.219932 0.911139
35.100000 0.220221 0.910799
35.200000 0.220522 0.910459
35.300000 0.220821 0.910118
35.400000 0.221122 0.909776
35.500000 0.221428 0.909433
35.600000 0.221734 0.909089
35.700000 0.222044 0.908744
35.800000 0.222355 0.908399
35.900000 0.222669 0.908052
36.000000 0.222988 0.907705
36.100000 0.223304 0.907356
36.200000 0.223628 0.907007
36.300000 0.223953 0.906657
36.400000 0.224281 0.906306
36.500000 0.224609 0.905954
36.600000 0.224944 0.905601
36.700000 0.225282 0.905246
36.800000 0.225621 0.904891
36.900000 0.225963 0.904535
37.000000 0.226308 0.904179
37.100000 0.226658 0.903820
37.200000 0.227007 0.903462
37.300000 0.227364 0.903102
37.400000 0.227718 0.902740
37.500000 0.228080 0.902378
37.600000 0.228443 0.902015
37.700000 0.228809 0.901651
37.800000 0.229180 0.901286
37.900000 0.229552 0.900919
38.000000 0.229930 0.900552
38.100000 0.230310 0.900183
38.200000 0.230690 0.899814
38.300000 0.231078 0.899443
38.400000 0.231469 0.899071
38.500000 0.231860 0.898698
38.600000 0.232257 0.898323
38.700000 0.232658 0.897948
38.800000 0.233063 0.897571
38.900000 0.233467 0.897193
39.000000 0.233883 0.896815
39.100000 0.234297 0.896435
39.200000 0.234719 0.896053
39.300000 0.235138 0.895670
39.400000 0.235565 0.895287
39.500000 0.235993 0.894901
39.600000 0.236429 0.894515
39.700000 0.236872 0.894127
39.800000 0.237310 0.893738
39.900000 0.237755 0.893348
40.000000 0.238208 0.892956
40.100000 0.238663 0.892563
40.200000 0.239120 0.892168
40.300000 0.239579 0.891773
40.400000 0.240049 0.891376
40.500000 0.240521 0.890977
40.600000 0.240999 0.890577
40.700000 0.241475 0.890176
40.800000 0.241960 0.889773
40.900000 0.242450 0.889369
41.000000 0.242941 0.888964
41.100000 0.243440 0.888557
41.200000 0.243944 0.888148
41.300000 0.244450 0.887738
41.400000 0.244961 0.887327
41.500000 0.245479 0.886913
41.600000 0.246000 0.886499
41.700000 0.246527 0.886082
41.800000 0.247058 0.885665
41.900000 0.247592 0.885245
42.000000 0.248134 0.884824
42.100000 0.248681 0.884402
42.200000 0.249231 0.883978
42.300000 0.249785 0.883552
42.400000 0.250348 0.883124
42.500000 0.250915 0.882694
42.600000 0.251486 0.882264
42.700000 0.252062 0.881831
42.800000 0.252645 0.881397
42.900000 0.253234 0.880960
43.000000 0.253826 0.880522
43.100000 0.254427 0.880083
43.200000 0.255028 0.879641
43.300000 0.255638 0.879198
43.400000 0.256254 0.878753
43.500000 0.256878 0.878306
43.600000 0.257503 0.877857
43.700000 0.258136 0.877406
43.800000 0.258774 0.876953
43.900000 0.259419 0.876499
44.000000 0.260071 0.876042
44.100000 0.260728 0.875584
44.200000 0.261388 0.875123
44.300000 0.262058 0.874661
44.400000 0.262735 0.874196
44.500000 0.263413 0.873730
44.600000 0.264103 0.873261
44.700000 0.264800 0.872790
44.800000 0.265499 0.872318
44.900000 0.266203 0.871842
45.000000 0.266919 0.871365
45.100000 0.267639 0.870886
45.200000 0.268368 0.870405
45.300000 0.269099 0.869921
45.400000 0.269838 0.869435
45.500000 0.270583 0.868947
45.600000 0.271338 0.868457
45.700000 0.272103 0.867964
45.800000 0.272867 0.867469
45.900000 0.273643 0.866972
46.000000 0.274422 0.866472
46.100000 0.275211 0.865971
46.200000 0.276007 0.865466
46.300000 0.276812 0.864959
46.400000 0.277622 0.864450
46.500000 0.278439 0.863938
46.600000 0.279265 0.863424
46.700000 0.280098 0.862908
46.800000 0.280938 0.862388
46.900000 0.281785 0.861866
47.000000 0.282644 0.861342
47.100000 0.283508 0.860815
47.200000 0.284375 0.860286
47.300000 0.285255 0.859753
47.400000 0.286143 0.859218
47.500000 0.287035 0.858681
47.600000 0.287940 0.858140
47.700000 0.288849 0.857597
47.800000 0.289769 0.857052
47.900000 0.290694 0.856503
48.000000 0.291630 0.855951
48.100000 0.292575 0.855397
48.200000 0.293525 0.854840
48.300000 0.294487 0.854279
48.400000 0.295455 0.853717
48.500000 0.296432 0.853150
48.600000 0.297415 0.852581
48.700000 0.298411 0.852010
48.800000 0.299416 0.851434
48.900000 0.300423 0.850856
49.000000 0.301446 0.850275
49.100000 0.302476 0.849690
49.200000 0.303511 0.849103
49.300000 0.304558 0.848513
49.400000 0.305618 0.847919
49.500000 0.306680 0.847322
49.600000 0.307757 0.846722
49.700000 0.308841 0.846118
49.800000 0.309933 0.845511
49.900000 0.311036 0.844901
50.000000 0.312145 0.844287
50.100000 0.313266 0.843670
50.200000 0.314397 0.843050
50.300000 0.315535 0.842426
50.400000 0.316687 0.841798
50.500000 0.317846 0.841168
50.600000 0.319013 0.840533
50.700000 0.320190 0.839895
50.800000 0.321378 0.839253
50.900000 0.322576 0.838608
51.000000 0.323783 0.837959
51.100000 0.324997 0.837306
51.200000 0.326227 0.836650
51.300000 0.327464 0.835990
51.400000 0.328712 0.835326
51.500000 0.329966 0.834658
51.600000 0.331239 0.833987
51.700000 0.332515 0.833311
51.800000 0.333800 0.832632
51.900000 0.335098 0.831949
52.000000 0.336409 0.831262
52.100000 0.337724 0.830570
52.200000 0.339056 0.829874
52.300000 0.340396 0.829175
52.400000 0.341748 0.828472
52.500000 0.343106 0.827764
52.600000 0.344475 0.827052
52.700000 0.345859 0.826336
52.800000 0.347251 0.825616
52.900000 0.348655 0.824892
53.000000 0.350066 0.824163
53.100000 0.351488 0.823430
53.200000 0.352928 0.822692
53.300000 0.354369 0.821950
53.400000 0.355828 0.821204
53.500000 0.357293 0.820453
53.600000 0.358772 0.819697
53.700000 0.360262 0.818937
53.800000 0.361760 0.818173
53.900000 0.363272 0.817404
54.000000 0.364791 0.816630
54.100000 0.366324 0.815852
54.200000 0.367864 0.815069
54.300000 0.369423 0.814281
54.400000 0.370991 0.813489
54.500000 0.372567 0.812691
54.600000 0.374154 0.811889
54.700000 0.375753 0.811082
54.800000 0.377361 0.810270
54.900000 0.378987 0.809453
55.000000 0.380614 0.808631
55.100000 0.382257 0.807804
55.200000 0.383912 0.806972
55.300000 0.385582 0.806135
55.400000 0.387257 0.805293
55.500000 0.388942 0.804446
55.600000 0.390641 0.803593
55.700000 0.392350 0.802736
55.800000 0.394070 0.801873
55.900000 0.395805 0.801005
56.000000 0.397541 0.800131
56.100000 0.399304 0.799252
56.200000 0.401069 0.798368
56.300000 0.402842 0.797478
56.400000 0.404632 0.796583
56.500000 0.406429 0.795682
56.600000 0.408238 0.794776
56.700000 0.410060 0.793864
56.800000 0.411895 0.792947
56.900000 0.413737 0.792024
57.000000 0.415587 0.791096
57.100000 0.417452 0.790161
57.200000 0.419329 0.789222
57.300000 0.421215 0.788276
57.400000 0.423112 0.787324
57.500000 0.425016 0.786367
57.600000 0.426934 0.785404
57.700000 0.428867 0.784435
57.800000 0.430807 0.783459
57.900000 0.432758 0.782479
58.000000 0.434720 0.781491
58.100000 0.436688 0.780499
58.200000 0.438671 0.779499
58.300000 0.440662 0.778494
58.400000 0.442666 0.777483
58.500000 0.444677 0.776466
58.600000 0.446700 0.775442
58.700000 0.448730 0.774412
58.800000 0.450775 0.773376
58.900000 0.452822 0.772334
59.000000 0.454893 0.771285
59.100000 0.456961 0.770230
59.200000 0.459040 0.769169
59.300000 0.461132 0.768101
59.400000 0.463237 0.767027
59.500000 0.465349 0.765947
59.600000 0.467467 0.764860
59.700000 0.469596 0.763766
59.800000 0.471732 0.762666
59.900000 0.473882 0.761559
60.000000 0.476032 0.760446
60.100000 0.478204 0.759326
60.200000 0.480371 0.758200
60.300000 0.482555 0.757066
60.400000 0.484750 0.755927
60.500000 0.486944 0.754780
60.600000 0.489159 0.753627
60.700000 0.491372 0.752466
60.800000 0.493592 0.751300
60.900000 0.495822 0.750126
61.000000 0.498066 0.748945
61.100000 0.500314 0.747758
61.200000 0.502564 0.746563
61.300000 0.504827 0.745362
61.400000 0.507096 0.744154
61.500000 0.509373 0.742939
61.600000 0.511656 0.741717
61.700000 0.513943 0.740488
61.800000 0.516241 0.739251
61.900000 0.518540 0.738008
62.000000 0.520847 0.736758
62.100000 0.523161 0.735500
62.200000 0.525481 0.734236
62.300000 0.527810 0.732964
62.400000 0.530138 0.731686
62.500000 0.532474 0.730400
62.600000 0.534817 0.729107
62.700000 0.537165 0.727807
62.800000 0.539516 0.726499
62.900000 0.541874 0.725184
63.000000 0.544226 0.723863
63.100000 0.546593 0.722534
63.200000 0.548963 0.721197
63.300000 0.551332 0.719854
63.400000 0.553706 0.718503
63.500000 0.556089 0.717145
63.600000 0.558468 0.715779
63.700000 0.560854 0.714407
63.800000 0.563234 0.713027
63.900000 0.565623 0.711639
64.000000 0.568017 0.710245
64.100000 0.570405 0.708843
64.200000 0.572799 0.707433
64.300000 0.575195 0.706017
64.400000 0.577600 0.704593
64.500000 0.579994 0.703161
64.600000 0.582388 0.701723
64.700000 0.584788 0.700277
64.800000 0.587189 0.698824
64.900000 0.589587 0.697363
65.000000 0.591982 0.695895
65.100000 0.594386 0.694419
65.200000 0.596779 0.692936
65.300000 0.599171 0.691446
65.400000 0.601567 0.689949
65.500000 0.603960 0.688444
65.600000 0.606349 0.686932
65.700000 0.608739 0.685413
65.800000 0.611122 0.683886
65.900000 0.613505 0.682352
66.000000 0.615878 0.680811
66.100000 0.618249 0.679262
66.200000 0.620629 0.677707
66.300000 0.622993 0.676144
66.400000 0.625362 0.674573
66.500000 0.627720 0.672996
66.600000 0.630070 0.671411
66.700000 0.632420 0.669819
66.800000 0.634761 0.668220
66.900000 0.637097 0.666614
67.000000 0.639429 0.665000
67.100000 0.641750 0.663380
67.200000 0.644064 0.661752
67.300000 0.646369 0.660117
67.400000 0.648669 0.658476
67.500000 0.650970 0.656827
67.600000 0.653251 0.655171
67.700000 0.655531 0.653508
67.800000 0.657804 0.651838
67.900000 0.660059 0.650162
68.000000 0.662307 0.648478
68.100000 0.664552 0.646787
68.200000 0.666780 0.645090
68.300000 0.668994 0.643386
68.400000 0.671203 0.641675
68.500000 0.673399 0.639958
68.600000 0.675587 0.638233
68.700000 0.677764 0.636502
68.800000 0.679929 0.634765
68.900000 0.682062 0.633020
69.000000 0.684220 0.631270
69.100000 0.686328 0.629512
69.200000 0.688446 0.627749
69.300000 0.690548 0.625979
69.400000 0.692625 0.624202
69.500000 0.694686 0.622419
69.600000 0.696748 0.620630
69.700000 0.698775 0.618834
69.800000 0.700802 0.617033
69.900000 0.702810 0.615225
70.000000 0.704805 0.613411
70.100000 0.706768 0.611591
70.200000 0.708727 0.609765
70.300000 0.710670 0.607933
70.400000 0.712584 0.606095
70.500000 0.714494 0.604251
70.600000 0.716382 0.602402
70.700000 0.718243 0.600546
70.800000 0.720094 0.598685
70.900000 0.721933 0.596819
71.000000 0.723737 0.594947
71.100000 0.725528 0.593069
71.200000 0.727297 0.591186
71.300000 0.729048 0.589298
71.400000 0.730773 0.587404
71.500000 0.732496 0.585505
71.600000 0.734185 0.583601
71.700000 0.735850 0.581691
71.800000 0.737485 0.579777
71.900000 0.739121 0.577858
72.000000 0.740716 0.575933
72.100000 0.742296 0.574004
72.200000 0.743844 0.572070
72.300000 0.745380 0.570132
72.400000 0.746884 0.568188
72.500000 0.748366 0.566240
72.600000 0.749833 0.564288
72.700000 0.751260 0.562331
72.800000 0.752671 0.560370
72.900000 0.754067 0.558405
73.000000 0.755412 0.556435
73.100000 0.756748 0.554462
73.200000 0.758060 0.552484
73.300000 0.759349 0.550502
73.400000 0.760607 0.548517
73.500000 0.761840 0.546528
73.600000 0.763043 0.544535
73.700000 0.764213 0.542538
73.800000 0.765371 0.540538
73.900000 0.766492 0.538534
74.000000 0.767594 0.536527
74.100000 0.768661 0.534517
74.200000 0.769705 0.532503
74.300000 0.770705 0.530487
74.400000 0.771701 0.528467
74.500000 0.772651 0.526444
74.600000 0.773583 0.524419
74.700000 0.774481 0.522391
74.800000 0.775344 0.520360
74.900000 0.776182 0.518326
75.000000 0.776987 0.516290
75.100000 0.777777 0.514252
75.200000 0.778534 0.512211
75.300000 0.779251 0.510168
75.400000 0.779943 0.508123
75.500000 0.780605 0.506076
75.600000 0.781239 0.504026
75.700000 0.781839 0.501976
75.800000 0.782413 0.499923
75.900000 0.782951 0.497868
76.000000 0.783451 0.495812
76.100000 0.783942 0.493754
76.200000 0.784394 0.491695
76.300000 0.784815 0.489635
76.400000 0.785199 0.487574
76.500000 0.785554 0.485511
76.600000 0.785869 0.483448
76.700000 0.786166 0.481383
76.800000 0.786436 0.479318
76.900000 0.786656 0.477252
77.000000 0.786864 0.475185
77.100000 0.787036 0.473118
77.200000 0.787171 0.471050
77.300000 0.787272 0.468982
77.400000 0.787352 0.466914
77.500000 0.787404 0.464845
77.600000 0.787418 0.462777
77.700000 0.787389 0.460708
77.800000 0.787335 0.458640
77.900000 0.787262 0.456572
78.000000 0.787151 0.454504
78.100000 0.787006 0.452437
78.200000 0.786843 0.450370
78.300000 0.786620 0.448304
78.400000 0.786377 0.446238
78.500000 0.786120 0.444174
78.600000 0.785812 0.442110
78.700000 0.785479 0.440047
78.800000 0.785132 0.437985
78.900000 0.784735 0.435925
79.000000 0.784315 0.433865
79.100000 0.783854 0.431807
79.200000 0.783369 0.429751
79.300000 0.782860 0.427696
79.400000 0.782317 0.425643
79.500000 0.781745 0.423591
79.600000 0.781135 0.421542
79.700000 0.780516 0.419494
79.800000 0.779855 0.417448
79.900000 0.779145 0.415405
80.000000 0.778424 0.413363
80.100000 0.777676 0.411324
80.200000 0.776897 0.409287
80.300000 0.776092 0.407253
80.400000 0.775237 0.405221
80.500000 0.774364 0.403192
80.600000 0.773475 0.401166
80.700000 0.772538 0.399142
80.800000 0.771597 0.397122
80.900000 0.770606 0.395104
81.000000 0.769611 0.393089
81.100000 0.768569 0.391078
81.200000 0.767512 0.389070
81.300000 0.766421 0.387065
81.400000 0.765301 0.385064
81.500000 0.764155 0.383066
81.600000 0.762984 0.381071
81.700000 0.761787 0.379080
81.800000 0.760573 0.377093
81.900000 0.759338 0.375110
82.000000 0.758043 0.373131
82.100000 0.756760 0.371156
82.200000 0.755408 0.369184
82.300000 0.754069 0.367217
82.400000 0.752691 0.365255
82.500000 0.751307 0.363296
82.600000 0.749879 0.361341
82.700000 0.748445 0.359392
82.800000 0.746958 0.357446
82.900000 0.745463 0.355505
83.000000 0.743946 0.353569
83.100000 0.742412 0.351638
83.200000 0.740851 0.349711
83.300000 0.739273 0.347789
83.400000 0.737675 0.345872
83.500000 0.736043 0.343960
83.600000 0.734378 0.342053
83.700000 0.732725 0.340151
83.800000 0.731028 0.338255
83.900000 0.729317 0.336363
84.000000 0.727593 0.334477
84.100000 0.725841 0.332596
84.200000 0.724066 0.330721
84.300000 0.722279 0.328851
84.400000 0.720477 0.326987
84.500000 0.718652 0.325128
84.600000 0.716791 0.323275
84.700000 0.714936 0.321427
84.800000 0.713059 0.319585
84.900000 0.711160 0.317749
85.000000 0.709236 0.315920
85.100000 0.707300 0.314095
85.200000 0.705345 0.312277
85.300000 0.703392 0.310465
85.400000 0.701418 0.308659
85.500000 0.699397 0.306859
85.600000 0.697396 0.305065
85.700000 0.695379 0.303278
85.800000 0.693334 0.301497
85.900000 0.691275 0.299721
86.000000 0.689213 0.297953
86.100000 0.687123 0.296190
86.200000 0.685036 0.294435
86.300000 0.682925 0.292685
86.400000 0.680789 0.290942
86.500000 0.678660 0.289206
86.600000 0.676509 0.287476
86.700000 0.674367 0.285753
86.800000 0.672190 0.284036
86.900000 0.670019 0.282326
87.000000 0.667806 0.280623
87.100000 0.665598 0.278927
87.200000 0.663404 0.277237
87.300000 0.661167 0.275555
87.400000 0.658938 0.273879
87.500000 0.656692 0.272210
87.600000 0.654436 0.270547
87.700000 0.652167 0.268892
87.800000 0.649911 0.267244
87.900000 0.647612 0.265603
88.000000 0.645316 0.263968
88.100000 0.643035 0.262341
88.200000 0.640732 0.260721
88.300000 0.638435 0.259108
88.400000 0.636114 0.257502
88.500000 0.633796 0.255903
88.600000 0.631466 0.254311
88.700000 0.629142 0.252726
88.800000 0.626780 0.251149
88.900000 0.624443 0.249579
89.000000 0.622097 0.248015
89.100000 0.619742 0.246459
89.200000 0.617378 0.244911
89.300000 0.615016 0.243369
89.400000 0.612639 0.241835
89.500000 0.610268 0.240308
89.600000 0.607896 0.238789
89.700000 0.605506 0.237277
89.800000 0.603133 0.235772
89.900000 0.600734 0.234274
90.000000 0.598359 0.232784
90.100000 0.595976 0.231301
90.200000 0.593573 0.229825
90.300000 0.591187 0.228356
90.400000 0.588788 0.226895
90.500000 0.586382 0.225442
90.600000 0.583989 0.223995
90.700000 0.581594 0.222556
90.800000 0.579196 0.221125
90.900000 0.576811 0.219701
91.000000 0.574393 0.218284
91.100000 0.571999 0.216874
91.200000 0.569592 0.215472
91.300000 0.567199 0.214077
91.400000 0.564782 0.212689
91.500000 0.562386 0.211309
91.600000 0.559981 0.209936
91.700000 0.557617 0.208571
91.800000 0.555205 0.207213
91.900000 0.552817 0.205862
92.000000 0.550413 0.204518
92.100000 0.548036 0.203182
92.200000 0.545660 0.201853
92.300000 0.543277 0.200532
92.400000 0.540895 0.199218
92.500000 0.538522 0.197911
92.600000 0.536134 0.196611
92.700000 0.533783 0.195318
92.800000 0.531408 0.194033
92.900000 0.529027 0.192755
93.000000 0.526665 0.191485
93.100000 0.524322 0.190221
93.200000 0.521972 0.188965
93.300000 0.519612 0.187716
93.400000 0.517273 0.186474
93.500000 0.514938 0.185239
93.600000 0.512601 0.184012
93.700000 0.510266 0.182791
93.800000 0.507934 0.181578
93.900000 0.505633 0.180372
94.000000 0.503295 0.179172
94.100000 0.500996 0.177980
94.200000 0.498703 0.176795
94.300000 0.496399 0.175617
94.400000 0.494116 0.174446
94.500000 0.491816 0.173282
94.600000 0.489543 0.172125
94.700000 0.487268 0.170975
94.800000 0.485002 0.169832
94.900000 0.482764 0.168696
95.000000 0.480492 0.167567
95.100000 0.478250 0.166445
95.200000 0.476006 0.165329
95.300000 0.473776 0.164221
95.400000 0.471536 0.163119
95.500000 0.469331 0.162024
95.600000 0.467097 0.160935
95.700000 0.464907 0.159854
95.800000 0.462702 0.158779
95.900000 0.460503 0.157711
96.000000 0.458323 0.156650
96.100000 0.456158 0.155595
96.200000 0.453985 0.154547
96.300000 0.451828 0.153505
96.400000 0.449658 0.152471
96.500000 0.447535 0.151442
96.600000 0.445383 0.150420
96.700000 0.443257 0.149405
96.800000 0.441143 0.148396
96.900000 0.439037 0.147394
97.000000 0.436931 0.146398
97.100000 0.434839 0.145409
97.200000 0.432750 0.144426
97.300000 0.430677 0.143449
97.400000 0.428606 0.142479
97.500000 0.426552 0.141514
97.600000 0.424494 0.140557
97.700000 0.422440 0.139605
97.800000 0.420412 0.138660
97.900000 0.418390 0.137721
98.000000 0.416376 0.136788
98.100000 0.414375 0.135861
98.200000 0.412371 0.134940
98.300000 0.410394 0.134025
98.400000 0.408423 0.133117
98.500000 0.406437 0.132214
98.600000 0.404471 0.131318
98.700000 0.402528 0.130427
98.800000 0.400579 0.129542
98.900000 0.398649 0.128664
99.000000 0.396714 0.127791
99.100000 0.394780 0.126924
99.200000 0.392892 0.126063
99.300000 0.391001 0.125207
99.400000 0.389107 0.124358
99.500000 0.387220 0.123514
99.600000 0.385358 0.122676
99.700000 0.383520 0.121843
99.800000 0.381658 0.121017
99.900000 0.379807 0.120195
100.000000 0.377982 0.119380
100.100000 0.376171 0.118570
100.200000 0.374368 0.117765
100.300000 0.372545 0.116966
100.400000 0.370745 0.116173
100.500000 0.368960 0.115385
100.600000 0.367193 0.114602
100.700000 0.365447 0.113825
100.800000 0.363675 0.113053
100.900000 0.361922 0.112287
101.000000 0.360191 0.111525
101.100000 0.358484 0.110770
101.200000 0.356767 0.110019
101.300000 0.355046 0.109273
101.400000 0.353354 0.108533
101.500000 0.351670 0.107798
101.600000 0.349999 0.107068
101.700000 0.348312 0.106343
101.800000 0.346655 0.105623
101.900000 0.345023 0.104908
102.000000 0.343369 0.104198
102.100000 0.341749 0.103493
102.200000 0.340117 0.102793
102.300000 0.338505 0.102098
102.400000 0.336895 0.101408
102.500000 0.335314 0.100723
102.600000 0.333720 0.100043
102.700000 0.332149 0.099367
102.800000 0.330581 0.098696
102.900000 0.329024 0.098030
103.000000 0.327491 0.097369
103.100000 0.325952 0.096712
103.200000 0.324419 0.096060
103.300000 0.322900 0.095413
103.400000 0.321395 0.094770
103.500000 0.319891 0.094132
103.600000 0.318411 0.093498
103.700000 0.316925 0.092869
103.800000 0.315456 0.092244
103.900000 0.313987 0.091624
104.000000 0.312548 0.091008
104.100000 0.311103 0.090397
104.200000 0.309653 0.089790
104.300000 0.308229 0.089187
104.400000 0.306798 0.088589
104.500000 0.305401 0.087995
104.600000 0.304008 0.087405
104.700000 0.302615 0.086819
104.800000 0.301230 0.086238
104.900000 0.299866 0.085661
105.000000 0.298491 0.085088
105.100000 0.297134 0.084519
105.200000 0.295791 0.083954
105.300000 0.294448 0.083393
105.400000 0.293124 0.082837
105.500000 0.291782 0.082284
105.600000 0.290480 0.081735
105.700000 0.289187 0.081191
105.800000 0.287887 0.080650
105.900000 0.286600 0.080113
106.000000 0.285326 0.079580
106.100000 0.284052 0.079051
106.200000 0.282791 0.078526
106.300000 0.281556 0.078004
106.400000 0.280289 0.077487
106.500000 0.279062 0.076973
106.600000 0.277844 0.076463
106.700000 0.276600 0.075956
106.800000 0.275404 0.075453
106.900000 0.274193 0.074954
107.000000 0.272998 0.074459
107.100000 0.271814 0.073967
107.200000 0.270652 0.073478
107.300000 0.269478 0.072994
107.400000 0.268309 0.072512
107.500000 0.267151 0.072035
107.600000 0.266003 0.071560
107.700000 0.264867 0.071090
107.800000 0.263732 0.070622
107.900000 0.262603 0.070158
108.000000 0.261489 0.069698
108.100000 0.260398 0.069241
108.200000 0.259292 0.068787
108.300000 0.258179 0.068336
108.400000 0.257115 0.067889
108.500000 0.256035 0.067445
108.600000 0.254953 0.067004
108.700000 0.253889 0.066567
108.800000 0.252834 0.066132
108.900000 0.251795 0.065701
109.000000 0.250742 0.065273
109.100000 0.249721 0.064848
109.200000 0.248681 0.064427
109.300000 0.247662 0.064008
109.400000 0.246650 0.063592
109.500000 0.245662 0.063180
109.600000 0.244649 0.062770
109.700000 0.243666 0.062364
109.800000 0.242675 0.061960
109.900000 0.241682 0.061560
110.000000 0.240732 0.061162
110.100000 0.239752 0.060767
110.200000 0.238813 0.060375
110.300000 0.237850 0.059986
110.400000 0.236926 0.059600
110.500000 0.235972 0.059217
110.600000 0.235044 0.058837
110.700000 0.234136 0.058459
110.800000 0.233207 0.058084
110.900000 0.232300 0.057712
111.000000 0.231405 0.057342
111.100000 0.230505 0.056975
111.200000 0.229611 0.056611
111.300000 0.228725 0.056250
111.400000 0.227831 0.055891
111.500000 0.226958 0.055535
111.600000 0.226101 0.055182
111.700000 0.225249 0.054831
111.800000 0.224406 0.054482
111.900000 0.223553 0.054136
112.000000 0.222712 0.053793
112.100000 0.221876 0.053452
112.200000 0.221054 0.053114
112.300000 0.220232 0.052778
112.400000 0.219408 0.052445
112.500000 0.218603 0.052114
112.600000 0.217791 0.051786
112.700000 0.217002 0.051460
112.800000 0.216192 0.051136
112.900000 0.215408 0.050815
113.000000 0.214654 0.050496
113.100000 0.213855 0.050179
113.200000 0.213088 0.049865
113.300000 0.212323 0.049553
113.400000 0.211572 0.049243
113.500000 0.210815 0.048936
113.600000 0.210070 0.048630
113.700000 0.209313 0.048327
113.800000 0.208588 0.048027
113.900000 0.207835 0.047728
114.000000 0.207131 0.047432
114.100000 0.206414 0.047137
114.200000 0.205686 0.046845
114.300000 0.204981 0.046555
114.400000 0.204275 0.046267
114.500000 0.203577 0.045982
114.600000 0.202883 0.045698
114.700000 0.202193 0.045416
114.800000 0.201508 0.045137
114.900000 0.200827 0.044859
115.000000 0.200148 0.044584
115.100000 0.199479 0.044310
115.200000 0.198812 0.044039
115.300000 0.198158 0.043769
115.400000 0.197514 0.043502
115.500000 0.196851 0.043236
115.600000 0.196202 0.042973
115.700000 0.195562 0.042711
115.800000 0.194913 0.042451
115.900000 0.194283 0.042193
116.000000 0.193664 0.041937
116.100000 0.193050 0.041683
116.200000 0.192428 0.041430
116.300000 0.191803 0.041180
116.400000 0.191195 0.040931
116.500000 0.190588 0.040684
116.600000 0.189993 0.040439
116.700000 0.189388 0.040195
116.800000 0.188802 0.039954
116.900000 0.188220 0.039714
117.000000 0.187649 0.039476
117.100000 0.187066 0.039239
117.200000 0.186473 0.039004
117.300000 0.185927 0.038771
117.400000 0.185357 0.038540
117.500000 0.184787 0.038310
117.600000 0.184220 0.038082
117.700000 0.183684 0.037856
117.800000 0.183135 0.037631
117.900000 0.182584 0.037408
118.000000 0.182030 0.037186
118.100000 0.181496 0.036967
118.200000 0.180972 0.036748
118.300000 0.180436 0.036531
118.400000 0.179907 0.036316
118.500000 0.179389 0.036102
118.600000 0.178864 0.035890
118.700000 0.178347 0.035680
118.800000 0.177857 0.035471
118.900000 0.177350 0.035263
119.000000 0.176837 0.035057
119.100000 0.176332 0.034852
119.200000 0.175839 0.034649
119.300000 0.175355 0.034447
119.400000 0.174860 0.034247
119.500000 0.174355 0.034048
119.600000 0.173915 0.033850
119.700000 0.173418 0.033654
119.800000 0.172944 0.033460
119.900000 0.172453 0.033267
120.000000 0.172004 0.033075
120.100000 0.171540 0.032884
120.200000 0.171065 0.032695
120.300000 0.170631 0.032507
120.400000 0.170168 0.032321
120.500000 0.169714 0.032135
120.600000 0.169272 0.031952
120.700000 0.168826 0.031769
120.800000 0.168397 0.031588
120.900000 0.167947 0.031408
121.000000 0.167510 0.031229
121.100000 0.167091 0.031052
121.200000 0.166653 0.030876
121.300000 0.166227 0.030701
121.400000 0.165805 0.030527
121.500000 0.165391 0.030354
121.600000 0.164963 0.030183
121.700000 0.164549 0.030013
121.800000 0.164150 0.029844
121.900000 0.163747 0.029677
122.000000 0.163325 0.029510
122.100000 0.162921 0.029345
122.200000 0.162531 0.029181
122.300000 0.162145 0.029018
122.400000 0.161746 0.028856
122.500000 0.161333 0.028695
122.600000 0.160967 0.028536
122.700000 0.160582 0.028377
122.800000 0.160209 0.028220
122.900000 0.159820 0.028063
123.000000 0.159438 0.027908
123.100000 0.159072 0.027754
123.200000 0.158696 0.027601
123.300000 0.158324 0.027449
123.400000 0.157961 0.027298
123.500000 0.157612 0.027148
123.600000 0.157251 0.027000
123.700000 0.156898 0.026852
123.800000 0.156529 0.026705
123.900000 0.156183 0.026559
124.000000 0.155826 0.026415
124.100000 0.155472 0.026271
124.200000 0.155144 0.026128
124.300000 0.154812 0.025987
124.400000 0.154467 0.025846
124.500000 0.154133 0.025706
124.600000 0.153771 0.025567
124.700000 0.153444 0.025429
124.800000 0.153108 0.025293
124.900000 0.152799 0.025157
125.000000 0.152450 0.025022
125.100000 0.152124 0.024888
125.200000 0.151841 0.024754
125.300000 0.151487 0.024622
125.400000 0.151168 0.024491
125.500000 0.150869 0.024360
125.600000 0.150553 0.024231
125.700000 0.150247 0.024102
125.800000 0.149921 0.023974
125.900000 0.149650 0.023847
126.000000 0.149324 0.023721
126.100000 0.149007 0.023596
126.200000 0.148715 0.023472
126.300000 0.148433 0.023348
126.400000 0.148132 0.023226
126.500000 0.147821 0.023104
126.600000 0.147530 0.022983
126.700000 0.147254 0.022863
126.800000 0.146988 0.022744
126.900000 0.146699 0.022625
127.000000 0.146397 0.022507
127.100000 0.146141 0.022390
127.200000 0.145839 0.022274
127.300000 0.145562 0.022159
127.400000 0.145300 0.022044
127.500000 0.144988 0.021931
127.600000 0.144729 0.021818
127.700000 0.144467 0.021705
127.800000 0.144188 0.021594
127.900000 0.143880 0.021483
128.000000 0.143649 0.021373
128.100000 0.143396 0.021264
128.200000 0.143171 0.021155
128.300000 0.142871 0.021047
128.400000 0.142621 0.020940
128.500000 0.142362 0.020834
128.600000 0.142096 0.020728
128.700000 0.141844 0.020623
128.800000 0.141613 0.020519
128.900000 0.141345 0.020415
129.000000 0.141122 0.020313
129.100000 0.140868 0.020210
129.200000 0.140643 0.020109
129.300000 0.140386 0.020008
129.400000 0.140145 0.019908
129.500000 0.139906 0.019808
129.600000 0.139670 0.019709
129.700000 0.139420 0.019611
129.800000 0.139177 0.019514
129.900000 0.138945 0.019417
130.000000 0.138726 0.019321
130.100000 0.138476 0.019225
130.200000 0.138268 0.019130
130.300000 0.138036 0.019036
130.400000 0.137810 0.018942
130.500000 0.137580 0.018849
130.600000 0.137332 0.018756
130.700000 0.137145 0.018664
130.800000 0.136911 0.018573
130.900000 0.136718 0.018482
131.000000 0.136470 0.018392
131.100000 0.136265 0.018303
131.200000 0.136044 0.018214
131.300000 0.135858 0.018125
131.400000 0.135627 0.018038
131.500000 0.135384 0.017950
131.600000 0.135177 0.017864
131.700000 0.134975 0.017778
131.800000 0.134785 0.017692
131.900000 0.134588 0.017607
132.000000 0.134385 0.017523
132.100000 0.134207 0.017439
132.200000 0.134014 0.017355
132.300000 0.133779 0.017273
132.400000 0.133578 0.017190
132.500000 0.133388 0.017109
132.600000 0.133219 0.017027
132.700000 0.133007 0.016947
132.800000 0.132815 0.016867
132.900000 0.132630 0.016787
133.000000 0.132421 0.016708
133.100000 0.132222 0.016629
133.200000 0.132042 0.016551
133.300000 0.131861 0.016473
133.400000 0.131678 0.016396
133.500000 0.131472 0.016320
133.600000 0.131306 0.016244
133.700000 0.131118 0.016168
133.800000 0.130924 0.016093
133.900000 0.130757 0.016018
134.000000 0.130580 0.015944
134.100000 0.130403 0.015870
134.200000 0.130241 0.015797
134.300000 0.130028 0.015724
134.400000 0.129853 0.015651
134.500000 0.129676 0.015580
134.600000 0.129506 0.015508
134.700000 0.129343 0.015437
134.800000 0.129166 0.015367
134.900000 0.129013 0.015296
135.000000 0.128837 0.015227
135.100000 0.128663 0.015158
135.200000 0.128534 0.015089
135.300000 0.128342 0.015020
135.400000 0.128148 0.014952
135.500000 0.128009 0.014885
135.600000 0.127849 0.014818
135.700000 0.127680 0.014751
135.800000 0.127531 0.014685
135.900000 0.127364 0.014619
136.000000 0.127211 0.014554
136.100000 0.127054 0.014488
136.200000 0.126879 0.014424
136.300000 0.126726 0.014360
136.400000 0.126556 0.014296
136.500000 0.126429 0.014232
136.600000 0.126272 0.014169
136.700000 0.126099 0.014107
136.800000 0.125956 0.014044
136.900000 0.125818 0.013982
137.000000 0.125641 0.013921
137.100000 0.125501 0.013860
137.200000 0.125355 0.013799
137.300000 0.125191 0.013739
137.400000 0.125062 0.013679
137.500000 0.124915 0.013619
137.600000 0.124766 0.013560
137.700000 0.124612 0.013501
137.800000 0.124486 0.013442
137.900000 0.124361 0.013384
138.000000 0.124195 0.013326
138.100000 0.124101 0.013269
138.200000 0.123931 0.013211
138.300000 0.123804 0.013155
138.400000 0.123655 0.013098
138.500000 0.123505 0.013042
138.600000 0.123354 0.012986
138.700000 0.123234 0.012931
138.800000 0.123084 0.012876
138.900000 0.122958 0.012821
139.000000 0.122850 0.012767
139.100000 0.122673 0.012712
139.200000 0.122576 0.012659
139.300000 0.122404 0.012605
139.400000 0.122310 0.012552
139.500000 0.122168 0.012499
139.600000 0.122038 0.012447
139.700000 0.121908 0.012394
139.800000 0.121786 0.012342
139.900000 0.121644 0.012291
