50000 1 P 6.786698 -34.227325 -16.798485 2.110000 -1.000000 0.000000
50000 2 S 9.632421 -32.036797 -15.551767 1.800000 0.000000 0.000000
50000 3 G 11.458838 -31.795486 -18.430887 1.530000 0.000000 0.000000
50000 4 P 8.299068 -28.489412 -15.865189 2.110000 -1.000000 0.000000
50000 5 S 11.309653 -26.544771 -16.257378 1.800000 0.000000 0.000000
50000 6 G 12.961449 -28.153515 -18.643311 1.530000 0.000000 0.000000
50000 7 P 10.122884 -23.295143 -17.591667 2.110000 -1.000000 0.000000
50000 8 S 13.540772 -22.379593 -19.544916 1.800000 0.000000 0.000000
50000 9 U 13.408865 -23.871067 -22.323895 1.530000 0.000000 0.000000
50000 10 P 11.945018 -19.380424 -21.376974 2.110000 -1.000000 0.000000
50000 11 S 13.954182 -17.910250 -24.066172 1.800000 0.000000 0.000000
50000 12 U 13.588701 -20.799372 -25.531607 1.530000 0.000000 0.000000
50000 13 P 10.027110 -16.964148 -24.235601 2.110000 -1.000000 0.000000
50000 14 S 10.178029 -17.035284 -28.054668 1.800000 0.000000 0.000000
50000 15 U 10.295808 -20.265667 -28.703051 1.530000 0.000000 0.000000
50000 16 P 6.594030 -17.183081 -28.687361 2.110000 -1.000000 0.000000
50000 17 S 6.776094 -19.481163 -31.985044 1.800000 0.000000 0.000000
50000 18 C 6.916218 -22.096546 -29.913355 1.530000 0.000000 0.000000
50000 19 P 2.914677 -20.443592 -31.790815 2.110000 -1.000000 0.000000
50000 20 S 3.994408 -23.931129 -32.846409 1.800000 0.000000 0.000000
50000 21 G 7.296760 -22.556654 -33.935322 1.530000 0.000000 0.000000
50000 22 P 4.090325 -27.701632 -33.564049 2.110000 -1.000000 0.000000
50000 23 S 7.498693 -28.132483 -35.214161 1.800000 0.000000 0.000000
50000 24 G 9.316822 -26.925627 -32.270702 1.530000 0.000000 0.000000
50000 25 P 8.768804 -31.567799 -35.565319 2.110000 -1.000000 0.000000
50000 26 S 12.733301 -30.874989 -35.531944 1.800000 0.000000 0.000000
50000 27 G 12.579463 -28.738514 -32.664116 1.530000 0.000000 0.000000
50000 28 P 15.682338 -33.512463 -34.591160 2.110000 -1.000000 0.000000
50000 29 S 17.720724 -30.462652 -33.636566 1.800000 0.000000 0.000000
50000 30 A 16.747704 -28.573887 -31.052942 1.530000 0.000000 0.000000
50000 31 P 20.505175 -31.434456 -31.307106 2.110000 -1.000000 0.000000
50000 32 S 21.589024 -27.978754 -29.774664 1.800000 0.000000 0.000000
50000 33 A 19.354612 -26.550068 -27.365816 1.530000 0.000000 0.000000
50000 34 P 23.714373 -29.294714 -26.495455 2.110000 -1.000000 0.000000
50000 35 S 23.517727 -26.454636 -23.997450 1.800000 0.000000 0.000000
50000 36 C 20.269112 -26.573803 -23.351526 1.530000 0.000000 0.000000
50000 37 P 25.114799 -28.595684 -21.164680 2.110000 -1.000000 0.000000
50000 38 S 23.499460 -26.321404 -18.406504 1.800000 0.000000 0.000000
50000 39 C 21.074734 -28.186741 -19.295479 1.530000 0.000000 0.000000
50000 40 P 24.129013 -28.172049 -14.898188 2.110000 -1.000000 0.000000
