500 48.799179 9.456457 48.067284 -3.801094 -4.923469 0.000000 0.000000
1000 35.982025 9.777235 44.138767 -4.415927 -13.518046 0.000000 0.000000
1500 44.516075 7.275839 49.598446 -3.109413 -9.248793 0.000000 0.000000
2000 52.553196 7.961525 54.128716 -3.428592 -6.108451 0.000000 0.000000
2500 62.580540 6.648590 55.931950 0.000000 0.000000 0.000000 0.000000
3000 62.403996 8.313863 54.090134 0.000000 0.000000 0.000000 0.000000
3500 57.992161 6.502164 51.489998 0.000000 0.000000 0.000000 0.000000
4000 57.973877 7.980459 49.993420 0.000000 0.000000 0.000000 0.000000
4500 59.737946 7.347040 52.390907 0.000000 0.000000 0.000000 0.000000
5000 56.341686 9.082746 47.258942 0.000000 0.000000 0.000000 0.000000
500 61.490509 6.808375 54.682133 0.000000 0.000000 0.000000 0.000000
1000 55.558838 7.259289 48.299549 0.000000 0.000000 0.000000 0.000000
1500 57.422981 7.405577 50.017403 0.000000 0.000000 0.000000 0.000000
2000 62.643497 9.468127 53.175369 0.000000 0.000000 0.000000 0.000000
2500 62.302254 11.659966 50.642288 0.000000 0.000000 0.000000 0.000000
3000 60.198723 9.101530 51.097195 0.000000 0.000000 0.000000 0.000000
3500 58.180622 6.910239 51.270382 0.000000 0.000000 0.000000 0.000000
4000 65.322433 8.401675 56.920761 0.000000 0.000000 0.000000 0.000000
4500 58.265697 7.648827 50.616871 0.000000 0.000000 0.000000 0.000000
5000 56.070923 8.347075 47.723846 0.000000 0.000000 0.000000 0.000000
500 63.641548 9.107136 54.534412 0.000000 0.000000 0.000000 0.000000
1000 59.589012 7.438608 52.150406 0.000000 0.000000 0.000000 0.000000
1500 66.503075 6.908595 59.594479 0.000000 0.000000 0.000000 0.000000
2000 57.906898 7.295031 50.611866 0.000000 0.000000 0.000000 0.000000
2500 45.878433 8.968637 52.778450 -5.189571 -10.679081 0.000000 0.000000
3000 32.743061 8.099367 45.319248 -6.486647 -14.188907 0.000000 0.000000
3500 34.853264 9.159507 41.255154 -5.478348 -10.083052 0.000000 0.000000
4000 41.884941 11.176604 47.166374 -6.559603 -9.898435 0.000000 0.000000
4500 34.422501 7.095897 47.570053 -6.841251 -13.402199 0.000000 0.000000
5000 35.583065 7.198889 48.536942 -6.493798 -13.658970 0.000000 0.000000
500 68.173073 8.807397 59.365677 0.000000 0.000000 0.000000 0.000000
1000 58.894970 7.645650 51.249321 0.000000 0.000000 0.000000 0.000000
1500 70.917297 13.089882 57.827412 0.000000 0.000000 0.000000 0.000000
2000 54.397430 7.933366 50.386955 -0.183100 -3.739789 0.000000 0.000000
2500 69.665199 10.566584 59.098614 0.000000 0.000000 0.000000 0.000000
3000 65.585083 10.551906 55.033176 0.000000 0.000000 0.000000 0.000000
3500 62.716919 7.135168 55.581753 0.000000 0.000000 0.000000 0.000000
4000 62.782665 9.061802 53.720863 0.000000 0.000000 0.000000 0.000000
4500 68.209061 7.203794 61.005264 0.000000 0.000000 0.000000 0.000000
5000 58.297756 8.533368 49.764389 0.000000 0.000000 0.000000 0.000000
500 62.781128 7.353502 55.427624 0.000000 0.000000 0.000000 0.000000
1000 52.718948 5.573421 47.145527 0.000000 0.000000 0.000000 0.000000
1500 60.119995 11.136076 48.983921 0.000000 0.000000 0.000000 0.000000
2000 57.731972 9.848665 47.883308 0.000000 0.000000 0.000000 0.000000
2500 72.283508 11.616636 60.666870 0.000000 0.000000 0.000000 0.000000
3000 35.984970 10.675316 39.137737 -6.981647 -6.846436 0.000000 0.000000
3500 35.689598 8.387650 47.074661 -6.266898 -13.505813 0.000000 0.000000
4000 38.480396 10.818970 48.195602 -5.669349 -14.864825 0.000000 0.000000
4500 32.129303 10.915317 40.384724 -5.846896 -13.323843 0.000000 0.000000
5000 36.329582 6.952799 45.416645 -7.072546 -8.967318 0.000000 0.000000
500 33.228638 8.000291 42.325562 -6.390637 -10.706579 0.000000 0.000000
1000 30.201664 8.556900 37.073509 -6.044262 -9.384484 0.000000 0.000000
1500 34.180298 10.285534 42.224377 -6.438645 -11.890969 0.000000 0.000000
2000 36.710068 9.620185 49.005829 -9.701843 -12.214104 0.000000 0.000000
2500 45.485497 6.036242 52.542801 -4.130979 -8.962567 0.000000 0.000000
3000 51.956974 11.032884 50.940712 -2.383235 -7.633386 0.000000 0.000000
3500 41.317642 11.255731 49.463890 -5.542771 -13.859209 0.000000 0.000000
4000 31.852257 10.084901 37.570900 -7.027647 -8.775894 0.000000 0.000000
4500 33.235313 6.163758 44.689823 -4.976604 -12.641664 0.000000 0.000000
5000 24.619396 8.226730 37.991001 -7.181642 -14.416695 0.000000 0.000000
500 39.297249 8.571699 47.261063 -4.957976 -11.577537 0.000000 0.000000
1000 46.457035 8.099591 51.415104 -2.696505 -10.361154 0.000000 0.000000
1500 50.836880 8.740785 59.405766 -6.249269 -11.060406 0.000000 0.000000
2000 38.284660 10.716524 42.511139 -5.485965 -9.457035 0.000000 0.000000
2500 42.018005 10.542950 45.654198 -3.152970 -11.026173 0.000000 0.000000
3000 44.475876 8.160528 49.239296 -3.323298 -9.600651 0.000000 0.000000
3500 36.403851 6.972134 44.768486 -2.310331 -13.026441 0.000000 0.000000
4000 46.541725 6.600855 53.420284 -3.384915 -10.094500 0.000000 0.000000
4500 43.552879 6.541324 51.757153 -5.583708 -9.161886 0.000000 0.000000
5000 36.894382 7.539729 47.544781 -5.021796 -13.168331 0.000000 0.000000
500 40.164249 12.561287 44.870789 -7.556097 -9.711730 0.000000 0.000000
1000 38.191521 9.231326 47.026287 -6.154169 -11.911926 0.000000 0.000000
1500 48.175503 8.376881 54.384060 -4.956122 -9.629313 0.000000 0.000000
2000 47.200047 7.797956 54.907265 -6.912811 -8.592360 0.000000 0.000000
2500 35.327908 7.643843 43.168835 -5.070404 -10.414365 0.000000 0.000000
3000 31.308537 12.111124 37.272289 -5.198120 -12.876758 0.000000 0.000000
3500 43.893948 7.994803 53.324249 -7.516911 -9.908196 0.000000 0.000000
4000 39.498581 10.964776 43.194649 -3.656306 -11.004534 0.000000 0.000000
4500 45.478386 6.717258 52.238911 -5.399816 -8.077970 0.000000 0.000000
5000 47.588955 9.724362 53.261898 -5.026497 -10.370808 0.000000 0.000000
500 61.213951 6.013948 55.200005 0.000000 0.000000 0.000000 0.000000
1000 63.719677 13.203750 50.515926 0.000000 0.000000 0.000000 0.000000
1500 56.585888 9.690515 46.895374 0.000000 0.000000 0.000000 0.000000
2000 55.889835 12.685127 43.204708 0.000000 0.000000 0.000000 0.000000
2500 63.294395 6.887721 56.406673 0.000000 0.000000 0.000000 0.000000
3000 57.390877 9.329136 48.061741 0.000000 0.000000 0.000000 0.000000
3500 57.562397 8.389318 49.173080 0.000000 0.000000 0.000000 0.000000
4000 69.544533 9.481915 60.062618 0.000000 0.000000 0.000000 0.000000
4500 60.510490 10.575705 49.934788 0.000000 0.000000 0.000000 0.000000
5000 64.675392 7.630536 57.044857 0.000000 0.000000 0.000000 0.000000
500 62.967857 8.921370 54.046486 0.000000 0.000000 0.000000 0.000000
1000 56.822117 10.562722 46.259396 0.000000 0.000000 0.000000 0.000000
1500 62.984604 8.754808 54.229794 0.000000 0.000000 0.000000 0.000000
2000 58.068962 8.311241 49.757721 0.000000 0.000000 0.000000 0.000000
2500 70.333267 8.879910 61.453362 0.000000 0.000000 0.000000 0.000000
3000 60.075512 9.357281 50.775063 -0.056832 0.000000 0.000000 0.000000
3500 59.760956 8.840759 50.920197 0.000000 0.000000 0.000000 0.000000
4000 55.718262 6.488679 49.229584 0.000000 0.000000 0.000000 0.000000
4500 56.966267 8.126351 48.839916 0.000000 0.000000 0.000000 0.000000
5000 65.135773 12.083179 53.052593 0.000000 0.000000 0.000000 0.000000
500 56.485126 11.432925 45.052200 0.000000 0.000000 0.000000 0.000000
1000 58.392715 7.982011 50.410706 0.000000 0.000000 0.000000 0.000000
1500 70.202904 9.412998 60.789906 0.000000 0.000000 0.000000 0.000000
2000 61.856331 7.702124 54.154205 0.000000 0.000000 0.000000 0.000000
2500 62.840069 10.627197 52.212872 0.000000 0.000000 0.000000 0.000000
3000 68.033867 7.719416 60.314449 0.000000 0.000000 0.000000 0.000000
3500 71.227913 8.360037 62.867878 0.000000 0.000000 0.000000 0.000000
4000 62.509457 9.630208 52.986439 -0.107188 0.000000 0.000000 0.000000
4500 61.198601 8.343933 52.854668 0.000000 0.000000 0.000000 0.000000
5000 59.083755 9.192039 49.891716 0.000000 0.000000 0.000000 0.000000
500 61.798325 10.166555 51.631767 0.000000 0.000000 0.000000 0.000000
1000 52.611092 6.887579 56.832584 -0.434588 -10.674480 0.000000 0.000000
1500 45.465523 9.351371 50.113258 -0.499873 -13.499231 0.000000 0.000000
2000 47.775509 7.604700 51.057358 -0.591150 -10.295399 0.000000 0.000000
2500 48.870808 10.352723 47.729027 -0.457956 -8.752988 0.000000 0.000000
3000 53.745136 7.238821 59.460274 -0.346756 -12.607203 0.000000 0.000000
3500 60.386749 9.470653 50.916096 0.000000 0.000000 0.000000 0.000000
4000 60.234570 8.997509 51.237061 0.000000 0.000000 0.000000 0.000000
4500 67.419579 6.812072 60.607506 0.000000 0.000000 0.000000 0.000000
5000 67.634941 9.258264 58.376675 0.000000 0.000000 0.000000 0.000000
500 58.514278 9.162528 49.351749 0.000000 0.000000 0.000000 0.000000
1000 63.825371 9.170603 54.654766 0.000000 0.000000 0.000000 0.000000
1500 56.646473 9.466649 47.179825 0.000000 0.000000 0.000000 0.000000
2000 61.903973 12.358342 49.545631 0.000000 0.000000 0.000000 0.000000
2500 58.691315 5.775341 52.915974 0.000000 0.000000 0.000000 0.000000
3000 74.395531 9.271467 65.124062 0.000000 0.000000 0.000000 0.000000
3500 68.519150 8.352711 60.166439 0.000000 0.000000 0.000000 0.000000
4000 65.935020 10.478428 55.456593 0.000000 0.000000 0.000000 0.000000
4500 59.963192 7.010401 52.952789 0.000000 0.000000 0.000000 0.000000
5000 63.536549 10.228992 53.307556 0.000000 0.000000 0.000000 0.000000
500 60.143013 6.209102 53.933910 0.000000 0.000000 0.000000 0.000000
1000 56.551579 8.246902 48.304676 0.000000 0.000000 0.000000 0.000000
1500 66.420570 11.443705 54.976864 0.000000 0.000000 0.000000 0.000000
2000 59.732025 7.552399 52.179626 0.000000 0.000000 0.000000 0.000000
2500 65.755783 12.102165 53.653622 0.000000 0.000000 0.000000 0.000000
3000 57.381454 10.393311 46.988144 0.000000 0.000000 0.000000 0.000000
3500 62.611687 11.418616 51.193069 0.000000 0.000000 0.000000 0.000000
4000 58.028297 8.581022 49.447277 0.000000 0.000000 0.000000 0.000000
4500 45.963913 9.432540 41.452690 -0.201845 -4.719471 0.000000 0.000000
5000 61.985741 14.413712 47.572029 0.000000 0.000000 0.000000 0.000000
