1 1 P -8.505000 2.132000 -8.665000 2.110000 -1.000000 0.000000
2 1 S -4.097000 6.559000 -7.443000 1.800000 0.000000 0.000000
3 1 G -4.859000 5.776000 -8.270000 2.150000 0.000000 0.000000
4 2 P -2.639000 1.230000 -10.143000 2.110000 -1.000000 0.000000
5 2 S -0.308000 5.389000 -5.830000 1.800000 0.000000 0.000000
6 2 G -0.449000 4.840000 -7.078000 2.150000 0.000000 0.000000
7 3 P 3.327000 1.381000 -8.784000 2.110000 -1.000000 0.000000
8 3 S 0.686000 2.547000 -3.184000 1.800000 0.000000 0.000000
9 3 U 2.937000 3.895000 -4.164000 2.150000 0.000000 0.000000
10 4 P 7.782000 1.544000 -4.683000 2.110000 -1.000000 0.000000
11 4 S 2.738000 0.663000 -0.935000 1.800000 0.000000 0.000000
12 4 U 4.909000 2.322000 -0.318000 2.150000 0.000000 0.000000
13 5 P 9.990000 0.515000 0.723000 2.110000 -1.000000 0.000000
14 5 S 4.551000 -2.185000 -0.641000 1.800000 0.000000 0.000000
15 5 U 5.196000 -1.134000 1.880000 2.150000 0.000000 0.000000
16 6 P 8.753000 -3.378000 5.283000 2.110000 -1.000000 0.000000
17 6 S 4.217000 -0.152000 9.039000 1.800000 0.000000 0.000000
18 6 C 4.448000 -2.737000 8.281000 2.150000 0.000000 0.000000
19 7 P 4.216000 -8.295000 6.138000 2.110000 -1.000000 0.000000
20 7 S 5.273000 -6.458000 0.336000 1.800000 0.000000 0.000000
21 7 G 4.492000 -6.675000 1.445000 2.150000 0.000000 0.000000
22 8 P -0.278000 -10.201000 1.786000 2.110000 -1.000000 0.000000
23 8 S -4.078000 -12.284000 4.109000 1.800000 0.000000 0.000000
24 8 G -3.788000 -10.955000 4.244000 2.150000 0.000000 0.000000
25 9 P -5.797000 -5.798000 2.041000 2.110000 -1.000000 0.000000
26 9 S -1.036000 -3.255000 5.085000 1.800000 0.000000 0.000000
27 9 G -2.216000 -3.947000 5.014000 2.150000 0.000000 0.000000
28 10 P -6.735000 -1.093000 5.891000 2.110000 -1.000000 0.000000
29 10 S -0.766000 0.706000 4.285000 1.800000 0.000000 0.000000
30 10 A -1.796000 0.420000 5.151000 2.150000 0.000000 0.000000
31 11 P -4.714000 4.480000 7.167000 2.110000 -1.000000 0.000000
32 11 S -0.075000 4.541000 2.634000 1.800000 0.000000 0.000000
33 11 A -0.610000 4.697000 3.882000 2.150000 0.000000 0.000000
34 12 P -1.808000 9.648000 5.709000 2.110000 -1.000000 0.000000
35 12 S -1.794000 6.903000 0.007000 1.800000 0.000000 0.000000
36 12 C 0.300000 8.282000 1.064000 2.150000 0.000000 0.000000
37 13 P 0.351000 13.676000 1.885000 2.110000 -1.000000 0.000000
38 13 S -2.586000 9.603000 -2.103000 1.800000 0.000000 0.000000
39 13 C -0.318000 10.989000 -2.666000 2.150000 0.000000 0.000000
40 14 P 2.351000 15.676000 3.885000 2.110000 -1.000000 0.000000
