1 1 P -188.617004 8.341000 -64.202003 2.110000 -1.000000 1.000000
2 2 S -187.156006 4.805000 -65.303001 1.800000 0.000000 0.000000
3 3 G -187.931000 1.728000 -66.650002 2.150000 0.000000 0.000000
4 4 P -185.033005 5.261000 -68.617996 2.110000 -1.000000 0.000000
5 5 S -184.725006 2.332000 -71.234001 1.800000 0.000000 0.000000
6 6 G -187.559006 1.360000 -70.325996 2.150000 0.000000 0.000000
7 7 P -185.414993 4.326000 -74.790001 2.110000 -1.000000 0.000000
8 8 S -188.602997 2.618000 -76.219002 1.800000 0.000000 0.000000
9 9 G -190.212006 3.998000 -73.452003 2.150000 0.000000 0.000000
10 10 P -189.824997 4.450000 -79.433998 2.110000 -1.000000 0.000000
11 11 S -192.893997 6.941000 -78.655998 1.800000 0.000000 0.000000
12 12 C -191.358002 8.249000 -75.786003 2.150000 0.000000 0.000000
13 13 P -191.136993 9.131000 -81.504997 2.110000 -1.000000 0.000000
14 14 S -192.164993 13.030000 -81.309998 1.800000 0.000000 0.000000
15 15 G -191.389008 14.459000 -78.500999 2.150000 0.000000 0.000000
16 16 P -191.251999 15.183000 -84.398003 2.110000 -1.000000 0.000000
17 17 S -193.421997 18.464001 -84.529999 1.800000 0.000000 0.000000
18 18 C -195.557999 17.046000 -86.559998 2.150000 0.000000 0.000000
19 19 P -190.695999 20.362000 -87.154999 2.110000 -1.000000 0.000000
20 20 S -187.496002 21.409000 -85.195999 1.800000 0.000000 0.000000
21 21 A -185.716995 18.980000 -83.892998 2.150000 0.000000 0.000000
22 22 P -186.535004 21.674999 -88.893997 2.110000 -1.000000 0.000000
23 23 S -183.266998 23.604000 -90.002998 1.800000 0.000000 0.000000
24 24 A -184.464005 26.665001 -90.670998 2.150000 0.000000 0.000000
25 25 P -182.451996 22.797001 -93.871002 2.110000 -1.000000 0.000000
26 26 S -181.792007 26.464001 -95.358002 1.800000 0.000000 0.000000
27 27 G -184.764008 27.698000 -96.941002 2.150000 0.000000 0.000000
28 28 P -179.835007 25.073999 -98.559998 2.110000 -1.000000 0.000000
29 29 S -176.811996 26.934000 -100.275002 1.800000 0.000000 0.000000
30 30 C -176.451996 28.339001 -97.334000 2.150000 0.000000 0.000000
31 31 P -173.768005 25.079000 -101.378998 2.110000 -1.000000 0.000000
32 32 S -171.052002 27.395000 -102.966003 1.800000 0.000000 0.000000
33 33 C -169.207993 29.158001 -101.167000 2.150000 0.000000 0.000000
34 34 P -168.860992 24.290001 -102.464996 2.110000 -1.000000 0.000000
35 35 S -165.843002 26.200001 -104.272003 1.800000 0.000000 0.000000
36 36 U -165.537994 29.466999 -103.093002 2.150000 0.000000 0.000000
37 37 P -162.326996 24.691999 -104.223999 2.110000 -1.000000 0.000000
