380000 1 P -207.952347 7.529652 -113.755630 2.110000 -1.000000 1.000000
380000 2 S -204.940811 5.204655 -114.211487 1.800000 0.000000 0.000000
380000 3 G -202.791641 6.684167 -111.564735 2.150000 0.000000 0.000000
380000 4 P -206.187866 1.954329 -112.787048 2.110000 -1.000000 0.000000
380000 5 S -203.725327 -0.543385 -111.180687 1.800000 0.000000 0.000000
380000 6 G -203.146317 1.902148 -108.578682 2.150000 0.000000 0.000000
380000 7 P -205.791428 -3.185988 -109.420151 2.110000 -1.000000 0.000000
380000 8 S -203.231339 -4.433993 -107.004738 1.800000 0.000000 0.000000
380000 9 G -203.617126 -1.922290 -104.649307 2.150000 0.000000 0.000000
380000 10 P -205.927414 -6.800725 -105.564384 2.110000 -1.000000 0.000000
380000 11 S -205.203079 -7.245118 -101.834641 1.800000 0.000000 0.000000
380000 12 C -205.130585 -3.874010 -101.087944 2.150000 0.000000 0.000000
380000 13 P -208.907379 -8.392720 -102.003128 2.110000 -1.000000 0.000000
380000 14 S -209.735184 -6.956489 -98.517860 1.800000 0.000000 0.000000
380000 15 G -209.305679 -3.402136 -99.169876 2.150000 0.000000 0.000000
380000 16 P -213.395996 -6.666275 -99.501045 2.110000 -1.000000 0.000000
380000 17 S -214.137772 -5.121350 -96.142754 1.800000 0.000000 0.000000
380000 18 C -212.224838 -2.178882 -95.743454 2.150000 0.000000 0.000000
380000 19 P -217.257294 -3.398136 -97.316139 2.110000 -1.000000 0.000000
380000 20 S -215.365814 -1.226411 -94.715034 1.800000 0.000000 0.000000
380000 21 A -215.984131 -2.391487 -91.537399 2.150000 0.000000 0.000000
380000 22 P -217.002426 2.271357 -94.368500 2.110000 -1.000000 0.000000
380000 23 S -213.242142 2.470744 -94.687965 1.800000 0.000000 0.000000
380000 24 A -213.152313 3.568933 -98.048088 2.150000 0.000000 0.000000
380000 25 P -211.690308 6.112789 -94.342606 2.110000 -1.000000 0.000000
380000 26 S -208.240402 4.703996 -93.425003 1.800000 0.000000 0.000000
380000 27 G -207.959045 3.233442 -96.646614 2.150000 0.000000 0.000000
380000 28 P -205.368942 6.988574 -94.210938 2.110000 -1.000000 0.000000
380000 29 S -202.702347 4.216660 -94.196083 1.800000 0.000000 0.000000
380000 30 C -203.966202 3.891748 -97.751923 2.150000 0.000000 0.000000
380000 31 P -200.014404 6.632091 -95.725494 2.110000 -1.000000 0.000000
380000 32 S -198.436844 3.836243 -97.711266 1.800000 0.000000 0.000000
380000 33 C -200.767975 3.726371 -100.339401 2.150000 0.000000 0.000000
380000 34 P -195.730164 6.150355 -99.124153 2.110000 -1.000000 0.000000
380000 35 S -195.997696 3.858468 -102.248718 1.800000 0.000000 0.000000
380000 36 U -198.958374 5.502792 -103.470039 2.150000 0.000000 0.000000
380000 37 P -194.066620 6.613785 -104.336975 2.110000 -1.000000 0.000000
385000 1 P -202.562958 4.282945 -117.405899 2.110000 -1.000000 1.000000
385000 2 S -199.117615 3.171005 -116.559235 1.800000 0.000000 0.000000
385000 3 G -198.694336 4.466624 -113.337204 2.150000 0.000000 0.000000
385000 4 P -201.526871 0.245154 -115.669876 2.110000 -1.000000 0.000000
385000 5 S -199.668823 -1.685096 -113.012306 1.800000 0.000000 0.000000
385000 6 G -200.920120 1.173976 -110.733788 2.150000 0.000000 0.000000
385000 7 P -202.059525 -4.115310 -111.627716 2.110000 -1.000000 0.000000
385000 8 S -200.395309 -3.765394 -108.336784 1.800000 0.000000 0.000000
385000 9 G -201.890884 -1.360718 -106.636169 2.150000 0.000000 0.000000
385000 10 P -203.033737 -6.203397 -107.250198 2.110000 -1.000000 0.000000
385000 11 S -202.668777 -6.048441 -103.408188 1.800000 0.000000 0.000000
385000 12 C -203.995102 -3.172911 -102.373543 2.150000 0.000000 0.000000
385000 13 P -206.336502 -7.764377 -103.581558 2.110000 -1.000000 0.000000
385000 14 S -206.904633 -7.347291 -99.901535 1.800000 0.000000 0.000000
385000 15 G -207.188873 -3.923163 -99.924744 2.150000 0.000000 0.000000
385000 16 P -210.095383 -8.172557 -101.894020 2.110000 -1.000000 0.000000
385000 17 S -212.171082 -5.909793 -99.807770 1.800000 0.000000 0.000000
385000 18 C -213.829224 -8.755738 -98.176079 2.150000 0.000000 0.000000
385000 19 P -215.152573 -4.834643 -102.285713 2.110000 -1.000000 0.000000
385000 20 S -214.986771 -2.791607 -99.042656 1.800000 0.000000 0.000000
385000 21 A -211.668579 -1.603910 -99.146049 2.150000 0.000000 0.000000
385000 22 P -216.554459 0.285295 -100.742859 2.110000 -1.000000 0.000000
385000 23 S -213.805740 2.513617 -99.213783 1.800000 0.000000 0.000000
385000 24 A -211.719864 1.401735 -101.963989 2.150000 0.000000 0.000000
385000 25 P -213.938202 6.044631 -100.687164 2.110000 -1.000000 0.000000
385000 26 S -210.546188 6.486964 -98.956467 1.800000 0.000000 0.000000
385000 27 G -207.678909 4.453544 -99.946548 2.150000 0.000000 0.000000
385000 28 P -208.860458 9.600208 -100.340149 2.110000 -1.000000 0.000000
385000 29 S -205.510193 7.681811 -99.362038 1.800000 0.000000 0.000000
385000 30 C -205.152466 5.936166 -102.450691 2.150000 0.000000 0.000000
385000 31 P -202.201263 9.800457 -100.225586 2.110000 -1.000000 0.000000
385000 32 S -200.005280 6.753754 -99.756569 1.800000 0.000000 0.000000
385000 33 C -200.617401 4.802567 -102.584290 2.150000 0.000000 0.000000
385000 34 P -196.588058 8.546175 -100.741585 2.110000 -1.000000 0.000000
385000 35 S -195.747375 4.777851 -101.163460 1.800000 0.000000 0.000000
385000 36 U -197.172577 4.523325 -104.227783 2.150000 0.000000 0.000000
385000 37 P -192.907639 6.738347 -102.374435 2.110000 -1.000000 0.000000
390000 1 P -208.531555 6.491805 -117.938347 2.110000 -1.000000 1.000000
390000 2 S -205.399628 6.180498 -115.768044 1.800000 0.000000 0.000000
390000 3 G -206.363678 7.145455 -112.796638 2.150000 0.000000 0.000000
390000 4 P -205.220291 2.695746 -114.374161 2.110000 -1.000000 0.000000
390000 5 S -202.253311 2.790586 -112.032349 1.800000 0.000000 0.000000
390000 6 G -203.626083 3.845351 -108.984612 2.150000 0.000000 0.000000
390000 7 P -203.435654 -0.864935 -111.612801 2.110000 -1.000000 0.000000
390000 8 S -201.465042 -1.376596 -108.304733 1.800000 0.000000 0.000000
390000 9 G -203.598404 0.058751 -105.994492 2.150000 0.000000 0.000000
390000 10 P -204.023529 -3.933272 -109.430862 2.110000 -1.000000 0.000000
390000 11 S -203.407715 -5.342688 -105.979149 1.800000 0.000000 0.000000
390000 12 C -204.932678 -3.044739 -103.868874 2.150000 0.000000 0.000000
390000 13 P -206.941055 -6.654640 -106.398666 2.110000 -1.000000 0.000000
390000 14 S -207.150925 -7.808833 -102.648682 1.800000 0.000000 0.000000
390000 15 G -207.693954 -4.503840 -101.170540 2.150000 0.000000 0.000000
390000 16 P -210.881439 -8.449130 -102.451263 2.110000 -1.000000 0.000000
390000 17 S -210.646118 -9.334988 -98.822159 1.800000 0.000000 0.000000
390000 18 C -210.357925 -12.335903 -100.365097 2.150000 0.000000 0.000000
390000 19 P -213.909317 -7.593598 -98.878479 2.110000 -1.000000 0.000000
390000 20 S -212.901215 -5.168660 -96.179214 1.800000 0.000000 0.000000
390000 21 A -210.619690 -4.514102 -98.504822 2.150000 0.000000 0.000000
390000 22 P -215.047241 -2.106658 -96.596497 2.110000 -1.000000 0.000000
390000 23 S -212.496002 0.086338 -94.739296 1.800000 0.000000 0.000000
390000 24 A -209.515488 -1.226410 -95.719002 2.150000 0.000000 0.000000
390000 25 P -213.351562 3.762052 -95.462753 2.110000 -1.000000 0.000000
390000 26 S -209.577621 3.847483 -94.744392 1.800000 0.000000 0.000000
390000 27 G -207.450394 1.979588 -97.090004 2.150000 0.000000 0.000000
390000 28 P -209.370148 7.642234 -95.504036 2.110000 -1.000000 0.000000
390000 29 S -205.797607 7.103191 -96.338287 1.800000 0.000000 0.000000
390000 30 C -206.773315 6.006522 -99.822800 2.150000 0.000000 0.000000
390000 31 P -206.013367 10.936196 -97.234406 2.110000 -1.000000 0.000000
390000 32 S -203.191101 11.605491 -99.602028 1.800000 0.000000 0.000000
390000 33 C -204.451141 8.745515 -101.468109 2.150000 0.000000 0.000000
390000 34 P -206.477875 13.756983 -99.991272 2.110000 -1.000000 0.000000
390000 35 S -206.016754 15.346883 -103.563873 1.800000 0.000000 0.000000
390000 36 U -205.928528 12.963271 -106.105904 2.150000 0.000000 0.000000
390000 37 P -209.787521 16.049099 -104.540321 2.110000 -1.000000 0.000000
395000 1 P -206.304703 3.604208 -113.271515 2.110000 -1.000000 1.000000
395000 2 S -203.274323 2.939859 -110.902771 1.800000 0.000000 0.000000
395000 3 G -205.235672 3.816777 -108.250526 2.150000 0.000000 0.000000
395000 4 P -203.915176 -0.690205 -111.296463 2.110000 -1.000000 0.000000
395000 5 S -200.875626 -2.235035 -109.423531 1.800000 0.000000 0.000000
395000 6 G -202.539719 -1.848446 -106.347626 2.150000 0.000000 0.000000
395000 7 P -201.605316 -5.792435 -109.396049 2.110000 -1.000000 0.000000
395000 8 S -200.120285 -7.748231 -106.637611 1.800000 0.000000 0.000000
395000 9 G -202.051392 -6.140326 -104.217705 2.150000 0.000000 0.000000
395000 10 P -202.045471 -10.979519 -107.268227 2.110000 -1.000000 0.000000
395000 11 S -201.499130 -12.548994 -103.839439 1.800000 0.000000 0.000000
395000 12 C -203.043411 -10.187192 -101.959770 2.150000 0.000000 0.000000
395000 13 P -204.630981 -14.052759 -105.593422 2.110000 -1.000000 0.000000
395000 14 S -206.371292 -15.525461 -102.392014 1.800000 0.000000 0.000000
395000 15 G -206.752960 -12.832045 -100.159203 2.150000 0.000000 0.000000
395000 16 P -209.231598 -15.173620 -105.103111 2.110000 -1.000000 0.000000
395000 17 S -211.445770 -16.325558 -102.254524 1.800000 0.000000 0.000000
395000 18 C -210.440140 -15.405375 -99.243462 2.150000 0.000000 0.000000
395000 19 P -214.593094 -14.289969 -103.192848 2.110000 -1.000000 0.000000
395000 20 S -214.842163 -13.249861 -99.478218 1.800000 0.000000 0.000000
395000 21 A -212.683563 -11.237567 -101.446541 2.150000 0.000000 0.000000
395000 22 P -217.185501 -10.051770 -99.058220 2.110000 -1.000000 0.000000
395000 23 S -214.742371 -9.748290 -96.010628 1.800000 0.000000 0.000000
395000 24 A -211.487518 -9.319076 -97.367050 2.150000 0.000000 0.000000
395000 25 P -214.692032 -5.833490 -95.585449 2.110000 -1.000000 0.000000
395000 26 S -211.367538 -6.427487 -93.848862 1.800000 0.000000 0.000000
395000 27 G -209.210968 -6.093851 -96.775681 2.150000 0.000000 0.000000
395000 28 P -210.450607 -2.712476 -93.751556 2.110000 -1.000000 0.000000
395000 29 S -206.653107 -2.818788 -93.712959 1.800000 0.000000 0.000000
395000 30 C -206.610886 -2.992538 -97.208527 2.150000 0.000000 0.000000
395000 31 P -206.780869 0.986351 -93.425613 2.110000 -1.000000 0.000000
395000 32 S -203.567551 2.266314 -94.961586 1.800000 0.000000 0.000000
395000 33 C -203.308609 2.643654 -98.314552 2.150000 0.000000 0.000000
395000 34 P -204.571243 5.921146 -94.304222 2.110000 -1.000000 0.000000
395000 35 S -202.225540 7.534609 -96.879822 1.800000 0.000000 0.000000
395000 36 U -204.678207 6.650135 -99.573990 2.150000 0.000000 0.000000
395000 37 P -204.068726 11.101574 -97.136948 2.110000 -1.000000 0.000000
400000 1 P -211.480240 4.513664 -106.836670 2.110000 -1.000000 1.000000
400000 2 S -207.971176 3.306098 -107.165413 1.800000 0.000000 0.000000
400000 3 G -207.650726 3.993428 -103.570084 2.150000 0.000000 0.000000
400000 4 P -208.199280 -0.482115 -107.701027 2.110000 -1.000000 0.000000
400000 5 S -204.773300 -1.037567 -106.179253 1.800000 0.000000 0.000000
400000 6 G -204.921616 0.271134 -102.758461 2.150000 0.000000 0.000000
400000 7 P -205.177750 -4.742754 -105.823303 2.110000 -1.000000 0.000000
400000 8 S -202.775391 -6.320203 -103.332260 1.800000 0.000000 0.000000
400000 9 G -205.094101 -5.701804 -100.602776 2.150000 0.000000 0.000000
400000 10 P -205.092636 -9.164873 -104.723122 2.110000 -1.000000 0.000000
400000 11 S -204.671463 -11.615717 -101.911339 1.800000 0.000000 0.000000
400000 12 C -206.576828 -10.552137 -99.413460 2.150000 0.000000 0.000000
400000 13 P -207.441681 -13.827512 -103.693962 2.110000 -1.000000 0.000000
400000 14 S -207.072357 -16.669207 -101.029503 1.800000 0.000000 0.000000
400000 15 G -208.079376 -15.727674 -97.942696 2.150000 0.000000 0.000000
400000 16 P -210.180328 -17.656792 -102.842819 2.110000 -1.000000 0.000000
400000 17 S -212.138062 -16.804235 -99.641907 1.800000 0.000000 0.000000
400000 18 C -214.923508 -19.025059 -99.151909 2.150000 0.000000 0.000000
400000 19 P -214.818665 -14.537103 -100.802208 2.110000 -1.000000 0.000000
400000 20 S -216.564224 -14.532517 -97.455032 1.800000 0.000000 0.000000
400000 21 A -213.350143 -13.685640 -96.360207 2.150000 0.000000 0.000000
400000 22 P -217.772217 -10.827550 -96.724350 2.110000 -1.000000 0.000000
400000 23 S -217.589462 -11.254787 -92.802811 1.800000 0.000000 0.000000
400000 24 A -214.481369 -12.979252 -92.118477 2.150000 0.000000 0.000000
400000 25 P -217.337601 -7.656161 -91.664383 2.110000 -1.000000 0.000000
400000 26 S -213.977341 -7.641490 -89.875404 1.800000 0.000000 0.000000
400000 27 G -211.659927 -8.499135 -92.345673 2.150000 0.000000 0.000000
400000 28 P -211.977570 -4.611367 -88.714355 2.110000 -1.000000 0.000000
400000 29 S -208.248947 -5.806645 -89.013443 1.800000 0.000000 0.000000
400000 30 C -207.765518 -7.068878 -92.365097 2.150000 0.000000 0.000000
400000 31 P -207.238953 -2.326083 -89.216934 2.110000 -1.000000 0.000000
400000 32 S -203.780167 -2.627990 -90.924019 1.800000 0.000000 0.000000
400000 33 C -204.773834 -2.268795 -94.143829 2.150000 0.000000 0.000000
400000 34 P -203.361298 1.255647 -90.730484 2.110000 -1.000000 0.000000
400000 35 S -201.065964 1.612982 -93.729759 1.800000 0.000000 0.000000
400000 36 U -203.758560 1.155951 -95.615768 2.150000 0.000000 0.000000
400000 37 P -201.495941 5.526708 -93.918968 2.110000 -1.000000 0.000000
405000 1 P -208.473770 1.053639 -103.368118 2.110000 -1.000000 1.000000
405000 2 S -205.204056 -0.357491 -104.523819 1.800000 0.000000 0.000000
405000 3 G -203.442307 -0.732271 -101.720840 2.150000 0.000000 0.000000
405000 4 P -206.364594 -3.984032 -105.044899 2.110000 -1.000000 0.000000
405000 5 S -203.073395 -5.756388 -104.491615 1.800000 0.000000 0.000000
405000 6 G -202.690201 -5.705940 -101.019218 2.150000 0.000000 0.000000
405000 7 P -204.388245 -9.368705 -104.937881 2.110000 -1.000000 0.000000
405000 8 S -201.664963 -11.133596 -102.885513 1.800000 0.000000 0.000000
405000 9 G -202.983521 -9.784107 -99.815407 2.150000 0.000000 0.000000
405000 10 P -203.536194 -14.080778 -103.401306 2.110000 -1.000000 0.000000
405000 11 S -202.217209 -16.406935 -100.735001 1.800000 0.000000 0.000000
405000 12 C -203.293747 -14.471262 -98.094383 2.150000 0.000000 0.000000
405000 13 P -205.721069 -17.594187 -101.971588 2.110000 -1.000000 0.000000
405000 14 S -206.365601 -20.598948 -99.569962 1.800000 0.000000 0.000000
405000 15 G -205.285309 -18.612934 -96.792343 2.150000 0.000000 0.000000
405000 16 P -209.480133 -18.642498 -100.930809 2.110000 -1.000000 0.000000
405000 17 S -210.594772 -17.449795 -97.545120 1.800000 0.000000 0.000000
405000 18 C -208.408127 -16.888971 -95.000221 2.150000 0.000000 0.000000
405000 19 P -213.003448 -14.173330 -98.018929 2.110000 -1.000000 0.000000
405000 20 S -213.741257 -14.106018 -94.309242 1.800000 0.000000 0.000000
405000 21 A -210.747055 -14.654671 -92.427284 2.150000 0.000000 0.000000
405000 22 P -214.138428 -10.515812 -93.412659 2.110000 -1.000000 0.000000
405000 23 S -213.341766 -12.358525 -90.337288 1.800000 0.000000 0.000000
405000 24 A -216.770981 -12.214712 -89.818611 2.150000 0.000000 0.000000
405000 25 P -212.397430 -9.237953 -88.565712 2.110000 -1.000000 0.000000
405000 26 S -209.172516 -11.105856 -87.940811 1.800000 0.000000 0.000000
405000 27 G -207.019012 -12.615651 -90.060051 2.150000 0.000000 0.000000
405000 28 P -206.595322 -8.686380 -86.489250 2.110000 -1.000000 0.000000
405000 29 S -203.034058 -9.832361 -87.875710 1.800000 0.000000 0.000000
405000 30 C -204.038284 -9.058169 -91.242447 2.150000 0.000000 0.000000
405000 31 P -201.202484 -6.425120 -87.234306 2.110000 -1.000000 0.000000
405000 32 S -198.267151 -6.971235 -89.773621 1.800000 0.000000 0.000000
405000 33 C -200.072296 -7.374738 -92.858940 2.150000 0.000000 0.000000
405000 34 P -196.834961 -3.559537 -89.605820 2.110000 -1.000000 0.000000
405000 35 S -195.661987 -3.467787 -93.155991 1.800000 0.000000 0.000000
405000 36 U -198.124680 -4.101217 -95.472260 2.150000 0.000000 0.000000
405000 37 P -194.667450 -0.083963 -94.834694 2.110000 -1.000000 0.000000
410000 1 P -207.813080 -0.728378 -110.284882 2.110000 -1.000000 1.000000
410000 2 S -204.098816 -1.510318 -110.777466 1.800000 0.000000 0.000000
410000 3 G -203.328491 -1.717961 -107.341049 2.150000 0.000000 0.000000
410000 4 P -204.363037 -5.199771 -111.343910 2.110000 -1.000000 0.000000
410000 5 S -201.230698 -6.766870 -109.701775 1.800000 0.000000 0.000000
410000 6 G -202.095886 -5.539779 -106.373848 2.150000 0.000000 0.000000
410000 7 P -203.856522 -9.702616 -110.097473 2.110000 -1.000000 0.000000
410000 8 S -201.931122 -11.518940 -107.292923 1.800000 0.000000 0.000000
410000 9 G -203.317719 -9.746080 -104.405586 2.150000 0.000000 0.000000
410000 10 P -204.779907 -14.056275 -107.773842 2.110000 -1.000000 0.000000
410000 11 S -203.581223 -15.828852 -104.645218 1.800000 0.000000 0.000000
410000 12 C -204.455643 -13.108585 -102.754601 2.150000 0.000000 0.000000
410000 13 P -207.254211 -16.346951 -105.234085 2.110000 -1.000000 0.000000
410000 14 S -207.816483 -19.104294 -102.688263 1.800000 0.000000 0.000000
410000 15 G -206.791672 -17.046154 -100.191414 2.150000 0.000000 0.000000
410000 16 P -211.371506 -18.192499 -102.714119 2.110000 -1.000000 0.000000
410000 17 S -211.943817 -19.468042 -99.166000 1.800000 0.000000 0.000000
410000 18 C -209.818619 -17.905121 -97.012344 2.150000 0.000000 0.000000
410000 19 P -214.236420 -16.533274 -99.935570 2.110000 -1.000000 0.000000
410000 20 S -215.547958 -15.576894 -96.500870 1.800000 0.000000 0.000000
410000 21 A -212.149475 -14.352047 -96.677567 2.150000 0.000000 0.000000
410000 22 P -216.944046 -12.088356 -97.230270 2.110000 -1.000000 0.000000
410000 23 S -214.863617 -11.138576 -94.208527 1.800000 0.000000 0.000000
410000 24 A -217.159775 -11.039033 -91.523857 2.150000 0.000000 0.000000
410000 25 P -214.006241 -7.488713 -94.518211 2.110000 -1.000000 0.000000
410000 26 S -211.144211 -9.135682 -92.788765 1.800000 0.000000 0.000000
410000 27 G -209.582306 -11.214307 -95.166656 2.150000 0.000000 0.000000
410000 28 P -208.878326 -5.941292 -92.546646 2.110000 -1.000000 0.000000
410000 29 S -206.265884 -8.593122 -92.587631 1.800000 0.000000 0.000000
410000 30 C -206.494949 -8.582956 -96.039795 2.150000 0.000000 0.000000
410000 31 P -203.806595 -5.751336 -92.811188 2.110000 -1.000000 0.000000
410000 32 S -201.184998 -7.946750 -94.607491 1.800000 0.000000 0.000000
410000 33 C -201.987030 -6.994700 -97.829895 2.150000 0.000000 0.000000
410000 34 P -198.830353 -4.785164 -94.630806 2.110000 -1.000000 0.000000
410000 35 S -196.865738 -5.161150 -97.861572 1.800000 0.000000 0.000000
410000 36 U -199.175247 -5.239839 -100.262207 2.150000 0.000000 0.000000
410000 37 P -195.212875 -2.252488 -99.527473 2.110000 -1.000000 0.000000
415000 1 P -206.815643 -5.552731 -103.308846 2.110000 -1.000000 1.000000
415000 2 S -203.100952 -5.931633 -104.048065 1.800000 0.000000 0.000000
415000 3 G -202.827972 -6.205005 -100.806107 2.150000 0.000000 0.000000
415000 4 P -203.395782 -9.697124 -104.794434 2.110000 -1.000000 0.000000
415000 5 S -199.753448 -10.540156 -103.742889 1.800000 0.000000 0.000000
415000 6 G -200.400665 -9.938927 -100.207565 2.150000 0.000000 0.000000
415000 7 P -200.121841 -14.316342 -103.501266 2.110000 -1.000000 0.000000
415000 8 S -198.043655 -15.711659 -100.533607 1.800000 0.000000 0.000000
415000 9 G -198.355453 -14.214780 -97.421638 2.150000 0.000000 0.000000
415000 10 P -200.325134 -18.780153 -100.343956 2.110000 -1.000000 0.000000
415000 11 S -200.392700 -20.384853 -96.963928 1.800000 0.000000 0.000000
415000 12 C -201.135147 -17.307606 -95.437073 2.150000 0.000000 0.000000
415000 13 P -203.994354 -21.091179 -97.345734 2.110000 -1.000000 0.000000
415000 14 S -204.448273 -20.866535 -93.502686 1.800000 0.000000 0.000000
415000 15 G -205.928726 -23.626646 -91.739609 2.150000 0.000000 0.000000
415000 16 P -207.905182 -20.107149 -94.672531 2.110000 -1.000000 0.000000
415000 17 S -209.851761 -21.551912 -91.839882 1.800000 0.000000 0.000000
415000 18 C -208.479401 -19.215029 -89.899559 2.150000 0.000000 0.000000
415000 19 P -212.616760 -19.628334 -93.607735 2.110000 -1.000000 0.000000
415000 20 S -214.436325 -18.523661 -90.424232 1.800000 0.000000 0.000000
415000 21 A -217.562927 -19.131474 -91.832245 2.150000 0.000000 0.000000
415000 22 P -215.830811 -15.085707 -90.897964 2.110000 -1.000000 0.000000
415000 23 S -212.369095 -14.746844 -89.420120 1.800000 0.000000 0.000000
415000 24 A -210.290604 -15.756615 -92.056183 2.150000 0.000000 0.000000
415000 25 P -211.743454 -10.854092 -89.094643 2.110000 -1.000000 0.000000
415000 26 S -208.528931 -11.503041 -87.108650 1.800000 0.000000 0.000000
415000 27 G -207.233810 -13.735412 -89.519951 2.150000 0.000000 0.000000
415000 28 P -205.474564 -9.217459 -86.496284 2.110000 -1.000000 0.000000
415000 29 S -202.497757 -11.552508 -86.316910 1.800000 0.000000 0.000000
415000 30 C -202.333313 -12.802341 -89.636032 2.150000 0.000000 0.000000
415000 31 P -199.062256 -9.975006 -86.805649 2.110000 -1.000000 0.000000
415000 32 S -197.850113 -13.041964 -88.903168 1.800000 0.000000 0.000000
415000 33 C -199.152939 -13.429278 -92.040604 2.150000 0.000000 0.000000
415000 34 P -195.084473 -11.047081 -90.385544 2.110000 -1.000000 0.000000
415000 35 S -194.529968 -12.449616 -93.957458 1.800000 0.000000 0.000000
415000 36 U -197.100189 -10.539077 -94.577049 2.150000 0.000000 0.000000
415000 37 P -192.388107 -9.463134 -95.119400 2.110000 -1.000000 0.000000
420000 1 P -203.978256 -0.404197 -101.316093 2.110000 -1.000000 1.000000
420000 2 S -200.606369 -1.061816 -102.914848 1.800000 0.000000 0.000000
420000 3 G -198.605606 -1.341572 -100.308075 2.150000 0.000000 0.000000
420000 4 P -201.963959 -4.743480 -103.301895 2.110000 -1.000000 0.000000
420000 5 S -198.563416 -6.204699 -102.524734 1.800000 0.000000 0.000000
420000 6 G -198.930984 -5.252408 -99.107872 2.150000 0.000000 0.000000
420000 7 P -200.638428 -9.344767 -102.929604 2.110000 -1.000000 0.000000
420000 8 S -198.317581 -11.262358 -100.502831 1.800000 0.000000 0.000000
420000 9 G -198.721359 -9.950464 -97.272873 2.150000 0.000000 0.000000
420000 10 P -201.135193 -13.730051 -100.659935 2.110000 -1.000000 0.000000
420000 11 S -201.407913 -15.386887 -97.265648 1.800000 0.000000 0.000000
420000 12 C -201.694550 -12.626903 -95.259140 2.150000 0.000000 0.000000
420000 13 P -205.001846 -16.317987 -97.107140 2.110000 -1.000000 0.000000
420000 14 S -204.657867 -17.773209 -93.662895 1.800000 0.000000 0.000000
420000 15 G -204.744431 -14.539325 -92.323875 2.150000 0.000000 0.000000
420000 16 P -208.286667 -17.917162 -94.302795 2.110000 -1.000000 0.000000
420000 17 S -209.641708 -19.163038 -90.855141 1.800000 0.000000 0.000000
420000 18 C -206.962463 -17.042976 -89.455635 2.150000 0.000000 0.000000
420000 19 P -211.836166 -16.036472 -91.913635 2.110000 -1.000000 0.000000
420000 20 S -212.690933 -14.839258 -88.589836 1.800000 0.000000 0.000000
420000 21 A -215.809998 -15.719394 -90.328308 2.150000 0.000000 0.000000
420000 22 P -212.944565 -11.189762 -89.578163 2.110000 -1.000000 0.000000
420000 23 S -211.101013 -9.869472 -86.475601 1.800000 0.000000 0.000000
420000 24 A -208.161148 -11.210377 -87.513535 2.150000 0.000000 0.000000
420000 25 P -210.983871 -6.013815 -86.967514 2.110000 -1.000000 0.000000
420000 26 S -207.675262 -7.433305 -85.916519 1.800000 0.000000 0.000000
420000 27 G -206.437195 -7.876385 -89.066582 2.150000 0.000000 0.000000
420000 28 P -204.959045 -4.951602 -85.267326 2.110000 -1.000000 0.000000
420000 29 S -201.792679 -6.727661 -85.641953 1.800000 0.000000 0.000000
420000 30 C -200.994308 -7.456577 -89.207481 2.150000 0.000000 0.000000
420000 31 P -199.094910 -3.994599 -85.712875 2.110000 -1.000000 0.000000
420000 32 S -196.463287 -6.331954 -87.105095 1.800000 0.000000 0.000000
420000 33 C -198.126495 -5.017319 -90.130295 2.150000 0.000000 0.000000
420000 34 P -193.394196 -4.403270 -87.900352 2.110000 -1.000000 0.000000
420000 35 S -192.243011 -6.626070 -90.680527 1.800000 0.000000 0.000000
420000 36 U -193.705032 -5.019085 -93.456322 2.150000 0.000000 0.000000
420000 37 P -188.910767 -4.930262 -91.585823 2.110000 -1.000000 0.000000
425000 1 P -202.557144 -8.855297 -103.493256 2.110000 -1.000000 1.000000
425000 2 S -198.992462 -9.890753 -104.000732 1.800000 0.000000 0.000000
425000 3 G -197.880630 -10.205389 -100.814957 2.150000 0.000000 0.000000
425000 4 P -199.926407 -13.513604 -103.619545 2.110000 -1.000000 0.000000
425000 5 S -197.222290 -15.361887 -101.381721 1.800000 0.000000 0.000000
425000 6 G -198.182861 -13.699902 -98.556244 2.150000 0.000000 0.000000
425000 7 P -199.674194 -18.259754 -100.699303 2.110000 -1.000000 0.000000
425000 8 S -198.375488 -18.865759 -97.254753 1.800000 0.000000 0.000000
425000 9 G -199.374329 -16.310528 -95.110481 2.150000 0.000000 0.000000
425000 10 P -201.451752 -20.972216 -96.807434 2.110000 -1.000000 0.000000
425000 11 S -201.640686 -22.147955 -93.214912 1.800000 0.000000 0.000000
425000 12 C -202.468185 -19.002043 -91.745857 2.150000 0.000000 0.000000
425000 13 P -205.218277 -22.601612 -94.216476 2.110000 -1.000000 0.000000
425000 14 S -207.109222 -24.223818 -91.186981 1.800000 0.000000 0.000000
425000 15 G -206.324890 -21.701262 -88.888702 2.150000 0.000000 0.000000
425000 16 P -210.248947 -22.361763 -91.241570 2.110000 -1.000000 0.000000
425000 17 S -211.067184 -22.245543 -87.642593 1.800000 0.000000 0.000000
425000 18 C -208.863434 -19.859482 -86.686867 2.150000 0.000000 0.000000
425000 19 P -213.275452 -19.101208 -87.839027 2.110000 -1.000000 0.000000
425000 20 S -213.382248 -17.579298 -84.393639 1.800000 0.000000 0.000000
425000 21 A -210.148682 -16.839251 -83.300751 2.150000 0.000000 0.000000
425000 22 P -215.218689 -14.147402 -84.423859 2.110000 -1.000000 0.000000
425000 23 S -211.361038 -13.263683 -84.449821 1.800000 0.000000 0.000000
425000 24 A -209.911514 -15.326218 -86.827545 2.150000 0.000000 0.000000
425000 25 P -210.230286 -9.798630 -85.553879 2.110000 -1.000000 0.000000
425000 26 S -206.867310 -10.644456 -84.006462 1.800000 0.000000 0.000000
425000 27 G -206.573135 -13.497771 -86.228722 2.150000 0.000000 0.000000
425000 28 P -203.878174 -8.448866 -85.123238 2.110000 -1.000000 0.000000
425000 29 S -201.955643 -11.753913 -84.601624 1.800000 0.000000 0.000000
425000 30 C -202.891418 -12.578896 -87.768860 2.150000 0.000000 0.000000
425000 31 P -198.383041 -10.683471 -85.073242 2.110000 -1.000000 0.000000
425000 32 S -197.314438 -14.222794 -86.523819 1.800000 0.000000 0.000000
425000 33 C -199.276886 -13.812835 -89.693642 2.150000 0.000000 0.000000
425000 34 P -193.686615 -13.060471 -87.905434 2.110000 -1.000000 0.000000
425000 35 S -192.799408 -15.222689 -91.026741 1.800000 0.000000 0.000000
425000 36 U -194.875977 -12.650432 -92.550255 2.150000 0.000000 0.000000
425000 37 P -189.461060 -13.218976 -91.667580 2.110000 -1.000000 0.000000
430000 1 P -208.459198 -6.132875 -107.850563 2.110000 -1.000000 1.000000
430000 2 S -205.449814 -8.180670 -108.410431 1.800000 0.000000 0.000000
430000 3 G -203.773712 -8.232933 -105.597183 2.150000 0.000000 0.000000
430000 4 P -207.299286 -11.540064 -107.744148 2.110000 -1.000000 0.000000
430000 5 S -204.053192 -13.553180 -106.931519 1.800000 0.000000 0.000000
430000 6 G -204.029114 -12.233919 -103.662064 2.150000 0.000000 0.000000
430000 7 P -205.407928 -16.653103 -105.481903 2.110000 -1.000000 0.000000
430000 8 S -203.014481 -18.095757 -102.792252 1.800000 0.000000 0.000000
430000 9 G -202.934189 -16.175890 -99.906227 2.150000 0.000000 0.000000
430000 10 P -205.792480 -20.435158 -101.582649 2.110000 -1.000000 0.000000
430000 11 S -204.130127 -21.816513 -98.665726 1.800000 0.000000 0.000000
430000 12 C -204.801788 -19.499773 -96.194901 2.150000 0.000000 0.000000
430000 13 P -207.652786 -23.003540 -98.319267 2.110000 -1.000000 0.000000
430000 14 S -208.735092 -23.120893 -94.736320 1.800000 0.000000 0.000000
430000 15 G -208.660370 -26.680042 -94.327621 2.150000 0.000000 0.000000
430000 16 P -212.605011 -22.693121 -95.024132 2.110000 -1.000000 0.000000
430000 17 S -211.578171 -20.527668 -92.126999 1.800000 0.000000 0.000000
430000 18 C -208.954727 -18.423466 -93.144478 2.150000 0.000000 0.000000
430000 19 P -214.274948 -17.695910 -92.840050 2.110000 -1.000000 0.000000
430000 20 S -213.727829 -16.103962 -89.298729 1.800000 0.000000 0.000000
430000 21 A -216.845016 -17.456011 -88.209846 2.150000 0.000000 0.000000
430000 22 P -214.710144 -12.600266 -90.184044 2.110000 -1.000000 0.000000
430000 23 S -211.500504 -12.986523 -88.443230 1.800000 0.000000 0.000000
430000 24 A -210.024734 -13.816786 -91.303383 2.150000 0.000000 0.000000
430000 25 P -210.244888 -9.428544 -88.656113 2.110000 -1.000000 0.000000
430000 26 S -207.247650 -11.350997 -87.461586 1.800000 0.000000 0.000000
430000 27 G -205.737488 -13.861660 -89.189156 2.150000 0.000000 0.000000
430000 28 P -205.226212 -8.224029 -88.346458 2.110000 -1.000000 0.000000
430000 29 S -202.678696 -10.750115 -89.118279 1.800000 0.000000 0.000000
430000 30 C -203.567551 -11.144361 -92.560547 2.150000 0.000000 0.000000
430000 31 P -200.286713 -8.273820 -90.763290 2.110000 -1.000000 0.000000
430000 32 S -198.270538 -10.585833 -93.017616 1.800000 0.000000 0.000000
430000 33 C -199.261627 -10.409765 -96.353943 2.150000 0.000000 0.000000
430000 34 P -197.053635 -6.815946 -93.628487 2.110000 -1.000000 0.000000
430000 35 S -195.370316 -5.814025 -96.878830 1.800000 0.000000 0.000000
430000 36 U -197.532074 -5.526003 -99.563995 2.150000 0.000000 0.000000
430000 37 P -195.827591 -1.837654 -95.553085 2.110000 -1.000000 0.000000
435000 1 P -206.361984 -13.854753 -109.577065 2.110000 -1.000000 1.000000
435000 2 S -202.592499 -13.833265 -110.681664 1.800000 0.000000 0.000000
435000 3 G -201.370209 -13.076590 -107.394661 2.150000 0.000000 0.000000
435000 4 P -202.675720 -17.563425 -109.998688 2.110000 -1.000000 0.000000
435000 5 S -199.080261 -18.839857 -109.478783 1.800000 0.000000 0.000000
435000 6 G -198.410645 -17.287464 -106.669510 2.150000 0.000000 0.000000
435000 7 P -200.559647 -22.089832 -108.144943 2.110000 -1.000000 0.000000
435000 8 S -197.699219 -23.344856 -105.824104 1.800000 0.000000 0.000000
435000 9 G -198.187790 -20.408400 -103.866554 2.150000 0.000000 0.000000
435000 10 P -201.024231 -25.201162 -105.376823 2.110000 -1.000000 0.000000
435000 11 S -200.239197 -25.651691 -101.728455 1.800000 0.000000 0.000000
435000 12 C -200.250473 -22.226702 -100.874023 2.150000 0.000000 0.000000
435000 13 P -204.035828 -25.628462 -102.453041 2.110000 -1.000000 0.000000
435000 14 S -205.675629 -24.539112 -99.375908 1.800000 0.000000 0.000000
435000 15 G -203.838379 -21.467472 -99.048424 2.150000 0.000000 0.000000
435000 16 P -209.299545 -23.709051 -100.380829 2.110000 -1.000000 0.000000
435000 17 S -208.482330 -21.928446 -97.239067 1.800000 0.000000 0.000000
435000 18 C -208.064514 -19.614479 -99.901787 2.150000 0.000000 0.000000
435000 19 P -211.187225 -19.387110 -96.456184 2.110000 -1.000000 0.000000
435000 20 S -208.211243 -18.437803 -94.425064 1.800000 0.000000 0.000000
435000 21 A -206.088913 -18.539759 -97.113892 2.150000 0.000000 0.000000
435000 22 P -208.137024 -14.617259 -94.591736 2.110000 -1.000000 0.000000
435000 23 S -206.264664 -15.695983 -91.293953 1.800000 0.000000 0.000000
435000 24 A -204.487030 -18.478521 -92.126259 2.150000 0.000000 0.000000
435000 25 P -203.908203 -12.735613 -91.783180 2.110000 -1.000000 0.000000
435000 26 S -200.985626 -14.984867 -91.273705 1.800000 0.000000 0.000000
435000 27 G -201.295532 -16.021688 -94.594597 2.150000 0.000000 0.000000
435000 28 P -198.410568 -12.246346 -92.339096 2.110000 -1.000000 0.000000
435000 29 S -195.364822 -14.368370 -93.386726 1.800000 0.000000 0.000000
435000 30 C -196.182083 -16.408466 -96.058563 2.150000 0.000000 0.000000
435000 31 P -193.455139 -11.561697 -95.259148 2.110000 -1.000000 0.000000
435000 32 S -191.408142 -13.770895 -97.726021 1.800000 0.000000 0.000000
435000 33 C -194.557068 -14.026720 -99.117889 2.150000 0.000000 0.000000
435000 34 P -190.382187 -10.218440 -99.323288 2.110000 -1.000000 0.000000
435000 35 S -189.979355 -11.678633 -102.779549 1.800000 0.000000 0.000000
435000 36 U -193.253159 -12.173824 -103.668579 2.150000 0.000000 0.000000
435000 37 P -189.776810 -8.186542 -104.521225 2.110000 -1.000000 0.000000
440000 1 P -210.027878 -13.512755 -110.983681 2.110000 -1.000000 1.000000
440000 2 S -206.534424 -14.105171 -112.508713 1.800000 0.000000 0.000000
440000 3 G -204.257309 -13.170121 -109.912849 2.150000 0.000000 0.000000
440000 4 P -206.031387 -17.638897 -111.075356 2.110000 -1.000000 0.000000
440000 5 S -202.369247 -18.457449 -110.201767 1.800000 0.000000 0.000000
440000 6 G -201.612839 -16.202856 -107.858788 2.150000 0.000000 0.000000
440000 7 P -202.606110 -21.632740 -108.116142 2.110000 -1.000000 0.000000
440000 8 S -199.909103 -21.930311 -105.372444 1.800000 0.000000 0.000000
440000 9 G -201.802383 -20.000578 -103.078087 2.150000 0.000000 0.000000
440000 10 P -201.723602 -25.230251 -104.236549 2.110000 -1.000000 0.000000
440000 11 S -201.602325 -25.796919 -100.493889 1.800000 0.000000 0.000000
440000 12 C -202.818848 -22.683136 -99.798187 2.150000 0.000000 0.000000
440000 13 P -204.971756 -27.432894 -101.082130 2.110000 -1.000000 0.000000
440000 14 S -206.579071 -26.593578 -97.692284 1.800000 0.000000 0.000000
440000 15 G -206.714706 -24.006826 -99.698792 2.150000 0.000000 0.000000
440000 16 P -210.201599 -26.779598 -98.940338 2.110000 -1.000000 0.000000
440000 17 S -211.434814 -25.191980 -95.673195 1.800000 0.000000 0.000000
440000 18 C -213.903046 -27.954103 -95.089066 2.150000 0.000000 0.000000
440000 19 P -214.187881 -22.993032 -96.654503 2.110000 -1.000000 0.000000
440000 20 S -211.711578 -20.243948 -95.470795 1.800000 0.000000 0.000000
440000 21 A -209.521225 -20.806736 -98.342926 2.150000 0.000000 0.000000
440000 22 P -212.714340 -16.512440 -96.168304 2.110000 -1.000000 0.000000
440000 23 S -210.729675 -15.884574 -93.026817 1.800000 0.000000 0.000000
440000 24 A -208.665024 -17.860136 -95.036163 2.150000 0.000000 0.000000
440000 25 P -209.664597 -12.235382 -93.168137 2.110000 -1.000000 0.000000
440000 26 S -206.182480 -13.647172 -92.383644 1.800000 0.000000 0.000000
440000 27 G -205.580856 -15.217019 -95.410751 2.150000 0.000000 0.000000
440000 28 P -204.454010 -10.272787 -93.533661 2.110000 -1.000000 0.000000
440000 29 S -201.099777 -11.872170 -94.522102 1.800000 0.000000 0.000000
440000 30 C -202.394287 -13.062349 -97.462769 2.150000 0.000000 0.000000
440000 31 P -200.461578 -8.443219 -96.092896 2.110000 -1.000000 0.000000
440000 32 S -197.632370 -9.659631 -98.400703 1.800000 0.000000 0.000000
440000 33 C -198.177856 -11.942638 -100.964722 2.150000 0.000000 0.000000
440000 34 P -196.656387 -6.776537 -100.589600 2.110000 -1.000000 0.000000
440000 35 S -195.078796 -8.309289 -103.501129 1.800000 0.000000 0.000000
440000 36 U -198.286011 -9.090117 -104.952316 2.150000 0.000000 0.000000
440000 37 P -195.511337 -4.622534 -105.171745 2.110000 -1.000000 0.000000
445000 1 P -206.167831 -12.846410 -112.103081 2.110000 -1.000000 1.000000
445000 2 S -202.587418 -12.713550 -111.103889 1.800000 0.000000 0.000000
445000 3 G -202.961670 -11.377394 -107.931633 2.150000 0.000000 0.000000
445000 4 P -202.890930 -16.529305 -110.327034 2.110000 -1.000000 0.000000
445000 5 S -200.460693 -16.589384 -107.403244 1.800000 0.000000 0.000000
445000 6 G -202.491150 -14.990040 -105.046898 2.150000 0.000000 0.000000
445000 7 P -201.615738 -20.090376 -106.389511 2.110000 -1.000000 0.000000
445000 8 S -199.725342 -20.449955 -103.063240 1.800000 0.000000 0.000000
445000 9 G -202.256332 -18.162634 -102.260849 2.150000 0.000000 0.000000
445000 10 P -201.495361 -23.497313 -103.285233 2.110000 -1.000000 0.000000
445000 11 S -200.529709 -23.535170 -99.616241 1.800000 0.000000 0.000000
445000 12 C -201.658478 -20.509476 -98.324165 2.150000 0.000000 0.000000
445000 13 P -202.995789 -25.866701 -98.148834 2.110000 -1.000000 0.000000
445000 14 S -202.686859 -25.052732 -94.326225 1.800000 0.000000 0.000000
445000 15 G -203.066315 -21.654671 -94.495323 2.150000 0.000000 0.000000
445000 16 P -206.333496 -26.286877 -93.814445 2.110000 -1.000000 0.000000
445000 17 S -207.184402 -23.545135 -91.615211 1.800000 0.000000 0.000000
445000 18 C -205.124863 -23.809475 -88.621399 2.150000 0.000000 0.000000
445000 19 P -210.612595 -24.523664 -90.696541 2.110000 -1.000000 0.000000
445000 20 S -211.338928 -20.814800 -89.904930 1.800000 0.000000 0.000000
445000 21 A -209.511658 -20.076185 -87.135811 2.150000 0.000000 0.000000
445000 22 P -214.907867 -19.612329 -89.872902 2.110000 -1.000000 0.000000
445000 23 S -212.012207 -17.479057 -91.257912 1.800000 0.000000 0.000000
445000 24 A -212.816803 -18.759226 -94.605339 2.150000 0.000000 0.000000
445000 25 P -212.389755 -13.917217 -92.469666 2.110000 -1.000000 0.000000
445000 26 S -208.825073 -13.932867 -91.004005 1.800000 0.000000 0.000000
445000 27 G -207.135757 -16.028841 -92.974495 2.150000 0.000000 0.000000
445000 28 P -206.921173 -10.590392 -91.761482 2.110000 -1.000000 0.000000
445000 29 S -203.145920 -10.803834 -92.424339 1.800000 0.000000 0.000000
445000 30 C -203.137573 -12.037783 -95.658684 2.150000 0.000000 0.000000
445000 31 P -203.190506 -7.238409 -93.371742 2.110000 -1.000000 0.000000
445000 32 S -200.316269 -7.592903 -95.893036 1.800000 0.000000 0.000000
445000 33 C -202.202194 -8.648183 -98.634010 2.150000 0.000000 0.000000
445000 34 P -201.210175 -3.848577 -96.348549 2.110000 -1.000000 0.000000
445000 35 S -199.042236 -3.618384 -99.440590 1.800000 0.000000 0.000000
445000 36 U -201.236938 -5.816570 -101.106239 2.150000 0.000000 0.000000
445000 37 P -200.071091 -0.567702 -101.416679 2.110000 -1.000000 0.000000
450000 1 P -203.350403 -14.142163 -104.511841 2.110000 -1.000000 1.000000
450000 2 S -199.961243 -13.274472 -103.100655 1.800000 0.000000 0.000000
450000 3 G -200.541458 -11.535319 -100.372116 2.150000 0.000000 0.000000
450000 4 P -200.449631 -17.213684 -102.719040 2.110000 -1.000000 0.000000
450000 5 S -199.286179 -17.256920 -99.039909 1.800000 0.000000 0.000000
450000 6 G -201.637436 -15.152256 -97.524117 2.150000 0.000000 0.000000
450000 7 P -200.980286 -20.737480 -98.248428 2.110000 -1.000000 0.000000
450000 8 S -201.158524 -20.055155 -94.494690 1.800000 0.000000 0.000000
450000 9 G -203.905930 -18.445757 -93.025009 2.150000 0.000000 0.000000
450000 10 P -203.010788 -23.122169 -94.368690 2.110000 -1.000000 0.000000
450000 11 S -205.006317 -22.730143 -91.087601 1.800000 0.000000 0.000000
450000 12 C -207.671448 -20.978966 -92.960846 2.150000 0.000000 0.000000
450000 13 P -206.844009 -25.848377 -91.779266 2.110000 -1.000000 0.000000
450000 14 S -209.947220 -23.973780 -90.704346 1.800000 0.000000 0.000000
450000 15 G -210.654373 -25.876320 -87.692894 2.150000 0.000000 0.000000
450000 16 P -212.706879 -26.512716 -92.110107 2.110000 -1.000000 0.000000
450000 17 S -214.879349 -23.590012 -91.048500 1.800000 0.000000 0.000000
450000 18 C -213.015137 -20.876101 -91.925156 2.150000 0.000000 0.000000
450000 19 P -218.234467 -22.976051 -92.377846 2.110000 -1.000000 0.000000
450000 20 S -217.316208 -19.435217 -90.712952 1.800000 0.000000 0.000000
450000 21 A -216.347519 -19.750694 -87.414490 2.150000 0.000000 0.000000
450000 22 P -218.575485 -15.649652 -90.855431 2.110000 -1.000000 0.000000
450000 23 S -216.247650 -15.670351 -87.864784 1.800000 0.000000 0.000000
450000 24 A -213.815033 -16.154125 -90.289909 2.150000 0.000000 0.000000
450000 25 P -217.028336 -11.940179 -88.207016 2.110000 -1.000000 0.000000
450000 26 S -213.232925 -11.256381 -88.148216 1.800000 0.000000 0.000000
450000 27 G -211.781708 -12.728992 -91.185753 2.150000 0.000000 0.000000
450000 28 P -212.246643 -7.875183 -89.402512 2.110000 -1.000000 0.000000
450000 29 S -208.700333 -8.513768 -88.034676 1.800000 0.000000 0.000000
450000 30 C -207.609619 -11.043646 -89.964737 2.150000 0.000000 0.000000
450000 31 P -206.401428 -5.442681 -88.746933 2.110000 -1.000000 0.000000
450000 32 S -202.874313 -7.032862 -88.948830 1.800000 0.000000 0.000000
450000 33 C -203.503326 -8.240056 -92.211121 2.150000 0.000000 0.000000
450000 34 P -202.165894 -3.215537 -89.657722 2.110000 -1.000000 0.000000
450000 35 S -198.638367 -3.896962 -90.887497 1.800000 0.000000 0.000000
450000 36 U -199.455994 -5.391129 -94.000946 2.150000 0.000000 0.000000
450000 37 P -198.199570 -0.512702 -92.472069 2.110000 -1.000000 0.000000
455000 1 P -210.371155 -9.121051 -102.675491 2.110000 -1.000000 1.000000
455000 2 S -206.810822 -10.437752 -103.514008 1.800000 0.000000 0.000000
455000 3 G -204.824371 -9.405623 -100.797058 2.150000 0.000000 0.000000
455000 4 P -207.530136 -13.647098 -101.671638 2.110000 -1.000000 0.000000
455000 5 S -203.960114 -14.325170 -100.501007 1.800000 0.000000 0.000000
455000 6 G -203.633759 -12.532260 -97.542824 2.150000 0.000000 0.000000
455000 7 P -205.428223 -17.353516 -99.051788 2.110000 -1.000000 0.000000
455000 8 S -203.524124 -17.915447 -95.805191 1.800000 0.000000 0.000000
455000 9 G -205.940628 -16.175501 -93.893097 2.150000 0.000000 0.000000
455000 10 P -205.464371 -21.095339 -95.675400 2.110000 -1.000000 0.000000
455000 11 S -205.883957 -21.741442 -92.116806 1.800000 0.000000 0.000000
455000 12 C -207.257431 -18.939959 -90.727386 2.150000 0.000000 0.000000
455000 13 P -208.232330 -24.266085 -93.794952 2.110000 -1.000000 0.000000
455000 14 S -209.674774 -23.959068 -90.198730 1.800000 0.000000 0.000000
455000 15 G -209.304016 -26.541122 -88.006889 2.150000 0.000000 0.000000
455000 16 P -213.220352 -25.264488 -91.116226 2.110000 -1.000000 0.000000
455000 17 S -214.250763 -22.748798 -88.392906 1.800000 0.000000 0.000000
455000 18 C -214.054657 -24.053507 -85.391464 2.150000 0.000000 0.000000
455000 19 P -218.037979 -21.935173 -88.753983 2.110000 -1.000000 0.000000
455000 20 S -216.936478 -19.034105 -86.603188 1.800000 0.000000 0.000000
455000 21 A -216.116516 -18.408131 -89.987511 2.150000 0.000000 0.000000
455000 22 P -219.443878 -16.333332 -87.353058 2.110000 -1.000000 0.000000
455000 23 S -216.691162 -14.352796 -85.637344 1.800000 0.000000 0.000000
455000 24 A -213.866943 -14.981362 -87.679390 2.150000 0.000000 0.000000
455000 25 P -216.913254 -10.422655 -86.058144 2.110000 -1.000000 0.000000
455000 26 S -213.251755 -10.367454 -84.734520 1.800000 0.000000 0.000000
455000 27 G -211.757431 -11.792193 -87.723480 2.150000 0.000000 0.000000
455000 28 P -211.855804 -6.963121 -85.275269 2.110000 -1.000000 0.000000
455000 29 S -207.984161 -7.984196 -85.083191 1.800000 0.000000 0.000000
455000 30 C -207.888489 -9.220576 -88.414024 2.150000 0.000000 0.000000
455000 31 P -206.611954 -4.475668 -86.311554 2.110000 -1.000000 0.000000
455000 32 S -203.373459 -6.521519 -86.807838 1.800000 0.000000 0.000000
455000 33 C -203.868149 -8.268196 -89.757919 2.150000 0.000000 0.000000
455000 34 P -201.273117 -3.699452 -88.449158 2.110000 -1.000000 0.000000
455000 35 S -199.336914 -6.520759 -90.106918 1.800000 0.000000 0.000000
455000 36 U -200.753830 -7.424739 -93.004364 2.150000 0.000000 0.000000
455000 37 P -198.389694 -3.304681 -91.958214 2.110000 -1.000000 0.000000
460000 1 P -216.734894 -15.050175 -103.848587 2.110000 -1.000000 1.000000
460000 2 S -213.177597 -13.886343 -104.844620 1.800000 0.000000 0.000000
460000 3 G -212.487595 -11.650931 -102.269218 2.150000 0.000000 0.000000
460000 4 P -211.151962 -17.050539 -103.581139 2.110000 -1.000000 0.000000
460000 5 S -207.720779 -15.669667 -102.860382 1.800000 0.000000 0.000000
460000 6 G -208.865067 -13.989783 -100.049301 2.150000 0.000000 0.000000
460000 7 P -207.275284 -18.972713 -101.117149 2.110000 -1.000000 0.000000
460000 8 S -204.886215 -18.545597 -98.225716 1.800000 0.000000 0.000000
460000 9 G -207.085205 -17.702555 -95.887634 2.150000 0.000000 0.000000
460000 10 P -206.393341 -22.137938 -98.052002 2.110000 -1.000000 0.000000
460000 11 S -205.664795 -23.357466 -94.572823 1.800000 0.000000 0.000000
460000 12 C -207.653671 -21.058399 -93.338448 2.150000 0.000000 0.000000
460000 13 P -208.220047 -26.328165 -95.184593 2.110000 -1.000000 0.000000
460000 14 S -209.492310 -26.165443 -91.507904 1.800000 0.000000 0.000000
460000 15 G -211.039413 -23.045729 -90.832176 2.150000 0.000000 0.000000
460000 16 P -212.448914 -28.341539 -92.503922 2.110000 -1.000000 0.000000
460000 17 S -214.931915 -27.577770 -89.811386 1.800000 0.000000 0.000000
460000 18 C -215.851425 -30.237055 -87.510338 2.150000 0.000000 0.000000
460000 19 P -218.481125 -26.789982 -90.853745 2.110000 -1.000000 0.000000
460000 20 S -218.206192 -25.317614 -87.356133 1.800000 0.000000 0.000000
460000 21 A -215.160736 -24.048225 -87.675331 2.150000 0.000000 0.000000
460000 22 P -220.441208 -22.216709 -87.793793 2.110000 -1.000000 0.000000
460000 23 S -217.960220 -20.049723 -85.910416 1.800000 0.000000 0.000000
460000 24 A -215.539001 -20.219809 -88.293518 2.150000 0.000000 0.000000
460000 25 P -218.503662 -16.263363 -86.582352 2.110000 -1.000000 0.000000
460000 26 S -215.162918 -15.762819 -84.835808 1.800000 0.000000 0.000000
460000 27 G -213.875397 -16.236246 -88.102730 2.150000 0.000000 0.000000
460000 28 P -215.147522 -12.188004 -85.909889 2.110000 -1.000000 0.000000
460000 29 S -211.294022 -12.263824 -85.654938 1.800000 0.000000 0.000000
460000 30 C -210.088196 -14.041343 -88.249855 2.150000 0.000000 0.000000
460000 31 P -210.237030 -9.010750 -87.142448 2.110000 -1.000000 0.000000
460000 32 S -206.809357 -9.850225 -88.638596 1.800000 0.000000 0.000000
460000 33 C -207.817688 -10.671707 -91.789711 2.150000 0.000000 0.000000
460000 34 P -206.472427 -6.614935 -90.755707 2.110000 -1.000000 0.000000
460000 35 S -204.556320 -7.525045 -93.990273 1.800000 0.000000 0.000000
460000 36 U -207.053436 -9.653046 -95.578339 2.150000 0.000000 0.000000
460000 37 P -205.841309 -4.298572 -95.475693 2.110000 -1.000000 0.000000
465000 1 P -213.228027 -14.935026 -102.557663 2.110000 -1.000000 1.000000
465000 2 S -211.435791 -13.121137 -105.491211 1.800000 0.000000 0.000000
465000 3 G -209.447144 -11.108788 -103.584267 2.150000 0.000000 0.000000
465000 4 P -209.008347 -15.977765 -106.051262 2.110000 -1.000000 0.000000
465000 5 S -205.777390 -14.017120 -106.490791 1.800000 0.000000 0.000000
465000 6 G -204.782120 -12.779024 -103.583931 2.150000 0.000000 0.000000
465000 7 P -204.332642 -17.394300 -105.653442 2.110000 -1.000000 0.000000
465000 8 S -201.227737 -17.268707 -103.552094 1.800000 0.000000 0.000000
465000 9 G -202.618958 -15.076785 -101.136711 2.150000 0.000000 0.000000
465000 10 P -203.073212 -20.573292 -103.353340 2.110000 -1.000000 0.000000
465000 11 S -202.114212 -20.682648 -99.612396 1.800000 0.000000 0.000000
465000 12 C -204.221436 -18.265913 -98.835663 2.150000 0.000000 0.000000
465000 13 P -204.631836 -23.640091 -99.166466 2.110000 -1.000000 0.000000
465000 14 S -206.544464 -21.793093 -96.267464 1.800000 0.000000 0.000000
465000 15 G -208.237183 -18.877821 -96.754021 2.150000 0.000000 0.000000
465000 16 P -210.300674 -23.109257 -96.591904 2.110000 -1.000000 0.000000
465000 17 S -211.088104 -22.816113 -92.830322 1.800000 0.000000 0.000000
465000 18 C -209.682098 -19.601427 -91.821999 2.150000 0.000000 0.000000
465000 19 P -214.892426 -23.054670 -92.672913 2.110000 -1.000000 0.000000
465000 20 S -214.317734 -20.109121 -90.365524 1.800000 0.000000 0.000000
465000 21 A -213.986618 -18.825401 -93.710152 2.150000 0.000000 0.000000
465000 22 P -216.949615 -17.420523 -90.217583 2.110000 -1.000000 0.000000
465000 23 S -213.822540 -15.072320 -89.952965 1.800000 0.000000 0.000000
465000 24 A -216.012863 -13.354717 -91.995277 2.150000 0.000000 0.000000
465000 25 P -212.560059 -11.188035 -89.800835 2.110000 -1.000000 0.000000
465000 26 S -208.925354 -11.978358 -89.456497 1.800000 0.000000 0.000000
465000 27 G -207.930405 -13.432679 -92.449509 2.150000 0.000000 0.000000
465000 28 P -207.321716 -8.333421 -89.829666 2.110000 -1.000000 0.000000
465000 29 S -203.675430 -9.411927 -90.014137 1.800000 0.000000 0.000000
465000 30 C -204.056549 -10.790670 -93.453873 2.150000 0.000000 0.000000
465000 31 P -203.005615 -5.833056 -91.220200 2.110000 -1.000000 0.000000
465000 32 S -200.512878 -6.978191 -93.857384 1.800000 0.000000 0.000000
465000 33 C -201.713272 -9.061598 -96.555351 2.150000 0.000000 0.000000
465000 34 P -200.922043 -3.708628 -95.620354 2.110000 -1.000000 0.000000
465000 35 S -200.226059 -4.471250 -99.394318 1.800000 0.000000 0.000000
465000 36 U -203.091263 -6.382640 -99.664299 2.150000 0.000000 0.000000
465000 37 P -202.091232 -1.096619 -99.876701 2.110000 -1.000000 0.000000
470000 1 P -204.079681 -12.772629 -98.630836 2.110000 -1.000000 1.000000
470000 2 S -200.331421 -11.813589 -99.029449 1.800000 0.000000 0.000000
470000 3 G -200.277954 -11.669537 -95.491142 2.150000 0.000000 0.000000
470000 4 P -200.453461 -15.606645 -99.517281 2.110000 -1.000000 0.000000
470000 5 S -197.100281 -15.938108 -97.552612 1.800000 0.000000 0.000000
470000 6 G -197.941299 -15.236460 -94.141541 2.150000 0.000000 0.000000
470000 7 P -198.187149 -19.692495 -98.135406 2.110000 -1.000000 0.000000
470000 8 S -197.063065 -21.581434 -95.139175 1.800000 0.000000 0.000000
470000 9 G -199.211823 -19.424408 -93.370590 2.150000 0.000000 0.000000
470000 10 P -199.563660 -23.691496 -97.249641 2.110000 -1.000000 0.000000
470000 11 S -200.892822 -25.896082 -94.505600 1.800000 0.000000 0.000000
470000 12 C -201.955505 -22.962345 -92.670998 2.150000 0.000000 0.000000
470000 13 P -204.303131 -27.051655 -96.106789 2.110000 -1.000000 0.000000
470000 14 S -206.022263 -27.577911 -92.677879 1.800000 0.000000 0.000000
470000 15 G -206.690903 -24.038527 -92.259514 2.150000 0.000000 0.000000
470000 16 P -209.228333 -28.270800 -94.487503 2.110000 -1.000000 0.000000
470000 17 S -210.778839 -26.000349 -91.659348 1.800000 0.000000 0.000000
470000 18 C -210.668137 -23.561283 -94.438057 2.150000 0.000000 0.000000
470000 19 P -214.505493 -25.287924 -92.011139 2.110000 -1.000000 0.000000
470000 20 S -213.585312 -22.256968 -89.878899 1.800000 0.000000 0.000000
470000 21 A -211.481186 -20.362183 -91.983864 2.150000 0.000000 0.000000
470000 22 P -215.498962 -19.095484 -88.794151 2.110000 -1.000000 0.000000
470000 23 S -212.090546 -17.983051 -87.359711 1.800000 0.000000 0.000000
470000 24 A -209.388214 -17.896832 -89.617439 2.150000 0.000000 0.000000
470000 25 P -211.064865 -14.810866 -85.723373 2.110000 -1.000000 0.000000
470000 26 S -208.194778 -16.954735 -84.136078 1.800000 0.000000 0.000000
470000 27 G -205.901947 -17.312901 -86.977280 2.150000 0.000000 0.000000
470000 28 P -205.764877 -14.806214 -81.899521 2.110000 -1.000000 0.000000
470000 29 S -202.726700 -17.156197 -81.773315 1.800000 0.000000 0.000000
470000 30 C -202.475372 -16.670879 -85.276993 2.150000 0.000000 0.000000
470000 31 P -201.339905 -13.728882 -81.043884 2.110000 -1.000000 0.000000
470000 32 S -197.751953 -14.929100 -82.065247 1.800000 0.000000 0.000000
470000 33 C -197.748260 -15.469973 -85.337723 2.150000 0.000000 0.000000
470000 34 P -196.878479 -11.058689 -81.812294 2.110000 -1.000000 0.000000
470000 35 S -194.456375 -10.517378 -84.679520 1.800000 0.000000 0.000000
470000 36 U -195.592926 -11.950028 -87.908653 2.150000 0.000000 0.000000
470000 37 P -195.341171 -6.893333 -84.154770 2.110000 -1.000000 0.000000
475000 1 P -205.724228 -7.252329 -102.336266 2.110000 -1.000000 1.000000
475000 2 S -202.011017 -8.403827 -102.727005 1.800000 0.000000 0.000000
475000 3 G -201.235962 -8.822984 -99.322411 2.150000 0.000000 0.000000
475000 4 P -202.060730 -12.183677 -102.988289 2.110000 -1.000000 0.000000
475000 5 S -199.145004 -14.008452 -101.378349 1.800000 0.000000 0.000000
475000 6 G -200.189026 -13.881426 -97.918892 2.150000 0.000000 0.000000
475000 7 P -200.955658 -17.329449 -102.098816 2.110000 -1.000000 0.000000
475000 8 S -199.344788 -19.707054 -99.486557 1.800000 0.000000 0.000000
475000 9 G -199.685776 -18.809198 -95.993454 2.150000 0.000000 0.000000
475000 10 P -202.022537 -22.301714 -99.172142 2.110000 -1.000000 0.000000
475000 11 S -201.636169 -23.865173 -95.538773 1.800000 0.000000 0.000000
475000 12 C -202.436005 -21.702898 -92.916107 2.150000 0.000000 0.000000
475000 13 P -205.105911 -25.047453 -96.000534 2.110000 -1.000000 0.000000
475000 14 S -206.186768 -25.669933 -92.349106 1.800000 0.000000 0.000000
475000 15 G -206.041214 -22.422222 -91.365173 2.150000 0.000000 0.000000
475000 16 P -209.874344 -25.146544 -92.683922 2.110000 -1.000000 0.000000
475000 17 S -209.802536 -24.507210 -88.875793 1.800000 0.000000 0.000000
475000 18 C -208.560104 -21.565104 -87.660706 2.150000 0.000000 0.000000
475000 19 P -213.535019 -23.333010 -89.192688 2.110000 -1.000000 0.000000
475000 20 S -212.395981 -20.430185 -86.956856 1.800000 0.000000 0.000000
475000 21 A -210.924194 -19.742682 -90.110764 2.150000 0.000000 0.000000
475000 22 P -214.334824 -17.235243 -86.375183 2.110000 -1.000000 0.000000
475000 23 S -210.868866 -16.219324 -85.655373 1.800000 0.000000 0.000000
475000 24 A -209.671982 -15.287740 -88.411079 2.150000 0.000000 0.000000
475000 25 P -210.097900 -12.507862 -85.122459 2.110000 -1.000000 0.000000
475000 26 S -206.577667 -13.787017 -84.620415 1.800000 0.000000 0.000000
475000 27 G -205.643967 -15.137249 -87.571869 2.150000 0.000000 0.000000
475000 28 P -203.514984 -11.374480 -84.326836 2.110000 -1.000000 0.000000
475000 29 S -201.082901 -14.212991 -84.971962 1.800000 0.000000 0.000000
475000 30 C -201.718903 -15.253821 -88.149124 2.150000 0.000000 0.000000
475000 31 P -199.176437 -10.636356 -84.618660 2.110000 -1.000000 0.000000
475000 32 S -195.981003 -11.096207 -86.559067 1.800000 0.000000 0.000000
475000 33 C -197.075836 -11.706500 -89.635536 2.150000 0.000000 0.000000
475000 34 P -195.504333 -7.252017 -86.602455 2.110000 -1.000000 0.000000
475000 35 S -193.861801 -6.890723 -89.936882 1.800000 0.000000 0.000000
475000 36 U -196.139587 -8.191855 -92.190407 2.150000 0.000000 0.000000
475000 37 P -194.724182 -3.024991 -90.311394 2.110000 -1.000000 0.000000
480000 1 P -206.471054 -8.600181 -105.602997 2.110000 -1.000000 1.000000
480000 2 S -202.973114 -8.292134 -107.048416 1.800000 0.000000 0.000000
480000 3 G -201.246460 -7.962897 -103.904526 2.150000 0.000000 0.000000
480000 4 P -202.718445 -12.021676 -107.109520 2.110000 -1.000000 0.000000
480000 5 S -199.215775 -12.525232 -106.141762 1.800000 0.000000 0.000000
480000 6 G -198.610931 -12.389808 -102.939072 2.150000 0.000000 0.000000
480000 7 P -199.159836 -16.336123 -106.279961 2.110000 -1.000000 0.000000
480000 8 S -196.485550 -17.251518 -103.791161 1.800000 0.000000 0.000000
480000 9 G -198.344788 -16.184759 -101.061554 2.150000 0.000000 0.000000
480000 10 P -197.863297 -20.888693 -103.715172 2.110000 -1.000000 0.000000
480000 11 S -197.523682 -22.423939 -100.309883 1.800000 0.000000 0.000000
480000 12 C -199.210342 -19.845644 -98.823120 2.150000 0.000000 0.000000
480000 13 P -200.667786 -24.224098 -101.533295 2.110000 -1.000000 0.000000
480000 14 S -201.977127 -25.756348 -98.359146 1.800000 0.000000 0.000000
480000 15 G -202.757187 -22.882627 -96.504501 2.150000 0.000000 0.000000
480000 16 P -205.236649 -26.241564 -99.467682 2.110000 -1.000000 0.000000
480000 17 S -206.297043 -27.692089 -96.087807 1.800000 0.000000 0.000000
480000 18 C -206.093445 -25.226124 -93.894325 2.150000 0.000000 0.000000
480000 19 P -210.051193 -27.840357 -95.578941 2.110000 -1.000000 0.000000
480000 20 S -209.138535 -26.994207 -92.000374 1.800000 0.000000 0.000000
480000 21 A -210.840469 -29.772686 -90.404350 2.150000 0.000000 0.000000
480000 22 P -212.123444 -24.894541 -90.534370 2.110000 -1.000000 0.000000
480000 23 S -209.879196 -22.011190 -91.411079 1.800000 0.000000 0.000000
480000 24 A -210.052917 -20.994637 -94.558083 2.150000 0.000000 0.000000
480000 25 P -210.859528 -18.696678 -90.692177 2.110000 -1.000000 0.000000
480000 26 S -207.246841 -17.809187 -89.999542 1.800000 0.000000 0.000000
480000 27 G -206.691452 -17.612637 -93.548409 2.150000 0.000000 0.000000
480000 28 P -205.376053 -14.579465 -89.388298 2.110000 -1.000000 0.000000
480000 29 S -202.375153 -16.933081 -89.666199 1.800000 0.000000 0.000000
480000 30 C -201.074295 -17.456087 -92.756569 2.150000 0.000000 0.000000
480000 31 P -200.601974 -13.684134 -89.042320 2.110000 -1.000000 0.000000
480000 32 S -197.465851 -14.708625 -90.947121 1.800000 0.000000 0.000000
480000 33 C -198.081482 -15.422686 -94.262581 2.150000 0.000000 0.000000
480000 34 P -195.147263 -11.680928 -91.443802 2.110000 -1.000000 0.000000
480000 35 S -193.864792 -11.843612 -95.168350 1.800000 0.000000 0.000000
480000 36 U -196.734650 -12.560290 -97.269753 2.150000 0.000000 0.000000
480000 37 P -193.254410 -7.986298 -95.554237 2.110000 -1.000000 0.000000
485000 1 P -213.718750 -13.898132 -101.859825 2.110000 -1.000000 1.000000
485000 2 S -210.203796 -13.272441 -103.105927 1.800000 0.000000 0.000000
485000 3 G -208.959427 -13.871965 -99.792938 2.150000 0.000000 0.000000
485000 4 P -209.432800 -16.542589 -104.198387 2.110000 -1.000000 0.000000
485000 5 S -205.732788 -16.609764 -103.599907 1.800000 0.000000 0.000000
485000 6 G -205.990753 -16.599087 -100.194107 2.150000 0.000000 0.000000
485000 7 P -205.584122 -20.283197 -103.618568 2.110000 -1.000000 0.000000
485000 8 S -202.678574 -21.540167 -101.439323 1.800000 0.000000 0.000000
485000 9 G -204.147766 -20.372345 -98.356606 2.150000 0.000000 0.000000
485000 10 P -204.002991 -25.206715 -101.267410 2.110000 -1.000000 0.000000
485000 11 S -202.087708 -26.668819 -98.239861 1.800000 0.000000 0.000000
485000 12 C -203.970963 -24.874887 -95.705688 2.150000 0.000000 0.000000
485000 13 P -204.827652 -29.109804 -98.221214 2.110000 -1.000000 0.000000
485000 14 S -204.678604 -29.903168 -94.563560 1.800000 0.000000 0.000000
485000 15 G -203.309433 -33.229702 -94.292374 2.150000 0.000000 0.000000
485000 16 P -208.285522 -31.362093 -94.770226 2.110000 -1.000000 0.000000
485000 17 S -209.087265 -29.232044 -91.639183 1.800000 0.000000 0.000000
485000 18 C -207.757278 -26.064812 -92.861168 2.150000 0.000000 0.000000
485000 19 P -212.977356 -28.795031 -91.873558 2.110000 -1.000000 0.000000
485000 20 S -212.967804 -25.510927 -90.077347 1.800000 0.000000 0.000000
485000 21 A -210.789185 -25.910650 -87.620705 2.150000 0.000000 0.000000
485000 22 P -216.410858 -23.516510 -89.577209 2.110000 -1.000000 0.000000
485000 23 S -213.531265 -22.295805 -87.426811 1.800000 0.000000 0.000000
485000 24 A -211.848206 -21.553349 -90.460106 2.150000 0.000000 0.000000
485000 25 P -212.908401 -18.669416 -86.613693 2.110000 -1.000000 0.000000
485000 26 S -209.601624 -20.351025 -85.836624 1.800000 0.000000 0.000000
485000 27 G -208.295166 -21.905777 -88.738342 2.150000 0.000000 0.000000
485000 28 P -207.086716 -17.821054 -84.869156 2.110000 -1.000000 0.000000
485000 29 S -204.872620 -20.692764 -86.131493 1.800000 0.000000 0.000000
485000 30 C -204.801041 -20.037355 -89.666466 2.150000 0.000000 0.000000
485000 31 P -202.819305 -17.491711 -86.661644 2.110000 -1.000000 0.000000
485000 32 S -200.343369 -17.965384 -89.565773 1.800000 0.000000 0.000000
485000 33 C -202.764786 -17.025673 -92.050789 2.150000 0.000000 0.000000
485000 34 P -198.944412 -14.325059 -89.837433 2.110000 -1.000000 0.000000
485000 35 S -198.529648 -14.558259 -93.804184 1.800000 0.000000 0.000000
485000 36 U -201.929276 -14.040305 -94.419579 2.150000 0.000000 0.000000
485000 37 P -198.224045 -10.696692 -94.131111 2.110000 -1.000000 0.000000
490000 1 P -211.909241 -13.664634 -101.143173 2.110000 -1.000000 1.000000
490000 2 S -209.446152 -11.408541 -102.996490 1.800000 0.000000 0.000000
490000 3 G -207.310226 -11.335915 -100.086868 2.150000 0.000000 0.000000
490000 4 P -209.718094 -14.798905 -103.967491 2.110000 -1.000000 0.000000
490000 5 S -205.834595 -15.067937 -104.231194 1.800000 0.000000 0.000000
490000 6 G -204.735107 -14.859847 -100.730484 2.150000 0.000000 0.000000
490000 7 P -206.558197 -18.958729 -103.981308 2.110000 -1.000000 0.000000
490000 8 S -203.501846 -19.693773 -101.807961 1.800000 0.000000 0.000000
490000 9 G -204.959839 -18.567387 -98.875984 2.150000 0.000000 0.000000
490000 10 P -204.505539 -23.000353 -100.967918 2.110000 -1.000000 0.000000
490000 11 S -203.015778 -23.937597 -97.531639 1.800000 0.000000 0.000000
490000 12 C -205.195740 -21.897024 -95.433899 2.150000 0.000000 0.000000
490000 13 P -205.031967 -27.019194 -98.393021 2.110000 -1.000000 0.000000
490000 14 S -206.049866 -27.359297 -94.736221 1.800000 0.000000 0.000000
490000 15 G -208.084152 -24.502110 -94.150528 2.150000 0.000000 0.000000
490000 16 P -208.939392 -29.738081 -94.043259 2.110000 -1.000000 0.000000
490000 17 S -210.555267 -27.363750 -91.459717 1.800000 0.000000 0.000000
490000 18 C -212.444641 -26.481657 -94.307198 2.150000 0.000000 0.000000
490000 19 P -213.590485 -28.555882 -89.405098 2.110000 -1.000000 0.000000
490000 20 S -213.763870 -24.573366 -89.042809 1.800000 0.000000 0.000000
490000 21 A -216.111847 -25.793013 -91.077148 2.150000 0.000000 0.000000
490000 22 P -216.936630 -23.280733 -87.451241 2.110000 -1.000000 0.000000
490000 23 S -213.762817 -20.881271 -86.762337 1.800000 0.000000 0.000000
490000 24 A -212.364502 -20.488497 -90.158516 2.150000 0.000000 0.000000
490000 25 P -214.122864 -16.964237 -86.499214 2.110000 -1.000000 0.000000
490000 26 S -210.286987 -16.454363 -85.772705 1.800000 0.000000 0.000000
490000 27 G -209.094666 -17.981440 -88.696030 2.150000 0.000000 0.000000
490000 28 P -208.431747 -13.072527 -86.323280 2.110000 -1.000000 0.000000
490000 29 S -205.147598 -14.978524 -87.330299 1.800000 0.000000 0.000000
490000 30 C -205.384598 -15.873666 -90.561752 2.150000 0.000000 0.000000
490000 31 P -202.258224 -12.487406 -87.438408 2.110000 -1.000000 0.000000
490000 32 S -199.782562 -14.214857 -89.734680 1.800000 0.000000 0.000000
490000 33 C -201.511337 -13.818623 -92.760231 2.150000 0.000000 0.000000
490000 34 P -197.371155 -11.221776 -90.597664 2.110000 -1.000000 0.000000
490000 35 S -196.544708 -12.585216 -94.126053 1.800000 0.000000 0.000000
490000 36 U -199.591003 -11.160285 -95.611847 2.150000 0.000000 0.000000
490000 37 P -194.608170 -9.995379 -96.152580 2.110000 -1.000000 0.000000
495000 1 P -212.127090 -10.433670 -102.660080 2.110000 -1.000000 1.000000
495000 2 S -209.315842 -12.420450 -104.184181 1.800000 0.000000 0.000000
495000 3 G -207.722733 -12.283131 -101.238312 2.150000 0.000000 0.000000
495000 4 P -210.754959 -16.202871 -104.238693 2.110000 -1.000000 0.000000
495000 5 S -207.365036 -17.609804 -103.584961 1.800000 0.000000 0.000000
495000 6 G -207.076721 -16.456594 -100.475601 2.150000 0.000000 0.000000
495000 7 P -207.846771 -21.256123 -102.860817 2.110000 -1.000000 0.000000
495000 8 S -204.751968 -22.458574 -100.966934 1.800000 0.000000 0.000000
495000 9 G -205.824005 -20.384779 -98.388504 2.150000 0.000000 0.000000
495000 10 P -206.112503 -25.884785 -100.052719 2.110000 -1.000000 0.000000
495000 11 S -204.347519 -27.218204 -96.862007 1.800000 0.000000 0.000000
495000 12 C -205.981445 -25.046923 -94.699989 2.150000 0.000000 0.000000
495000 13 P -206.785492 -30.184719 -95.975769 2.110000 -1.000000 0.000000
495000 14 S -206.187683 -28.934408 -92.348763 1.800000 0.000000 0.000000
495000 15 G -208.782227 -26.608477 -92.694504 2.150000 0.000000 0.000000
495000 16 P -208.795273 -31.426514 -91.512680 2.110000 -1.000000 0.000000
495000 17 S -208.576508 -29.526850 -88.149719 1.800000 0.000000 0.000000
495000 18 C -206.813812 -31.595421 -85.804558 2.150000 0.000000 0.000000
495000 19 P -211.970581 -30.276398 -86.370949 2.110000 -1.000000 0.000000
495000 20 S -211.204605 -26.622164 -85.682205 1.800000 0.000000 0.000000
495000 21 A -212.635757 -24.954643 -88.290596 2.150000 0.000000 0.000000
495000 22 P -213.653030 -24.498156 -83.659698 2.110000 -1.000000 0.000000
495000 23 S -211.647446 -21.447264 -84.680809 1.800000 0.000000 0.000000
495000 24 A -214.765106 -20.994387 -86.273376 2.150000 0.000000 0.000000
495000 25 P -211.712204 -17.682234 -84.917618 2.110000 -1.000000 0.000000
495000 26 S -208.026169 -18.518637 -84.476028 1.800000 0.000000 0.000000
495000 27 G -208.031815 -19.863062 -87.751694 2.150000 0.000000 0.000000
495000 28 P -206.768082 -14.946950 -85.327087 2.110000 -1.000000 0.000000
495000 29 S -203.454590 -16.311934 -86.661484 1.800000 0.000000 0.000000
495000 30 C -203.660370 -17.529999 -90.132736 2.150000 0.000000 0.000000
495000 31 P -201.300705 -13.556176 -88.362534 2.110000 -1.000000 0.000000
495000 32 S -199.802719 -16.158146 -90.640785 1.800000 0.000000 0.000000
495000 33 C -201.618317 -15.349407 -93.540382 2.150000 0.000000 0.000000
495000 34 P -197.894470 -12.843028 -91.378761 2.110000 -1.000000 0.000000
495000 35 S -196.828156 -12.711127 -95.135941 1.800000 0.000000 0.000000
495000 36 U -199.806763 -12.344478 -96.651665 2.150000 0.000000 0.000000
495000 37 P -196.281357 -9.109172 -94.899246 2.110000 -1.000000 0.000000
500000 1 P -213.240601 -14.226527 -97.040833 2.110000 -1.000000 1.000000
500000 2 S -211.318298 -13.507215 -100.256653 1.800000 0.000000 0.000000
500000 3 G -207.851624 -13.743775 -99.832870 2.150000 0.000000 0.000000
500000 4 P -211.720642 -17.133045 -100.932121 2.110000 -1.000000 0.000000
500000 5 S -208.327332 -18.022902 -102.599846 1.800000 0.000000 0.000000
500000 6 G -205.719940 -17.862007 -99.978912 2.150000 0.000000 0.000000
500000 7 P -209.008621 -21.594807 -101.995537 2.110000 -1.000000 0.000000
500000 8 S -205.283920 -22.755749 -101.232101 1.800000 0.000000 0.000000
500000 9 G -205.504120 -22.267839 -97.643585 2.150000 0.000000 0.000000
500000 10 P -206.601898 -26.316381 -99.973152 2.110000 -1.000000 0.000000
500000 11 S -203.170380 -26.276335 -97.809959 1.800000 0.000000 0.000000
500000 12 C -202.480118 -23.994438 -95.285118 2.150000 0.000000 0.000000
500000 13 P -205.850113 -28.487329 -96.611839 2.110000 -1.000000 0.000000
500000 14 S -204.176559 -28.831034 -93.366898 1.800000 0.000000 0.000000
500000 15 G -204.433960 -25.861650 -91.957451 2.150000 0.000000 0.000000
500000 16 P -207.596375 -29.121998 -91.457306 2.110000 -1.000000 0.000000
500000 17 S -206.363312 -28.237997 -88.085625 1.800000 0.000000 0.000000
500000 18 C -207.117035 -31.275150 -86.867455 2.150000 0.000000 0.000000
500000 19 P -209.843369 -27.070515 -87.672440 2.110000 -1.000000 0.000000
500000 20 S -208.915100 -25.472658 -84.088821 1.800000 0.000000 0.000000
500000 21 A -206.535370 -24.205944 -86.325264 2.150000 0.000000 0.000000
500000 22 P -211.491806 -22.493961 -84.731277 2.110000 -1.000000 0.000000
500000 23 S -208.046509 -21.185171 -83.745949 1.800000 0.000000 0.000000
500000 24 A -209.664581 -20.631428 -80.431885 2.150000 0.000000 0.000000
500000 25 P -207.686996 -17.615774 -84.286736 2.110000 -1.000000 0.000000
500000 26 S -203.932083 -18.252792 -84.783638 1.800000 0.000000 0.000000
500000 27 G -204.596634 -20.323660 -87.529495 2.150000 0.000000 0.000000
500000 28 P -202.109772 -15.176738 -86.088722 2.110000 -1.000000 0.000000
500000 29 S -199.906784 -18.008806 -87.583534 1.800000 0.000000 0.000000
500000 30 C -201.903488 -18.011042 -90.531723 2.150000 0.000000 0.000000
500000 31 P -197.751526 -15.436194 -89.225830 2.110000 -1.000000 0.000000
500000 32 S -196.691132 -16.959862 -92.592918 1.800000 0.000000 0.000000
500000 33 C -199.552032 -16.954168 -94.376350 2.150000 0.000000 0.000000
500000 34 P -195.325104 -13.537789 -93.674225 2.110000 -1.000000 0.000000
500000 35 S -195.883148 -14.420578 -97.416718 1.800000 0.000000 0.000000
500000 36 U -199.438095 -14.272547 -97.413223 2.150000 0.000000 0.000000
500000 37 P -195.683868 -11.181053 -99.453392 2.110000 -1.000000 0.000000
