380000 1 P -254.902756 3.604473 -78.124786 2.110000 -1.000000 1.000000
380000 2 S -254.630890 7.286804 -78.765038 1.800000 0.000000 0.000000
380000 3 G -252.902328 7.355681 -81.671104 2.150000 0.000000 0.000000
380000 4 P -257.635773 9.082730 -80.467682 2.110000 -1.000000 0.000000
380000 5 S -255.222794 11.659629 -81.928566 1.800000 0.000000 0.000000
380000 6 G -253.797989 10.341008 -84.741463 2.150000 0.000000 0.000000
380000 7 P -258.597046 12.535365 -83.798561 2.110000 -1.000000 0.000000
380000 8 S -256.581573 13.781088 -86.740402 1.800000 0.000000 0.000000
380000 9 G -256.124603 10.981236 -88.571831 2.150000 0.000000 0.000000
380000 10 P -259.697601 14.518271 -88.998123 2.110000 -1.000000 0.000000
380000 11 S -258.325043 14.108863 -92.397697 1.800000 0.000000 0.000000
380000 12 C -257.210876 10.642073 -92.645157 2.150000 0.000000 0.000000
380000 13 P -261.820923 13.849420 -94.097084 2.110000 -1.000000 0.000000
380000 14 S -261.706268 11.279202 -96.922752 1.800000 0.000000 0.000000
380000 15 G -260.553558 8.844501 -94.988457 2.150000 0.000000 0.000000
380000 16 P -265.214996 10.357068 -97.555046 2.110000 -1.000000 0.000000
380000 17 S -264.997620 6.941197 -99.376282 1.800000 0.000000 0.000000
380000 18 C -262.558563 7.391943 -101.563515 2.150000 0.000000 0.000000
380000 19 P -262.832153 5.382218 -96.832123 2.110000 -1.000000 0.000000
380000 20 S -264.062622 2.051794 -97.967964 1.800000 0.000000 0.000000
380000 21 A -262.266327 2.406823 -101.022095 2.150000 0.000000 0.000000
380000 22 P -261.408844 0.430810 -95.877823 2.110000 -1.000000 0.000000
380000 23 S -261.487793 -3.133319 -97.204300 1.800000 0.000000 0.000000
380000 24 A -259.734894 -1.713849 -99.910530 2.150000 0.000000 0.000000
380000 25 P -258.423645 -2.914261 -95.067833 2.110000 -1.000000 0.000000
380000 26 S -256.471344 -0.465327 -97.119057 1.800000 0.000000 0.000000
380000 27 G -257.240143 2.059355 -94.891594 2.150000 0.000000 0.000000
380000 28 P -252.933380 -0.639361 -95.538208 2.110000 -1.000000 0.000000
380000 29 S -253.635696 2.631292 -97.215240 1.800000 0.000000 0.000000
380000 30 C -255.156830 5.051075 -95.347878 2.150000 0.000000 0.000000
380000 31 P -250.226852 3.669132 -96.186905 2.110000 -1.000000 0.000000
380000 32 S -250.716248 7.524378 -96.527641 1.800000 0.000000 0.000000
380000 33 C -252.388260 8.530193 -93.612335 2.150000 0.000000 0.000000
380000 34 P -247.618011 6.814114 -94.609840 2.110000 -1.000000 0.000000
380000 35 S -247.498245 9.771113 -92.196533 1.800000 0.000000 0.000000
380000 36 U -249.906906 9.028219 -90.056313 2.150000 0.000000 0.000000
380000 37 P -244.725647 8.191659 -89.994682 2.110000 -1.000000 0.000000
385000 1 P -256.826324 2.936969 -82.007492 2.110000 -1.000000 1.000000
385000 2 S -254.609085 5.724724 -80.735329 1.800000 0.000000 0.000000
385000 3 G -252.710709 5.416271 -83.472916 2.150000 0.000000 0.000000
385000 4 P -257.028015 8.211757 -82.012840 2.110000 -1.000000 0.000000
385000 5 S -253.933670 10.304554 -82.931335 1.800000 0.000000 0.000000
385000 6 G -251.787094 8.841710 -85.283844 2.150000 0.000000 0.000000
385000 7 P -256.650696 11.563187 -85.291626 2.110000 -1.000000 0.000000
385000 8 S -254.673264 12.504948 -88.488503 1.800000 0.000000 0.000000
385000 9 G -253.963348 9.445361 -89.839851 2.150000 0.000000 0.000000
385000 10 P -258.142029 13.045157 -90.437302 2.110000 -1.000000 0.000000
385000 11 S -257.393829 12.303824 -94.121063 1.800000 0.000000 0.000000
385000 12 C -256.017548 9.214198 -93.842636 2.150000 0.000000 0.000000
385000 13 P -261.262634 11.420653 -94.879616 2.110000 -1.000000 0.000000
385000 14 S -260.501221 8.445573 -97.106102 1.800000 0.000000 0.000000
385000 15 G -259.079163 6.079970 -94.795227 2.150000 0.000000 0.000000
385000 16 P -264.048431 7.787056 -97.202339 2.110000 -1.000000 0.000000
385000 17 S -263.152924 4.308564 -98.383995 1.800000 0.000000 0.000000
385000 18 C -266.071716 2.744023 -97.275795 2.150000 0.000000 0.000000
385000 19 P -260.557098 2.560522 -96.224220 2.110000 -1.000000 0.000000
385000 20 S -261.997986 -0.815767 -97.364037 1.800000 0.000000 0.000000
385000 21 A -260.336090 -1.388529 -100.365791 2.150000 0.000000 0.000000
385000 22 P -259.545959 -2.958583 -95.339569 2.110000 -1.000000 0.000000
385000 23 S -256.415833 -2.323897 -97.443398 1.800000 0.000000 0.000000
385000 24 A -255.713043 0.743574 -96.034943 2.150000 0.000000 0.000000
385000 25 P -253.590744 -4.303299 -95.517502 2.110000 -1.000000 0.000000
385000 26 S -250.932053 -1.766299 -96.729477 1.800000 0.000000 0.000000
385000 27 G -251.649002 1.525124 -95.707062 2.150000 0.000000 0.000000
385000 28 P -247.473724 -2.294673 -94.761307 2.110000 -1.000000 0.000000
385000 29 S -246.305023 1.377321 -94.978905 1.800000 0.000000 0.000000
385000 30 C -248.554245 2.795328 -92.566841 2.150000 0.000000 0.000000
385000 31 P -243.414108 0.613117 -92.787819 2.110000 -1.000000 0.000000
385000 32 S -242.890991 4.316024 -91.898209 1.800000 0.000000 0.000000
385000 33 C -245.809433 4.580609 -89.788773 2.150000 0.000000 0.000000
385000 34 P -240.209229 4.283920 -89.239037 2.110000 -1.000000 0.000000
385000 35 S -241.288513 7.908383 -88.543007 1.800000 0.000000 0.000000
385000 36 U -244.306381 7.349488 -86.718918 2.150000 0.000000 0.000000
385000 37 P -238.762115 7.934400 -85.662010 2.110000 -1.000000 0.000000
390000 1 P -251.272324 7.008993 -86.763847 2.110000 -1.000000 1.000000
390000 2 S -250.654388 10.839297 -86.998215 1.800000 0.000000 0.000000
390000 3 G -249.051239 10.198963 -90.322556 2.150000 0.000000 0.000000
390000 4 P -254.119965 11.627038 -88.275757 2.110000 -1.000000 0.000000
390000 5 S -252.325058 14.449821 -90.015022 1.800000 0.000000 0.000000
390000 6 G -250.543274 13.080269 -92.658539 2.150000 0.000000 0.000000
390000 7 P -255.157303 16.206520 -91.863190 2.110000 -1.000000 0.000000
390000 8 S -253.821091 17.008600 -95.365067 1.800000 0.000000 0.000000
390000 9 G -253.245407 13.623210 -96.292107 2.150000 0.000000 0.000000
390000 10 P -257.236328 17.295290 -97.095734 2.110000 -1.000000 0.000000
390000 11 S -256.364716 16.303246 -100.680023 1.800000 0.000000 0.000000
390000 12 C -255.216599 13.077195 -99.363556 2.150000 0.000000 0.000000
390000 13 P -260.255737 15.819869 -100.949852 2.110000 -1.000000 0.000000
390000 14 S -260.213257 12.529245 -102.730217 1.800000 0.000000 0.000000
390000 15 G -259.263580 10.998609 -99.996063 2.150000 0.000000 0.000000
390000 16 P -263.776550 12.979188 -101.992241 2.110000 -1.000000 0.000000
390000 17 S -264.096680 9.080635 -101.591927 1.800000 0.000000 0.000000
390000 18 C -262.148773 8.146425 -104.544228 2.150000 0.000000 0.000000
390000 19 P -261.464233 7.783196 -99.223602 2.110000 -1.000000 0.000000
390000 20 S -261.628357 3.936914 -99.530457 1.800000 0.000000 0.000000
390000 21 A -259.980804 3.640467 -102.314667 2.150000 0.000000 0.000000
390000 22 P -258.407623 2.663498 -97.889809 2.110000 -1.000000 0.000000
390000 23 S -257.103333 0.415507 -100.686401 1.800000 0.000000 0.000000
390000 24 A -255.816315 3.273063 -102.293526 2.150000 0.000000 0.000000
390000 25 P -253.350998 -0.378854 -99.638268 2.110000 -1.000000 0.000000
390000 26 S -251.525650 1.979618 -102.208923 1.800000 0.000000 0.000000
390000 27 G -252.647339 4.658548 -100.190269 2.150000 0.000000 0.000000
390000 28 P -247.782867 1.971566 -101.350754 2.110000 -1.000000 0.000000
390000 29 S -246.500000 5.479499 -102.112282 1.800000 0.000000 0.000000
390000 30 C -248.176987 7.580671 -100.012054 2.150000 0.000000 0.000000
390000 31 P -242.925201 5.341270 -101.129105 2.110000 -1.000000 0.000000
390000 32 S -242.410568 9.137734 -100.830490 1.800000 0.000000 0.000000
390000 33 C -244.201721 10.417447 -97.953476 2.150000 0.000000 0.000000
390000 34 P -238.936737 9.509507 -99.613297 2.110000 -1.000000 0.000000
390000 35 S -239.994598 12.912794 -97.818878 1.800000 0.000000 0.000000
390000 36 U -242.073029 12.657862 -95.127525 2.150000 0.000000 0.000000
390000 37 P -236.875885 12.352521 -96.075676 2.110000 -1.000000 0.000000
395000 1 P -252.002274 5.917480 -95.932648 2.110000 -1.000000 1.000000
395000 2 S -249.809219 9.046327 -95.036896 1.800000 0.000000 0.000000
395000 3 G -248.293762 7.768422 -98.129524 2.150000 0.000000 0.000000
395000 4 P -252.419632 11.502315 -95.811615 2.110000 -1.000000 0.000000
395000 5 S -250.920792 14.409302 -97.924393 1.800000 0.000000 0.000000
395000 6 G -250.593567 12.780685 -100.884613 2.150000 0.000000 0.000000
395000 7 P -254.538544 15.548039 -98.837845 2.110000 -1.000000 0.000000
395000 8 S -254.671753 17.688684 -102.028732 1.800000 0.000000 0.000000
395000 9 G -254.096970 14.627789 -104.103203 2.150000 0.000000 0.000000
395000 10 P -258.600739 17.180225 -101.658905 2.110000 -1.000000 0.000000
395000 11 S -258.928589 17.552155 -105.463043 1.800000 0.000000 0.000000
395000 12 C -257.602783 14.389155 -106.053932 2.150000 0.000000 0.000000
395000 13 P -262.207794 15.904328 -104.121880 2.110000 -1.000000 0.000000
395000 14 S -262.399567 13.256645 -106.808716 1.800000 0.000000 0.000000
395000 15 G -260.524139 10.691522 -105.793381 2.150000 0.000000 0.000000
395000 16 P -264.459412 11.978061 -103.820389 2.110000 -1.000000 0.000000
395000 17 S -263.770966 8.378017 -104.842697 1.800000 0.000000 0.000000
395000 18 C -264.439697 5.932562 -102.449837 2.150000 0.000000 0.000000
395000 19 P -260.213257 7.016610 -104.054306 2.110000 -1.000000 0.000000
395000 20 S -260.667999 4.334699 -106.698357 1.800000 0.000000 0.000000
395000 21 A -261.267487 6.041542 -109.605659 2.150000 0.000000 0.000000
395000 22 P -256.843872 3.241619 -107.065964 2.110000 -1.000000 0.000000
395000 23 S -257.549255 2.609534 -110.744797 1.800000 0.000000 0.000000
395000 24 A -258.106140 5.796913 -111.815315 2.150000 0.000000 0.000000
395000 25 P -253.883759 2.515306 -111.386803 2.110000 -1.000000 0.000000
395000 26 S -254.034912 5.608824 -113.729523 1.800000 0.000000 0.000000
395000 27 G -254.133530 7.604655 -110.799507 2.150000 0.000000 0.000000
395000 28 P -250.014343 5.940814 -114.155548 2.110000 -1.000000 0.000000
395000 29 S -249.431412 9.692027 -114.214699 1.800000 0.000000 0.000000
395000 30 C -250.026642 10.925376 -111.095406 2.150000 0.000000 0.000000
395000 31 P -246.047852 8.330516 -113.161789 2.110000 -1.000000 0.000000
395000 32 S -244.313766 11.201513 -111.230789 1.800000 0.000000 0.000000
395000 33 C -245.937851 10.272811 -108.254433 2.150000 0.000000 0.000000
395000 34 P -241.968994 8.507050 -110.503647 2.110000 -1.000000 0.000000
395000 35 S -240.698349 10.376155 -107.541786 1.800000 0.000000 0.000000
395000 36 U -243.349701 10.745783 -105.202316 2.150000 0.000000 0.000000
395000 37 P -238.697464 7.539644 -106.319229 2.110000 -1.000000 0.000000
400000 1 P -255.534439 7.026542 -100.830299 2.110000 -1.000000 1.000000
400000 2 S -254.545029 10.376863 -99.237045 1.800000 0.000000 0.000000
400000 3 G -253.749435 11.700036 -102.613045 2.150000 0.000000 0.000000
400000 4 P -258.319672 11.180573 -99.511024 2.110000 -1.000000 0.000000
400000 5 S -257.844635 14.840086 -100.822723 1.800000 0.000000 0.000000
400000 6 G -257.482666 13.851789 -104.050446 2.150000 0.000000 0.000000
400000 7 P -261.668091 15.676615 -101.598755 2.110000 -1.000000 0.000000
400000 8 S -260.981079 18.292658 -104.175392 1.800000 0.000000 0.000000
400000 9 G -259.835083 16.860926 -107.408340 2.150000 0.000000 0.000000
400000 10 P -264.759430 18.031757 -104.332458 2.110000 -1.000000 0.000000
400000 11 S -264.819458 18.512922 -108.055672 1.800000 0.000000 0.000000
400000 12 C -263.866302 15.088494 -108.583717 2.150000 0.000000 0.000000
400000 13 P -268.078888 17.289137 -107.057434 2.110000 -1.000000 0.000000
400000 14 S -268.006500 15.360902 -110.413956 1.800000 0.000000 0.000000
400000 15 G -268.660706 18.273935 -112.673378 2.150000 0.000000 0.000000
400000 16 P -270.736969 12.902399 -110.107178 2.110000 -1.000000 0.000000
400000 17 S -268.775024 10.493017 -112.613609 1.800000 0.000000 0.000000
400000 18 C -270.095306 7.702787 -111.018555 2.150000 0.000000 0.000000
400000 19 P -265.262665 10.479436 -111.260338 2.110000 -1.000000 0.000000
400000 20 S -265.363464 6.775363 -110.554932 1.800000 0.000000 0.000000
400000 21 A -266.293365 6.075801 -113.837868 2.150000 0.000000 0.000000
400000 22 P -261.600403 5.357666 -110.606667 2.110000 -1.000000 0.000000
400000 23 S -262.196625 3.624410 -113.916191 1.800000 0.000000 0.000000
400000 24 A -262.656647 5.124310 -117.293495 2.150000 0.000000 0.000000
400000 25 P -258.414001 3.715435 -113.609497 2.110000 -1.000000 0.000000
400000 26 S -258.522156 6.573046 -116.169189 1.800000 0.000000 0.000000
400000 27 G -259.729004 8.958531 -113.960693 2.150000 0.000000 0.000000
400000 28 P -254.953705 7.702657 -116.273438 2.110000 -1.000000 0.000000
400000 29 S -256.278015 11.132045 -117.212669 1.800000 0.000000 0.000000
400000 30 C -257.791931 12.194662 -114.510704 2.150000 0.000000 0.000000
400000 31 P -253.356842 13.496621 -117.256546 2.110000 -1.000000 0.000000
400000 32 S -255.152817 16.688084 -115.708122 1.800000 0.000000 0.000000
400000 33 C -255.687729 15.074557 -112.703857 2.150000 0.000000 0.000000
400000 34 P -253.265198 19.563412 -113.991074 2.110000 -1.000000 0.000000
400000 35 S -255.085312 20.828245 -110.832184 1.800000 0.000000 0.000000
400000 36 U -255.071350 18.097454 -108.600121 2.150000 0.000000 0.000000
400000 37 P -251.560028 22.472115 -110.793274 2.110000 -1.000000 0.000000
405000 1 P -254.428421 14.291120 -97.273567 2.110000 -1.000000 1.000000
405000 2 S -252.066498 16.529078 -99.276245 1.800000 0.000000 0.000000
405000 3 G -251.263992 15.232514 -102.466461 2.150000 0.000000 0.000000
405000 4 P -255.283493 18.624342 -99.976044 2.110000 -1.000000 0.000000
405000 5 S -254.484543 20.404696 -103.223648 1.800000 0.000000 0.000000
405000 6 G -254.594513 17.629408 -105.146332 2.150000 0.000000 0.000000
405000 7 P -258.524445 20.758410 -103.360802 2.110000 -1.000000 0.000000
405000 8 S -258.893219 21.364315 -107.091011 1.800000 0.000000 0.000000
405000 9 G -258.792297 18.275486 -108.183548 2.150000 0.000000 0.000000
405000 10 P -262.618256 21.041796 -107.390602 2.110000 -1.000000 0.000000
405000 11 S -262.476318 20.567564 -111.073486 1.800000 0.000000 0.000000
405000 12 C -261.600311 17.191641 -111.152664 2.150000 0.000000 0.000000
405000 13 P -266.013062 19.339649 -110.666122 2.110000 -1.000000 0.000000
405000 14 S -267.042053 17.284134 -113.625641 1.800000 0.000000 0.000000
405000 15 G -265.325745 14.484838 -112.747375 2.150000 0.000000 0.000000
405000 16 P -270.108307 16.318115 -111.460831 2.110000 -1.000000 0.000000
405000 17 S -271.017090 12.594650 -111.659142 1.800000 0.000000 0.000000
405000 18 C -269.721558 12.532242 -115.025467 2.150000 0.000000 0.000000
405000 19 P -268.150726 10.259009 -110.978691 2.110000 -1.000000 0.000000
405000 20 S -269.523651 6.835377 -110.396866 1.800000 0.000000 0.000000
405000 21 A -270.906036 7.764899 -113.326843 2.150000 0.000000 0.000000
405000 22 P -265.903992 6.917202 -111.226875 2.110000 -1.000000 0.000000
405000 23 S -266.431580 3.351784 -112.005409 1.800000 0.000000 0.000000
405000 24 A -264.883179 2.621026 -108.852966 2.150000 0.000000 0.000000
405000 25 P -263.043091 3.695717 -113.028351 2.110000 -1.000000 0.000000
405000 26 S -262.745972 6.263626 -115.824432 1.800000 0.000000 0.000000
405000 27 G -263.852570 9.277023 -114.420746 2.150000 0.000000 0.000000
405000 28 P -258.872406 6.705240 -116.238441 2.110000 -1.000000 0.000000
405000 29 S -259.386322 10.345581 -117.113045 1.800000 0.000000 0.000000
405000 30 C -258.876831 11.245921 -113.690895 2.150000 0.000000 0.000000
405000 31 P -255.783127 11.442891 -117.354881 2.110000 -1.000000 0.000000
405000 32 S -257.225677 14.847649 -116.576080 1.800000 0.000000 0.000000
405000 33 C -257.608673 14.759986 -113.178101 2.150000 0.000000 0.000000
405000 34 P -253.401749 15.926680 -116.060143 2.110000 -1.000000 0.000000
405000 35 S -253.142288 18.992218 -113.843246 1.800000 0.000000 0.000000
405000 36 U -252.102371 17.004858 -111.315125 2.150000 0.000000 0.000000
405000 37 P -249.248657 18.619621 -113.989693 2.110000 -1.000000 0.000000
410000 1 P -255.504333 15.806148 -95.586609 2.110000 -1.000000 1.000000
410000 2 S -253.207245 18.114658 -97.618675 1.800000 0.000000 0.000000
410000 3 G -254.065994 17.320597 -101.036682 2.150000 0.000000 0.000000
410000 4 P -256.909271 19.569231 -97.645042 2.110000 -1.000000 0.000000
410000 5 S -256.353424 20.599562 -101.233192 1.800000 0.000000 0.000000
410000 6 G -256.709991 18.422445 -104.044243 2.150000 0.000000 0.000000
410000 7 P -260.103607 21.013779 -100.969131 2.110000 -1.000000 0.000000
410000 8 S -261.453491 20.408857 -104.493965 1.800000 0.000000 0.000000
410000 9 G -260.755066 16.841679 -104.033257 2.150000 0.000000 0.000000
410000 10 P -264.863678 20.040504 -103.421585 2.110000 -1.000000 0.000000
410000 11 S -265.954651 18.186457 -106.656990 1.800000 0.000000 0.000000
410000 12 C -264.636505 15.126340 -105.477882 2.150000 0.000000 0.000000
410000 13 P -269.117645 17.596771 -104.984116 2.110000 -1.000000 0.000000
410000 14 S -269.633759 13.794571 -104.555130 1.800000 0.000000 0.000000
410000 15 G -270.486938 13.400853 -107.772789 2.150000 0.000000 0.000000
410000 16 P -272.411072 12.510120 -102.092491 2.110000 -1.000000 0.000000
410000 17 S -272.612457 8.889757 -102.386589 1.800000 0.000000 0.000000
410000 18 C -271.891296 8.434933 -105.894325 2.150000 0.000000 0.000000
410000 19 P -269.147919 9.332357 -101.224907 2.110000 -1.000000 0.000000
410000 20 S -269.227905 6.966474 -98.297371 1.800000 0.000000 0.000000
410000 21 A -270.082489 4.861244 -101.015816 2.150000 0.000000 0.000000
410000 22 P -265.379211 6.822054 -98.683929 2.110000 -1.000000 0.000000
410000 23 S -266.359497 3.136369 -99.287170 1.800000 0.000000 0.000000
410000 24 A -267.312836 1.719693 -102.390366 2.150000 0.000000 0.000000
410000 25 P -262.533783 2.893903 -100.375969 2.110000 -1.000000 0.000000
410000 26 S -263.542603 3.165605 -104.079697 1.800000 0.000000 0.000000
410000 27 G -263.704041 6.572284 -104.378395 2.150000 0.000000 0.000000
410000 28 P -260.312164 3.392060 -105.724121 2.110000 -1.000000 0.000000
410000 29 S -261.405945 5.594886 -108.538544 1.800000 0.000000 0.000000
410000 30 C -260.629028 8.341310 -106.642868 2.150000 0.000000 0.000000
410000 31 P -258.397919 6.582900 -110.771248 2.110000 -1.000000 0.000000
410000 32 S -260.622437 9.509513 -111.517548 1.800000 0.000000 0.000000
410000 33 C -260.155396 11.611966 -108.659203 2.150000 0.000000 0.000000
410000 34 P -257.638184 10.875613 -113.132507 2.110000 -1.000000 0.000000
410000 35 S -258.077148 14.603758 -112.139091 1.800000 0.000000 0.000000
410000 36 U -257.062561 14.849292 -108.847717 2.150000 0.000000 0.000000
410000 37 P -254.852432 16.486387 -113.333252 2.110000 -1.000000 0.000000
415000 1 P -253.298691 9.375976 -100.158211 2.110000 -1.000000 1.000000
415000 2 S -252.342957 12.250356 -102.261795 1.800000 0.000000 0.000000
415000 3 G -251.691025 10.402338 -105.274559 2.150000 0.000000 0.000000
415000 4 P -255.893021 13.276029 -102.237228 2.110000 -1.000000 0.000000
415000 5 S -255.668808 14.846542 -105.544197 1.800000 0.000000 0.000000
415000 6 G -256.291107 12.072669 -107.498779 2.150000 0.000000 0.000000
415000 7 P -259.226349 16.019012 -105.095711 2.110000 -1.000000 0.000000
415000 8 S -260.567688 15.437235 -108.663628 1.800000 0.000000 0.000000
415000 9 G -260.014038 12.078912 -109.600967 2.150000 0.000000 0.000000
415000 10 P -263.984863 15.877975 -106.965439 2.110000 -1.000000 0.000000
415000 11 S -265.989380 13.280847 -108.829147 1.800000 0.000000 0.000000
415000 12 C -264.582581 10.499176 -107.021072 2.150000 0.000000 0.000000
415000 13 P -268.925751 13.088283 -105.928848 2.110000 -1.000000 0.000000
415000 14 S -268.579468 9.522819 -105.070465 1.800000 0.000000 0.000000
415000 15 G -266.271820 11.180933 -103.354645 2.150000 0.000000 0.000000
415000 16 P -270.979187 10.078410 -102.267838 2.110000 -1.000000 0.000000
415000 17 S -270.287842 7.520759 -99.542328 1.800000 0.000000 0.000000
415000 18 C -272.247406 5.822699 -102.071198 2.150000 0.000000 0.000000
415000 19 P -266.478790 7.190660 -100.144775 2.110000 -1.000000 0.000000
415000 20 S -266.517975 3.472872 -99.344292 1.800000 0.000000 0.000000
415000 21 A -267.881409 3.011046 -102.536591 2.150000 0.000000 0.000000
415000 22 P -263.096130 2.475328 -100.550354 2.110000 -1.000000 0.000000
415000 23 S -263.010651 -0.960881 -102.301453 1.800000 0.000000 0.000000
415000 24 A -264.779388 -0.659166 -105.193802 2.150000 0.000000 0.000000
415000 25 P -259.560455 -2.222022 -103.817917 2.110000 -1.000000 0.000000
415000 26 S -261.355774 -1.658946 -107.155052 1.800000 0.000000 0.000000
415000 27 G -261.951111 1.960934 -106.976265 2.150000 0.000000 0.000000
415000 28 P -258.126831 -1.557261 -109.142189 2.110000 -1.000000 0.000000
415000 29 S -260.048157 0.153612 -111.954918 1.800000 0.000000 0.000000
415000 30 C -261.114899 3.437406 -111.032990 2.150000 0.000000 0.000000
415000 31 P -256.833527 0.552562 -114.132866 2.110000 -1.000000 0.000000
415000 32 S -257.812805 3.582126 -116.164574 1.800000 0.000000 0.000000
415000 33 C -257.763916 6.210293 -113.954399 2.150000 0.000000 0.000000
415000 34 P -254.143875 4.342840 -117.089355 2.110000 -1.000000 0.000000
415000 35 S -254.937927 8.072070 -117.170799 1.800000 0.000000 0.000000
415000 36 U -254.963547 9.279990 -113.737564 2.150000 0.000000 0.000000
415000 37 P -251.361038 8.605818 -117.364716 2.110000 -1.000000 0.000000
420000 1 P -251.336929 19.450130 -105.161316 2.110000 -1.000000 1.000000
420000 2 S -252.112122 21.001802 -108.417099 1.800000 0.000000 0.000000
420000 3 G -252.699600 17.980015 -109.452354 2.150000 0.000000 0.000000
420000 4 P -255.739105 21.434286 -107.110069 2.110000 -1.000000 0.000000
420000 5 S -257.226105 21.702686 -110.746376 1.800000 0.000000 0.000000
420000 6 G -257.253845 18.180727 -111.808601 2.150000 0.000000 0.000000
420000 7 P -260.859955 21.648945 -109.353897 2.110000 -1.000000 0.000000
420000 8 S -262.935455 20.847015 -112.487228 1.800000 0.000000 0.000000
420000 9 G -261.354248 17.545097 -112.451218 2.150000 0.000000 0.000000
420000 10 P -265.514862 20.972197 -109.900116 2.110000 -1.000000 0.000000
420000 11 S -268.207794 18.405504 -110.911003 1.800000 0.000000 0.000000
420000 12 C -266.347076 15.534995 -110.103828 2.150000 0.000000 0.000000
420000 13 P -269.901215 18.799212 -107.701355 2.110000 -1.000000 0.000000
420000 14 S -270.208160 15.093315 -106.986603 1.800000 0.000000 0.000000
420000 15 G -267.068298 15.325712 -105.573746 2.150000 0.000000 0.000000
420000 16 P -271.162628 15.982500 -103.588287 2.110000 -1.000000 0.000000
420000 17 S -270.143616 12.776954 -101.724770 1.800000 0.000000 0.000000
420000 18 C -270.929810 10.266501 -104.021790 2.150000 0.000000 0.000000
420000 19 P -266.615784 12.168051 -102.825172 2.110000 -1.000000 0.000000
420000 20 S -268.112000 8.857601 -102.202057 1.800000 0.000000 0.000000
420000 21 A -267.287292 8.107485 -98.949509 2.150000 0.000000 0.000000
420000 22 P -264.583527 7.970428 -103.361961 2.110000 -1.000000 0.000000
420000 23 S -264.936432 4.241910 -103.207176 1.800000 0.000000 0.000000
420000 24 A -267.741913 5.007159 -105.215263 2.150000 0.000000 0.000000
420000 25 P -261.895172 3.595799 -105.333710 2.110000 -1.000000 0.000000
420000 26 S -263.822906 3.583791 -108.592018 1.800000 0.000000 0.000000
420000 27 G -264.561401 6.989183 -108.902824 2.150000 0.000000 0.000000
420000 28 P -261.154938 3.610413 -111.492783 2.110000 -1.000000 0.000000
420000 29 S -262.759796 5.557814 -114.356819 1.800000 0.000000 0.000000
420000 30 C -263.080597 8.974835 -115.080276 2.150000 0.000000 0.000000
420000 31 P -259.171265 4.886507 -115.160530 2.110000 -1.000000 0.000000
420000 32 S -258.022980 7.603995 -117.495956 1.800000 0.000000 0.000000
420000 33 C -257.139404 10.379654 -115.625923 2.150000 0.000000 0.000000
420000 34 P -254.258026 6.859244 -117.743370 2.110000 -1.000000 0.000000
420000 35 S -253.174026 10.196804 -119.143791 1.800000 0.000000 0.000000
420000 36 U -253.931641 12.713387 -116.975494 2.150000 0.000000 0.000000
420000 37 P -250.008453 9.323052 -117.815727 2.110000 -1.000000 0.000000
425000 1 P -258.618164 16.634972 -96.281021 2.110000 -1.000000 1.000000
425000 2 S -257.321716 18.424259 -99.330902 1.800000 0.000000 0.000000
425000 3 G -255.956314 16.163200 -101.764046 2.150000 0.000000 0.000000
425000 4 P -260.954315 19.904909 -100.552460 2.110000 -1.000000 0.000000
425000 5 S -260.311066 20.401133 -104.215515 1.800000 0.000000 0.000000
425000 6 G -260.092590 16.860767 -104.643623 2.150000 0.000000 0.000000
425000 7 P -264.215210 20.261072 -103.851143 2.110000 -1.000000 0.000000
425000 8 S -265.296875 18.922081 -107.292648 1.800000 0.000000 0.000000
425000 9 G -263.564545 15.859722 -106.861450 2.150000 0.000000 0.000000
425000 10 P -267.822266 19.037449 -104.866432 2.110000 -1.000000 0.000000
425000 11 S -270.507385 16.527582 -105.677933 1.800000 0.000000 0.000000
425000 12 C -268.535278 13.672787 -105.256256 2.150000 0.000000 0.000000
425000 13 P -272.010040 16.800598 -102.032379 2.110000 -1.000000 0.000000
425000 14 S -272.486847 13.107137 -101.087280 1.800000 0.000000 0.000000
425000 15 G -269.599701 11.675631 -100.645638 2.150000 0.000000 0.000000
425000 16 P -272.366089 13.417397 -97.376701 2.110000 -1.000000 0.000000
425000 17 S -273.704285 9.939013 -97.326744 1.800000 0.000000 0.000000
425000 18 C -275.259033 9.711456 -94.189087 2.150000 0.000000 0.000000
425000 19 P -270.357422 8.364336 -97.493301 2.110000 -1.000000 0.000000
425000 20 S -271.516571 4.852520 -96.355171 1.800000 0.000000 0.000000
425000 21 A -273.262695 3.459729 -98.930771 2.150000 0.000000 0.000000
425000 22 P -268.185577 3.130338 -96.558296 2.110000 -1.000000 0.000000
425000 23 S -269.534180 1.431919 -99.768608 1.800000 0.000000 0.000000
425000 24 A -270.052826 4.536714 -101.304642 2.150000 0.000000 0.000000
425000 25 P -266.428589 0.274838 -101.304893 2.110000 -1.000000 0.000000
425000 26 S -266.866608 2.138156 -104.672142 1.800000 0.000000 0.000000
425000 27 G -265.997803 5.327397 -103.220680 2.150000 0.000000 0.000000
425000 28 P -263.047089 1.901699 -105.251892 2.110000 -1.000000 0.000000
425000 29 S -263.231903 3.575153 -108.763565 1.800000 0.000000 0.000000
425000 30 C -264.121521 6.925724 -107.866196 2.150000 0.000000 0.000000
425000 31 P -259.902283 4.525628 -110.374626 2.110000 -1.000000 0.000000
425000 32 S -260.998871 7.654335 -112.511841 1.800000 0.000000 0.000000
425000 33 C -260.572540 9.435049 -109.449394 2.150000 0.000000 0.000000
425000 34 P -257.733978 9.209620 -113.937134 2.110000 -1.000000 0.000000
425000 35 S -258.873474 12.923010 -113.218956 1.800000 0.000000 0.000000
425000 36 U -258.527771 12.765870 -109.829918 2.150000 0.000000 0.000000
425000 37 P -255.825623 15.056690 -113.391296 2.110000 -1.000000 0.000000
430000 1 P -256.980438 16.848034 -106.374733 2.110000 -1.000000 1.000000
430000 2 S -256.823364 17.537531 -110.072258 1.800000 0.000000 0.000000
430000 3 G -257.412323 14.194101 -110.726151 2.150000 0.000000 0.000000
430000 4 P -260.536041 18.086422 -110.297867 2.110000 -1.000000 0.000000
430000 5 S -260.870209 16.365688 -113.828125 1.800000 0.000000 0.000000
430000 6 G -260.450287 12.987994 -113.657150 2.150000 0.000000 0.000000
430000 7 P -264.549103 16.620300 -112.994812 2.110000 -1.000000 0.000000
430000 8 S -266.561371 13.892981 -114.724327 1.800000 0.000000 0.000000
430000 9 G -265.437683 11.461225 -112.590530 2.150000 0.000000 0.000000
430000 10 P -269.373749 14.931746 -112.271568 2.110000 -1.000000 0.000000
430000 11 S -270.517212 11.487970 -112.759239 1.800000 0.000000 0.000000
430000 12 C -268.128906 8.987530 -112.165451 2.150000 0.000000 0.000000
430000 13 P -272.789032 11.551159 -109.380592 2.110000 -1.000000 0.000000
430000 14 S -270.467987 11.956262 -106.324455 1.800000 0.000000 0.000000
430000 15 G -268.959137 14.970141 -107.480347 2.150000 0.000000 0.000000
430000 16 P -273.499115 13.892499 -104.812035 2.110000 -1.000000 0.000000
430000 17 S -272.772308 11.807900 -101.791100 1.800000 0.000000 0.000000
430000 18 C -274.087799 13.304679 -98.775848 2.150000 0.000000 0.000000
430000 19 P -269.140045 12.289925 -100.740036 2.110000 -1.000000 0.000000
430000 20 S -270.144104 8.847933 -99.579712 1.800000 0.000000 0.000000
430000 21 A -270.979218 8.644206 -102.901657 2.150000 0.000000 0.000000
430000 22 P -266.901184 6.626963 -99.008514 2.110000 -1.000000 0.000000
430000 23 S -268.329895 3.206007 -99.395203 1.800000 0.000000 0.000000
430000 24 A -269.097748 4.331015 -102.814369 2.150000 0.000000 0.000000
430000 25 P -264.808105 1.679924 -100.589630 2.110000 -1.000000 0.000000
430000 26 S -266.333588 0.392774 -103.974709 1.800000 0.000000 0.000000
430000 27 G -265.749481 3.153870 -105.909744 2.150000 0.000000 0.000000
430000 28 P -263.059509 -0.657330 -105.758003 2.110000 -1.000000 0.000000
430000 29 S -265.040466 -0.391507 -108.937126 1.800000 0.000000 0.000000
430000 30 C -264.766724 3.034796 -109.774979 2.150000 0.000000 0.000000
430000 31 P -261.587433 -0.783730 -110.669899 2.110000 -1.000000 0.000000
430000 32 S -262.022186 1.227921 -113.794739 1.800000 0.000000 0.000000
430000 33 C -262.226654 4.515685 -112.698059 2.150000 0.000000 0.000000
430000 34 P -258.955902 1.635172 -116.082130 2.110000 -1.000000 0.000000
430000 35 S -260.144348 4.838099 -117.870270 1.800000 0.000000 0.000000
430000 36 U -260.407074 7.383615 -115.772888 2.150000 0.000000 0.000000
430000 37 P -256.776459 5.669170 -119.498512 2.110000 -1.000000 0.000000
435000 1 P -260.294861 15.117780 -110.588509 2.110000 -1.000000 1.000000
435000 2 S -262.569214 14.834787 -113.758896 1.800000 0.000000 0.000000
435000 3 G -263.480377 11.782759 -115.113068 2.150000 0.000000 0.000000
435000 4 P -265.963165 15.579067 -111.841721 2.110000 -1.000000 0.000000
435000 5 S -267.882019 13.691524 -114.413506 1.800000 0.000000 0.000000
435000 6 G -267.884003 10.282293 -114.780144 2.150000 0.000000 0.000000
435000 7 P -270.633850 14.531500 -111.979752 2.110000 -1.000000 0.000000
435000 8 S -272.805298 11.553288 -113.191330 1.800000 0.000000 0.000000
435000 9 G -271.633820 8.663553 -111.508476 2.150000 0.000000 0.000000
435000 10 P -274.969086 12.523587 -110.147408 2.110000 -1.000000 0.000000
435000 11 S -276.016174 8.965979 -110.502884 1.800000 0.000000 0.000000
435000 12 C -273.838806 7.247786 -108.649841 2.150000 0.000000 0.000000
435000 13 P -277.222656 10.009275 -106.955292 2.110000 -1.000000 0.000000
435000 14 S -273.929779 11.863958 -106.925369 1.800000 0.000000 0.000000
435000 15 G -271.544403 10.060267 -105.278000 2.150000 0.000000 0.000000
435000 16 P -274.820831 14.156322 -104.239891 2.110000 -1.000000 0.000000
435000 17 S -274.788849 13.620653 -100.459404 1.800000 0.000000 0.000000
435000 18 C -275.474335 10.296977 -100.640182 2.150000 0.000000 0.000000
435000 19 P -270.937775 12.980641 -100.491051 2.110000 -1.000000 0.000000
435000 20 S -270.394745 9.755464 -98.366455 1.800000 0.000000 0.000000
435000 21 A -272.081390 7.394404 -100.099129 2.150000 0.000000 0.000000
435000 22 P -266.803223 9.282756 -99.503777 2.110000 -1.000000 0.000000
435000 23 S -266.812622 5.719816 -97.972374 1.800000 0.000000 0.000000
435000 24 A -269.086731 4.975724 -100.575340 2.150000 0.000000 0.000000
435000 25 P -263.688751 4.265277 -100.004807 2.110000 -1.000000 0.000000
435000 26 S -265.846100 1.351342 -101.462967 1.800000 0.000000 0.000000
435000 27 G -266.942719 3.766035 -103.814857 2.150000 0.000000 0.000000
435000 28 P -263.659363 -0.234756 -104.106834 2.110000 -1.000000 0.000000
435000 29 S -266.594879 -1.334292 -106.410957 1.800000 0.000000 0.000000
435000 30 C -268.325287 1.641719 -107.055733 2.150000 0.000000 0.000000
435000 31 P -264.150421 -2.221522 -109.238411 2.110000 -1.000000 0.000000
435000 32 S -266.735504 -1.434589 -111.984711 1.800000 0.000000 0.000000
435000 33 C -267.567230 1.829709 -112.154869 2.150000 0.000000 0.000000
435000 34 P -264.221252 -1.983861 -114.863632 2.110000 -1.000000 0.000000
435000 35 S -265.845947 0.093689 -117.704498 1.800000 0.000000 0.000000
435000 36 U -265.262756 3.189001 -116.088707 2.150000 0.000000 0.000000
435000 37 P -262.901367 -0.021739 -120.431740 2.110000 -1.000000 0.000000
440000 1 P -261.072357 14.509965 -114.022789 2.110000 -1.000000 1.000000
440000 2 S -264.043335 14.439990 -116.502007 1.800000 0.000000 0.000000
440000 3 G -264.404327 11.246320 -114.808418 2.150000 0.000000 0.000000
440000 4 P -266.409790 15.877884 -113.736595 2.110000 -1.000000 0.000000
440000 5 S -269.845673 14.106862 -113.667732 1.800000 0.000000 0.000000
440000 6 G -268.634277 11.132717 -112.571220 2.150000 0.000000 0.000000
440000 7 P -272.430817 15.030662 -110.757866 2.110000 -1.000000 0.000000
440000 8 S -274.152618 11.783414 -110.873253 1.800000 0.000000 0.000000
440000 9 G -271.412170 9.765643 -109.598198 2.150000 0.000000 0.000000
440000 10 P -276.370148 12.417640 -107.821800 2.110000 -1.000000 0.000000
440000 11 S -276.654694 8.944601 -106.665535 1.800000 0.000000 0.000000
440000 12 C -273.360779 7.842577 -106.366966 2.150000 0.000000 0.000000
440000 13 P -277.438751 9.798185 -102.983078 2.110000 -1.000000 0.000000
440000 14 S -273.568329 9.951679 -102.983391 1.800000 0.000000 0.000000
440000 15 G -271.809357 13.035277 -103.470901 2.150000 0.000000 0.000000
440000 16 P -275.359558 11.409601 -99.783058 2.110000 -1.000000 0.000000
440000 17 S -272.088867 10.419271 -97.862335 1.800000 0.000000 0.000000
440000 18 C -270.876678 12.919762 -95.637680 2.150000 0.000000 0.000000
440000 19 P -269.428589 11.672518 -100.306908 2.110000 -1.000000 0.000000
440000 20 S -266.757324 9.845764 -98.333580 1.800000 0.000000 0.000000
440000 21 A -268.541565 6.629952 -98.572044 2.150000 0.000000 0.000000
440000 22 P -264.453247 9.310665 -101.281242 2.110000 -1.000000 0.000000
440000 23 S -262.783600 6.175648 -99.635094 1.800000 0.000000 0.000000
440000 24 A -265.106689 3.947793 -98.526497 2.150000 0.000000 0.000000
440000 25 P -260.742035 3.886665 -101.740829 2.110000 -1.000000 0.000000
440000 26 S -263.604645 1.944977 -103.185692 1.800000 0.000000 0.000000
440000 27 G -265.534027 4.087885 -104.907814 2.150000 0.000000 0.000000
440000 28 P -262.598053 -0.258633 -106.323143 2.110000 -1.000000 0.000000
440000 29 S -266.064789 -0.836240 -107.411316 1.800000 0.000000 0.000000
440000 30 C -267.732422 2.045111 -107.972099 2.150000 0.000000 0.000000
440000 31 P -265.133331 -2.077715 -110.976021 2.110000 -1.000000 0.000000
440000 32 S -268.501373 -1.476476 -112.616295 1.800000 0.000000 0.000000
440000 33 C -267.810242 2.080652 -112.149643 2.150000 0.000000 0.000000
440000 34 P -267.141968 -1.955722 -116.101608 2.110000 -1.000000 0.000000
440000 35 S -269.730042 0.517367 -117.321396 1.800000 0.000000 0.000000
440000 36 U -269.021149 3.410396 -115.616455 2.150000 0.000000 0.000000
440000 37 P -266.623566 0.083776 -119.774139 2.110000 -1.000000 0.000000
445000 1 P -262.090118 16.037775 -109.420166 2.110000 -1.000000 1.000000
445000 2 S -263.649353 16.288485 -112.800583 1.800000 0.000000 0.000000
445000 3 G -263.859436 12.936328 -113.260239 2.150000 0.000000 0.000000
445000 4 P -266.869415 17.048424 -110.994446 2.110000 -1.000000 0.000000
445000 5 S -269.064484 14.874804 -113.169006 1.800000 0.000000 0.000000
445000 6 G -268.056305 11.668995 -112.119415 2.150000 0.000000 0.000000
445000 7 P -271.951172 14.944519 -110.561569 2.110000 -1.000000 0.000000
445000 8 S -273.280426 12.020361 -112.736786 1.800000 0.000000 0.000000
445000 9 G -271.223145 9.502273 -112.062256 2.150000 0.000000 0.000000
445000 10 P -275.765839 12.091247 -109.898651 2.110000 -1.000000 0.000000
445000 11 S -276.639496 8.194143 -109.991875 1.800000 0.000000 0.000000
445000 12 C -273.643585 6.419416 -109.829445 2.150000 0.000000 0.000000
445000 13 P -277.319733 9.683644 -106.547272 2.110000 -1.000000 0.000000
445000 14 S -276.212402 6.412852 -104.878883 1.800000 0.000000 0.000000
445000 15 G -272.919617 6.536407 -105.163109 2.150000 0.000000 0.000000
445000 16 P -276.853119 8.426560 -101.635918 2.110000 -1.000000 0.000000
445000 17 S -274.910187 6.896960 -98.752571 1.800000 0.000000 0.000000
445000 18 C -274.627991 8.775098 -95.780838 2.150000 0.000000 0.000000
445000 19 P -271.901184 7.985734 -101.030914 2.110000 -1.000000 0.000000
445000 20 S -270.272339 4.643017 -100.271210 1.800000 0.000000 0.000000
445000 21 A -271.638306 3.056008 -102.893120 2.150000 0.000000 0.000000
445000 22 P -267.246124 4.447724 -102.541328 2.110000 -1.000000 0.000000
445000 23 S -266.729095 1.598911 -99.858452 1.800000 0.000000 0.000000
445000 24 A -269.136444 -0.389302 -101.559837 2.150000 0.000000 0.000000
445000 25 P -263.607727 0.400957 -101.818733 2.110000 -1.000000 0.000000
445000 26 S -266.037750 -1.015229 -104.386383 1.800000 0.000000 0.000000
445000 27 G -268.322296 1.163841 -105.715500 2.150000 0.000000 0.000000
445000 28 P -263.494690 -0.534963 -107.205299 2.110000 -1.000000 0.000000
445000 29 S -266.710022 -1.318548 -109.273117 1.800000 0.000000 0.000000
445000 30 C -267.159607 1.916106 -109.871246 2.150000 0.000000 0.000000
445000 31 P -264.616577 -1.583830 -112.719025 2.110000 -1.000000 0.000000
445000 32 S -266.614960 0.049456 -115.627876 1.800000 0.000000 0.000000
445000 33 C -266.023254 3.425016 -114.644775 2.150000 0.000000 0.000000
445000 34 P -263.886017 -0.034969 -118.320000 2.110000 -1.000000 0.000000
445000 35 S -264.715973 3.033974 -120.545044 1.800000 0.000000 0.000000
445000 36 U -264.773407 5.806878 -118.451828 2.150000 0.000000 0.000000
445000 37 P -261.948914 3.839668 -122.921028 2.110000 -1.000000 0.000000
450000 1 P -265.724640 11.147798 -108.900101 2.110000 -1.000000 1.000000
450000 2 S -267.353638 13.162055 -111.730347 1.800000 0.000000 0.000000
450000 3 G -268.203979 11.016781 -114.274498 2.150000 0.000000 0.000000
450000 4 P -270.424744 13.377439 -109.680061 2.110000 -1.000000 0.000000
450000 5 S -272.849579 13.008443 -112.590767 1.800000 0.000000 0.000000
450000 6 G -272.010254 9.808018 -113.847343 2.150000 0.000000 0.000000
450000 7 P -274.685028 12.811414 -109.343224 2.110000 -1.000000 0.000000
450000 8 S -277.041473 10.055688 -110.628746 1.800000 0.000000 0.000000
450000 9 G -274.594788 7.603425 -110.085037 2.150000 0.000000 0.000000
450000 10 P -278.562347 9.753318 -106.921791 2.110000 -1.000000 0.000000
450000 11 S -280.062408 6.237088 -106.810730 1.800000 0.000000 0.000000
450000 12 C -276.612183 5.432469 -107.653267 2.150000 0.000000 0.000000
450000 13 P -280.777588 7.705256 -102.979027 2.110000 -1.000000 0.000000
450000 14 S -280.022491 3.940630 -102.646072 1.800000 0.000000 0.000000
450000 15 G -276.746887 4.024123 -103.738060 2.150000 0.000000 0.000000
450000 16 P -278.869720 4.905414 -99.033386 2.110000 -1.000000 0.000000
450000 17 S -276.060791 2.314944 -98.929779 1.800000 0.000000 0.000000
450000 18 C -274.420898 3.216930 -95.908302 2.150000 0.000000 0.000000
450000 19 P -273.495819 3.304236 -101.438744 2.110000 -1.000000 0.000000
450000 20 S -272.031525 0.451366 -99.333916 1.800000 0.000000 0.000000
450000 21 A -274.711334 -1.535657 -99.266129 2.150000 0.000000 0.000000
450000 22 P -269.396088 -0.371145 -101.889206 2.110000 -1.000000 0.000000
450000 23 S -269.658051 -4.170125 -101.901321 1.800000 0.000000 0.000000
450000 24 A -272.627106 -3.906862 -103.704727 2.150000 0.000000 0.000000
450000 25 P -268.070953 -5.325354 -105.295799 2.110000 -1.000000 0.000000
450000 26 S -271.002319 -5.226859 -107.456894 1.800000 0.000000 0.000000
450000 27 G -271.433350 -1.962995 -107.642723 2.150000 0.000000 0.000000
450000 28 P -269.564178 -5.645297 -110.957718 2.110000 -1.000000 0.000000
450000 29 S -272.440826 -3.931626 -112.817184 1.800000 0.000000 0.000000
450000 30 C -271.708771 -0.664367 -111.585922 2.150000 0.000000 0.000000
450000 31 P -271.012848 -3.786363 -116.154190 2.110000 -1.000000 0.000000
450000 32 S -273.099792 -1.280734 -118.324394 1.800000 0.000000 0.000000
450000 33 C -271.986084 1.154097 -116.244392 2.150000 0.000000 0.000000
450000 34 P -271.085846 -0.461754 -121.534134 2.110000 -1.000000 0.000000
450000 35 S -273.058258 2.781622 -121.768188 1.800000 0.000000 0.000000
450000 36 U -271.003601 4.482892 -119.460670 2.150000 0.000000 0.000000
450000 37 P -270.741180 4.074157 -124.297714 2.110000 -1.000000 0.000000
455000 1 P -260.449219 11.919351 -97.891418 2.110000 -1.000000 1.000000
455000 2 S -263.005219 13.239058 -100.467339 1.800000 0.000000 0.000000
455000 3 G -264.201599 9.962737 -101.166168 2.150000 0.000000 0.000000
455000 4 P -265.780914 14.087963 -97.897018 2.110000 -1.000000 0.000000
455000 5 S -268.495941 13.752300 -100.490723 1.800000 0.000000 0.000000
455000 6 G -268.573334 10.130118 -101.077019 2.150000 0.000000 0.000000
455000 7 P -270.238037 13.262932 -97.029480 2.110000 -1.000000 0.000000
455000 8 S -272.760345 11.123813 -98.955811 1.800000 0.000000 0.000000
455000 9 G -271.051361 8.013741 -98.546402 2.150000 0.000000 0.000000
455000 10 P -274.412109 10.550879 -95.483040 2.110000 -1.000000 0.000000
455000 11 S -276.533691 7.370483 -95.868126 1.800000 0.000000 0.000000
455000 12 C -274.005280 5.050448 -96.556526 2.150000 0.000000 0.000000
455000 13 P -277.336304 6.863879 -92.080498 2.110000 -1.000000 0.000000
455000 14 S -277.709900 3.158179 -91.652473 1.800000 0.000000 0.000000
455000 15 G -274.599396 1.513958 -92.013016 2.150000 0.000000 0.000000
455000 16 P -277.058441 5.433605 -88.498856 2.110000 -1.000000 0.000000
455000 17 S -274.382751 4.397164 -85.925652 1.800000 0.000000 0.000000
455000 18 C -275.378082 0.997111 -86.603912 2.150000 0.000000 0.000000
455000 19 P -271.784943 4.180675 -88.608330 2.110000 -1.000000 0.000000
455000 20 S -269.523224 1.417312 -87.127800 1.800000 0.000000 0.000000
455000 21 A -271.893707 -0.945062 -87.092651 2.150000 0.000000 0.000000
455000 22 P -267.751404 -0.003496 -90.256264 2.110000 -1.000000 0.000000
455000 23 S -265.158722 -2.093153 -88.553787 1.800000 0.000000 0.000000
455000 24 A -267.374878 -4.744240 -88.439751 2.150000 0.000000 0.000000
455000 25 P -263.948822 -3.321391 -92.075989 2.110000 -1.000000 0.000000
455000 26 S -267.046967 -4.663321 -93.946899 1.800000 0.000000 0.000000
455000 27 G -268.323456 -1.576093 -94.788643 2.150000 0.000000 0.000000
455000 28 P -265.598450 -4.992760 -97.485893 2.110000 -1.000000 0.000000
455000 29 S -269.335175 -4.010401 -98.498329 1.800000 0.000000 0.000000
455000 30 C -269.046967 -0.404852 -98.383659 2.150000 0.000000 0.000000
455000 31 P -268.160309 -3.545753 -102.195618 2.110000 -1.000000 0.000000
455000 32 S -270.959991 -1.323819 -103.492325 1.800000 0.000000 0.000000
455000 33 C -269.328308 1.651555 -102.726898 2.150000 0.000000 0.000000
455000 34 P -268.531921 -1.897867 -106.520981 2.110000 -1.000000 0.000000
455000 35 S -268.822693 1.444562 -108.304474 1.800000 0.000000 0.000000
455000 36 U -266.174042 3.145761 -106.869057 2.150000 0.000000 0.000000
455000 37 P -266.360413 1.070953 -111.195724 2.110000 -1.000000 0.000000
460000 1 P -270.633270 11.574970 -99.128433 2.110000 -1.000000 1.000000
460000 2 S -273.840790 11.476416 -100.896996 1.800000 0.000000 0.000000
460000 3 G -273.587097 7.853179 -100.663261 2.150000 0.000000 0.000000
460000 4 P -275.812897 11.900399 -97.689156 2.110000 -1.000000 0.000000
460000 5 S -278.507812 10.253825 -99.710915 1.800000 0.000000 0.000000
460000 6 G -277.008606 7.161843 -99.014801 2.150000 0.000000 0.000000
460000 7 P -281.021118 10.232067 -96.811989 2.110000 -1.000000 0.000000
460000 8 S -282.777344 6.965232 -97.357742 1.800000 0.000000 0.000000
460000 9 G -280.504150 4.174383 -97.774002 2.150000 0.000000 0.000000
460000 10 P -284.175201 7.212660 -93.675880 2.110000 -1.000000 0.000000
460000 11 S -284.468170 3.627706 -91.998428 1.800000 0.000000 0.000000
460000 12 C -281.211823 2.667956 -92.208847 2.150000 0.000000 0.000000
460000 13 P -284.966064 4.224465 -88.228203 2.110000 -1.000000 0.000000
460000 14 S -281.984558 2.209343 -86.619911 1.800000 0.000000 0.000000
460000 15 G -278.945465 3.069825 -88.118256 2.150000 0.000000 0.000000
460000 16 P -281.818420 4.134198 -83.545593 2.110000 -1.000000 0.000000
460000 17 S -278.308594 3.597722 -82.678474 1.800000 0.000000 0.000000
460000 18 C -278.483521 0.218822 -82.864845 2.150000 0.000000 0.000000
460000 19 P -276.135895 4.984156 -85.555412 2.110000 -1.000000 0.000000
460000 20 S -273.534760 2.860724 -84.015816 1.800000 0.000000 0.000000
460000 21 A -275.799103 0.869456 -85.937012 2.150000 0.000000 0.000000
460000 22 P -271.283173 2.859035 -87.218506 2.110000 -1.000000 0.000000
460000 23 S -269.738708 -0.448530 -85.877335 1.800000 0.000000 0.000000
460000 24 A -272.370117 -2.932606 -85.982857 2.150000 0.000000 0.000000
460000 25 P -268.227234 -0.731580 -89.556091 2.110000 -1.000000 0.000000
460000 26 S -270.818512 -3.544354 -89.897224 1.800000 0.000000 0.000000
460000 27 G -273.083832 -0.811679 -89.880028 2.150000 0.000000 0.000000
460000 28 P -270.395874 -4.724771 -93.622086 2.110000 -1.000000 0.000000
460000 29 S -274.090912 -5.788842 -94.320114 1.800000 0.000000 0.000000
460000 30 C -275.841705 -2.573404 -94.445969 2.150000 0.000000 0.000000
460000 31 P -273.735046 -6.475455 -97.854561 2.110000 -1.000000 0.000000
460000 32 S -277.155060 -5.109864 -99.119598 1.800000 0.000000 0.000000
460000 33 C -275.607086 -1.938084 -99.162773 2.150000 0.000000 0.000000
460000 34 P -276.931976 -5.311247 -103.011734 2.110000 -1.000000 0.000000
460000 35 S -279.554565 -2.566611 -102.702309 1.800000 0.000000 0.000000
460000 36 U -278.075043 0.462213 -103.051918 2.150000 0.000000 0.000000
460000 37 P -279.182587 -2.157768 -106.413528 2.110000 -1.000000 0.000000
465000 1 P -269.299133 9.908344 -107.585213 2.110000 -1.000000 1.000000
465000 2 S -272.104401 10.069286 -110.233902 1.800000 0.000000 0.000000
465000 3 G -274.690979 7.516456 -110.880600 2.150000 0.000000 0.000000
465000 4 P -272.991364 11.378139 -106.744293 2.110000 -1.000000 0.000000
465000 5 S -276.506012 9.654173 -107.080048 1.800000 0.000000 0.000000
465000 6 G -275.506531 6.387730 -106.367950 2.150000 0.000000 0.000000
465000 7 P -278.244507 9.958464 -103.562233 2.110000 -1.000000 0.000000
465000 8 S -280.609314 7.084970 -102.640396 1.800000 0.000000 0.000000
465000 9 G -277.564636 5.005948 -102.005974 2.150000 0.000000 0.000000
465000 10 P -281.265778 8.391193 -98.897446 2.110000 -1.000000 0.000000
465000 11 S -282.639984 5.540961 -96.704239 1.800000 0.000000 0.000000
465000 12 C -279.789368 3.719581 -96.295227 2.150000 0.000000 0.000000
465000 13 P -282.052429 7.204120 -93.143738 2.110000 -1.000000 0.000000
465000 14 S -281.519012 3.785903 -91.672241 1.800000 0.000000 0.000000
465000 15 G -278.539276 2.539519 -93.058128 2.150000 0.000000 0.000000
465000 16 P -279.966431 5.258259 -88.684784 2.110000 -1.000000 0.000000
465000 17 S -277.856232 2.294255 -87.914299 1.800000 0.000000 0.000000
465000 18 C -276.691315 4.600567 -85.677925 2.150000 0.000000 0.000000
465000 19 P -275.619385 3.777259 -90.744682 2.110000 -1.000000 0.000000
465000 20 S -273.786591 0.410771 -90.276031 1.800000 0.000000 0.000000
465000 21 A -276.559601 -1.255181 -91.877159 2.150000 0.000000 0.000000
465000 22 P -271.918518 -0.222193 -93.521652 2.110000 -1.000000 0.000000
465000 23 S -270.511902 -3.457819 -92.022560 1.800000 0.000000 0.000000
465000 24 A -273.359589 -5.258917 -93.101517 2.150000 0.000000 0.000000
465000 25 P -268.860413 -4.749200 -95.146103 2.110000 -1.000000 0.000000
465000 26 S -272.199646 -5.667249 -96.584465 1.800000 0.000000 0.000000
465000 27 G -272.932159 -2.185327 -97.137154 2.150000 0.000000 0.000000
465000 28 P -270.548126 -6.416722 -99.713600 2.110000 -1.000000 0.000000
465000 29 S -274.101379 -6.609902 -101.187614 1.800000 0.000000 0.000000
465000 30 C -273.872711 -3.322468 -101.642899 2.150000 0.000000 0.000000
465000 31 P -274.128204 -7.226190 -104.713531 2.110000 -1.000000 0.000000
465000 32 S -277.607300 -5.733960 -104.618088 1.800000 0.000000 0.000000
465000 33 C -276.360992 -2.336498 -104.394867 2.150000 0.000000 0.000000
465000 34 P -278.682648 -5.400560 -108.216782 2.110000 -1.000000 0.000000
465000 35 S -280.957031 -2.286350 -107.419701 1.800000 0.000000 0.000000
465000 36 U -279.480011 0.921139 -106.997108 2.150000 0.000000 0.000000
465000 37 P -282.220062 -1.190518 -110.876595 2.110000 -1.000000 0.000000
470000 1 P -273.690552 2.452430 -112.092743 2.110000 -1.000000 1.000000
470000 2 S -277.044647 2.339094 -113.628540 1.800000 0.000000 0.000000
470000 3 G -278.095764 -0.673251 -113.021255 2.150000 0.000000 0.000000
470000 4 P -278.780945 4.174835 -110.700089 2.110000 -1.000000 0.000000
470000 5 S -282.392639 3.088745 -110.758553 1.800000 0.000000 0.000000
470000 6 G -281.342285 -0.016851 -109.798988 2.150000 0.000000 0.000000
470000 7 P -282.765747 5.067735 -107.225731 2.110000 -1.000000 0.000000
470000 8 S -285.086060 2.069921 -106.451241 1.800000 0.000000 0.000000
470000 9 G -283.707001 -0.913140 -105.357025 2.150000 0.000000 0.000000
470000 10 P -283.939636 3.672000 -102.989708 2.110000 -1.000000 0.000000
470000 11 S -284.882324 0.717183 -100.693092 1.800000 0.000000 0.000000
470000 12 C -281.927612 -0.520888 -101.565277 2.150000 0.000000 0.000000
470000 13 P -283.936523 2.856342 -97.510208 2.110000 -1.000000 0.000000
470000 14 S -282.628723 -0.401335 -95.866997 1.800000 0.000000 0.000000
470000 15 G -279.979126 -0.725335 -98.056480 2.150000 0.000000 0.000000
470000 16 P -281.508148 1.442932 -92.536324 2.110000 -1.000000 0.000000
470000 17 S -278.516235 -0.786800 -91.762344 1.800000 0.000000 0.000000
470000 18 C -279.888672 -3.822959 -91.693130 2.150000 0.000000 0.000000
470000 19 P -276.897247 -0.285045 -95.012856 2.110000 -1.000000 0.000000
470000 20 S -274.873383 -3.497023 -94.572235 1.800000 0.000000 0.000000
470000 21 A -276.973389 -6.161193 -95.540169 2.150000 0.000000 0.000000
470000 22 P -272.839630 -3.635628 -98.132965 2.110000 -1.000000 0.000000
470000 23 S -270.692200 -6.587356 -97.814308 1.800000 0.000000 0.000000
470000 24 A -272.934631 -9.301975 -97.460281 2.150000 0.000000 0.000000
470000 25 P -270.411530 -7.610674 -101.411850 2.110000 -1.000000 0.000000
470000 26 S -273.619476 -9.581639 -100.897209 1.800000 0.000000 0.000000
470000 27 G -275.383392 -6.871881 -101.932907 2.150000 0.000000 0.000000
470000 28 P -274.796814 -11.811499 -103.818916 2.110000 -1.000000 0.000000
470000 29 S -278.545837 -11.420671 -102.977600 1.800000 0.000000 0.000000
470000 30 C -279.161713 -8.533694 -104.603157 2.150000 0.000000 0.000000
470000 31 P -279.453217 -13.296778 -106.141014 2.110000 -1.000000 0.000000
470000 32 S -282.758667 -11.632727 -106.816055 1.800000 0.000000 0.000000
470000 33 C -282.963776 -8.497961 -108.088760 2.150000 0.000000 0.000000
470000 34 P -283.132355 -13.076953 -110.088425 2.110000 -1.000000 0.000000
470000 35 S -285.675873 -10.369644 -110.963165 1.800000 0.000000 0.000000
470000 36 U -284.336761 -7.019248 -111.256561 2.150000 0.000000 0.000000
470000 37 P -285.478058 -11.903546 -114.484871 2.110000 -1.000000 0.000000
475000 1 P -269.800201 3.527797 -111.683167 2.110000 -1.000000 1.000000
475000 2 S -272.450073 3.928383 -114.395424 1.800000 0.000000 0.000000
475000 3 G -272.583252 0.342401 -114.088867 2.150000 0.000000 0.000000
475000 4 P -274.473785 5.696781 -111.865456 2.110000 -1.000000 0.000000
475000 5 S -277.909210 4.010366 -111.365753 1.800000 0.000000 0.000000
475000 6 G -277.523743 1.005086 -109.928215 2.150000 0.000000 0.000000
475000 7 P -277.882477 6.163485 -108.190605 2.110000 -1.000000 0.000000
475000 8 S -280.573547 4.306751 -106.193222 1.800000 0.000000 0.000000
475000 9 G -278.844482 1.429167 -105.814766 2.150000 0.000000 0.000000
475000 10 P -280.020020 5.650247 -102.478134 2.110000 -1.000000 0.000000
475000 11 S -280.852600 2.789080 -100.110985 1.800000 0.000000 0.000000
475000 12 C -277.876556 1.586179 -101.085831 2.150000 0.000000 0.000000
475000 13 P -279.889862 3.784395 -96.674255 2.110000 -1.000000 0.000000
475000 14 S -277.013062 1.463966 -96.672546 1.800000 0.000000 0.000000
475000 15 G -275.098480 3.123302 -99.089417 2.150000 0.000000 0.000000
475000 16 P -275.889648 2.775611 -93.336418 2.110000 -1.000000 0.000000
475000 17 S -272.977234 0.506587 -93.641106 1.800000 0.000000 0.000000
475000 18 C -271.095734 3.490229 -93.851921 2.150000 0.000000 0.000000
475000 19 P -272.105560 0.036581 -97.160851 2.110000 -1.000000 0.000000
475000 20 S -270.379761 -3.116031 -95.998436 1.800000 0.000000 0.000000
475000 21 A -273.329956 -4.198491 -94.551926 2.150000 0.000000 0.000000
475000 22 P -270.748077 -4.545091 -99.338341 2.110000 -1.000000 0.000000
475000 23 S -271.149323 -8.055503 -97.831764 1.800000 0.000000 0.000000
475000 24 A -274.481750 -7.319384 -98.094353 2.150000 0.000000 0.000000
475000 25 P -270.966431 -10.635896 -100.751518 2.110000 -1.000000 0.000000
475000 26 S -274.735565 -10.019711 -100.684296 1.800000 0.000000 0.000000
475000 27 G -274.567505 -7.179358 -102.885590 2.150000 0.000000 0.000000
475000 28 P -275.342499 -12.140199 -103.867424 2.110000 -1.000000 0.000000
475000 29 S -278.840698 -10.640597 -104.618530 1.800000 0.000000 0.000000
475000 30 C -277.553650 -7.320470 -105.268661 2.150000 0.000000 0.000000
475000 31 P -277.794250 -12.571680 -107.739365 2.110000 -1.000000 0.000000
475000 32 S -280.097198 -10.734279 -110.282913 1.800000 0.000000 0.000000
475000 33 C -278.026062 -7.889329 -109.377464 2.150000 0.000000 0.000000
475000 34 P -277.988220 -12.129415 -113.139183 2.110000 -1.000000 0.000000
475000 35 S -279.297943 -9.709701 -115.522942 1.800000 0.000000 0.000000
475000 36 U -278.504608 -6.623753 -113.696465 2.150000 0.000000 0.000000
475000 37 P -276.175476 -11.146536 -117.311890 2.110000 -1.000000 0.000000
480000 1 P -271.858368 -0.147835 -107.836044 2.110000 -1.000000 1.000000
480000 2 S -274.779205 0.544031 -110.082352 1.800000 0.000000 0.000000
480000 3 G -276.382568 -2.482707 -109.275177 2.150000 0.000000 0.000000
480000 4 P -276.645874 3.055196 -107.650322 2.110000 -1.000000 0.000000
480000 5 S -279.911377 3.092736 -109.341614 1.800000 0.000000 0.000000
480000 6 G -280.733490 -0.229734 -108.805321 2.150000 0.000000 0.000000
480000 7 P -281.771545 4.930668 -106.418541 2.110000 -1.000000 0.000000
480000 8 S -285.259949 3.553359 -105.992325 1.800000 0.000000 0.000000
480000 9 G -284.372070 0.242896 -105.769577 2.150000 0.000000 0.000000
480000 10 P -284.367615 5.653019 -102.893387 2.110000 -1.000000 0.000000
480000 11 S -285.160919 3.214886 -100.315239 1.800000 0.000000 0.000000
480000 12 C -282.942535 0.954552 -101.765221 2.150000 0.000000 0.000000
480000 13 P -283.079163 4.951161 -97.487328 2.110000 -1.000000 0.000000
480000 14 S -281.020416 2.024317 -96.082230 1.800000 0.000000 0.000000
480000 15 G -279.537659 1.681574 -99.437485 2.150000 0.000000 0.000000
480000 16 P -278.303040 4.361654 -94.874252 2.110000 -1.000000 0.000000
480000 17 S -275.572906 1.737559 -94.234077 1.800000 0.000000 0.000000
480000 18 C -277.839691 -0.284968 -92.275581 2.150000 0.000000 0.000000
480000 19 P -275.329193 0.180651 -97.741882 2.110000 -1.000000 0.000000
480000 20 S -274.615662 -3.352140 -96.772705 1.800000 0.000000 0.000000
480000 21 A -277.853485 -2.962731 -95.827614 2.150000 0.000000 0.000000
480000 22 P -275.218140 -5.288670 -99.983452 2.110000 -1.000000 0.000000
480000 23 S -275.796539 -8.380378 -97.903488 1.800000 0.000000 0.000000
480000 24 A -272.867310 -9.540728 -99.494316 2.150000 0.000000 0.000000
480000 25 P -276.962372 -11.458879 -99.517899 2.110000 -1.000000 0.000000
480000 26 S -280.504578 -10.771969 -98.606949 1.800000 0.000000 0.000000
480000 27 G -280.712036 -7.818945 -100.670479 2.150000 0.000000 0.000000
480000 28 P -282.372009 -12.647738 -101.420982 2.110000 -1.000000 0.000000
480000 29 S -286.003326 -10.954706 -101.226433 1.800000 0.000000 0.000000
480000 30 C -284.457794 -8.266284 -102.284126 2.150000 0.000000 0.000000
480000 31 P -286.889984 -12.146458 -104.710655 2.110000 -1.000000 0.000000
480000 32 S -288.489197 -9.082021 -106.611221 1.800000 0.000000 0.000000
480000 33 C -285.624908 -7.371267 -107.123627 2.150000 0.000000 0.000000
480000 34 P -287.875854 -9.917974 -110.365692 2.110000 -1.000000 0.000000
480000 35 S -288.019745 -6.139804 -111.012596 1.800000 0.000000 0.000000
480000 36 U -284.699646 -5.392995 -110.123451 2.150000 0.000000 0.000000
480000 37 P -286.231445 -7.643682 -114.116730 2.110000 -1.000000 0.000000
485000 1 P -270.134094 -3.844789 -113.256485 2.110000 -1.000000 1.000000
485000 2 S -272.321686 -1.801610 -115.757851 1.800000 0.000000 0.000000
485000 3 G -274.968719 -4.079870 -115.298584 2.150000 0.000000 0.000000
485000 4 P -273.161987 1.177931 -113.085991 2.110000 -1.000000 0.000000
485000 5 S -276.639313 1.484517 -114.473465 1.800000 0.000000 0.000000
485000 6 G -278.288422 -1.428335 -114.761795 2.150000 0.000000 0.000000
485000 7 P -278.154999 3.603832 -111.624001 2.110000 -1.000000 0.000000
485000 8 S -281.593018 2.356554 -112.379715 1.800000 0.000000 0.000000
485000 9 G -280.755096 -1.098712 -111.211815 2.150000 0.000000 0.000000
485000 10 P -280.967377 4.429018 -109.105637 2.110000 -1.000000 0.000000
485000 11 S -283.955292 3.048836 -107.022011 1.800000 0.000000 0.000000
485000 12 C -283.456573 -0.549296 -107.264565 2.150000 0.000000 0.000000
485000 13 P -282.586639 4.519283 -103.603798 2.110000 -1.000000 0.000000
485000 14 S -283.670288 1.894511 -101.317101 1.800000 0.000000 0.000000
485000 15 G -280.817657 0.918008 -103.021126 2.150000 0.000000 0.000000
485000 16 P -281.556793 2.290915 -98.292130 2.110000 -1.000000 0.000000
485000 17 S -279.191162 -0.536109 -97.586601 1.800000 0.000000 0.000000
485000 18 C -277.094208 1.522853 -95.608864 2.150000 0.000000 0.000000
485000 19 P -276.940857 -0.379073 -100.592468 2.110000 -1.000000 0.000000
485000 20 S -276.724426 -4.143015 -99.722336 1.800000 0.000000 0.000000
485000 21 A -280.189178 -4.837322 -99.296349 2.150000 0.000000 0.000000
485000 22 P -275.884277 -5.212513 -103.102676 2.110000 -1.000000 0.000000
485000 23 S -275.497437 -8.496017 -101.243919 1.800000 0.000000 0.000000
485000 24 A -278.531708 -8.502530 -99.550301 2.150000 0.000000 0.000000
485000 25 P -275.880676 -11.812312 -103.140236 2.110000 -1.000000 0.000000
485000 26 S -279.432587 -11.223923 -102.151344 1.800000 0.000000 0.000000
485000 27 G -280.491943 -8.119955 -103.600624 2.150000 0.000000 0.000000
485000 28 P -279.800903 -13.546565 -105.260216 2.110000 -1.000000 0.000000
485000 29 S -283.157410 -11.886499 -106.103394 1.800000 0.000000 0.000000
485000 30 C -282.769867 -8.526999 -106.628510 2.150000 0.000000 0.000000
485000 31 P -283.760498 -13.561330 -109.506882 2.110000 -1.000000 0.000000
485000 32 S -285.353149 -11.149144 -111.779968 1.800000 0.000000 0.000000
485000 33 C -282.808746 -8.723810 -112.597778 2.150000 0.000000 0.000000
485000 34 P -286.004578 -12.397268 -115.344322 2.110000 -1.000000 0.000000
485000 35 S -285.794647 -9.262230 -117.385124 1.800000 0.000000 0.000000
485000 36 U -282.414032 -8.844253 -117.476990 2.150000 0.000000 0.000000
485000 37 P -286.138123 -11.528502 -120.516014 2.110000 -1.000000 0.000000
490000 1 P -274.590881 -4.325974 -121.896759 2.110000 -1.000000 1.000000
490000 2 S -277.098267 -1.483492 -121.503273 1.800000 0.000000 0.000000
490000 3 G -280.494537 -2.385427 -121.642570 2.150000 0.000000 0.000000
490000 4 P -277.320557 0.413909 -118.195885 2.110000 -1.000000 0.000000
490000 5 S -280.966980 0.767769 -117.953705 1.800000 0.000000 0.000000
490000 6 G -281.247803 -2.627428 -116.811264 2.150000 0.000000 0.000000
490000 7 P -280.926819 2.286992 -114.616837 2.110000 -1.000000 0.000000
490000 8 S -284.028198 0.790809 -113.155548 1.800000 0.000000 0.000000
490000 9 G -281.637756 -2.053330 -112.652695 2.150000 0.000000 0.000000
490000 10 P -283.356995 2.520192 -109.498741 2.110000 -1.000000 0.000000
490000 11 S -284.989258 -0.197869 -107.381767 1.800000 0.000000 0.000000
490000 12 C -282.572357 -2.447599 -108.235649 2.150000 0.000000 0.000000
490000 13 P -282.963470 1.019121 -104.476608 2.110000 -1.000000 0.000000
490000 14 S -281.654785 -1.840589 -102.108940 1.800000 0.000000 0.000000
490000 15 G -284.607147 -1.860934 -100.323753 2.150000 0.000000 0.000000
490000 16 P -279.877350 0.798725 -99.545784 2.110000 -1.000000 0.000000
490000 17 S -277.272339 -1.767715 -99.170380 1.800000 0.000000 0.000000
490000 18 C -279.989288 -3.682233 -98.551376 2.150000 0.000000 0.000000
490000 19 P -276.331573 -3.813290 -102.464340 2.110000 -1.000000 0.000000
490000 20 S -275.926819 -7.435143 -101.133224 1.800000 0.000000 0.000000
490000 21 A -279.095703 -9.240004 -101.044327 2.150000 0.000000 0.000000
490000 22 P -274.796814 -8.769298 -104.470863 2.110000 -1.000000 0.000000
490000 23 S -275.907501 -12.391080 -103.557823 1.800000 0.000000 0.000000
490000 24 A -279.258698 -12.942324 -102.008377 2.150000 0.000000 0.000000
490000 25 P -276.040619 -14.430873 -106.948509 2.110000 -1.000000 0.000000
490000 26 S -279.519897 -14.038411 -105.876801 1.800000 0.000000 0.000000
490000 27 G -279.390564 -10.741259 -107.069122 2.150000 0.000000 0.000000
490000 28 P -280.927460 -15.342669 -109.189842 2.110000 -1.000000 0.000000
490000 29 S -284.254669 -13.700395 -109.477020 1.800000 0.000000 0.000000
490000 30 C -282.320923 -10.807643 -110.384712 2.150000 0.000000 0.000000
490000 31 P -285.741394 -15.036590 -112.933739 2.110000 -1.000000 0.000000
490000 32 S -288.019043 -11.917633 -113.300499 1.800000 0.000000 0.000000
490000 33 C -285.034821 -9.620968 -112.978340 2.150000 0.000000 0.000000
490000 34 P -289.370544 -11.847794 -116.896591 2.110000 -1.000000 0.000000
490000 35 S -289.157928 -8.223052 -116.063881 1.800000 0.000000 0.000000
490000 36 U -286.015320 -6.704063 -115.567238 2.150000 0.000000 0.000000
490000 37 P -289.934723 -7.384557 -119.636520 2.110000 -1.000000 0.000000
495000 1 P -266.145081 -0.432654 -126.804146 2.110000 -1.000000 1.000000
495000 2 S -269.496552 1.014102 -128.359131 1.800000 0.000000 0.000000
495000 3 G -270.933655 -2.068980 -127.701752 2.150000 0.000000 0.000000
495000 4 P -270.181671 2.893979 -125.047813 2.110000 -1.000000 0.000000
495000 5 S -273.802399 2.271789 -125.621765 1.800000 0.000000 0.000000
495000 6 G -274.217468 -1.086179 -124.916328 2.150000 0.000000 0.000000
495000 7 P -275.268707 3.440765 -122.259979 2.110000 -1.000000 0.000000
495000 8 S -278.846283 1.964259 -121.998238 1.800000 0.000000 0.000000
495000 9 G -278.288910 -1.245189 -120.994911 2.150000 0.000000 0.000000
495000 10 P -278.150696 2.908521 -118.463951 2.110000 -1.000000 0.000000
495000 11 S -280.574127 0.728094 -116.587791 1.800000 0.000000 0.000000
495000 12 C -278.262939 -2.072205 -116.758842 2.150000 0.000000 0.000000
495000 13 P -278.667847 1.957716 -113.400970 2.110000 -1.000000 0.000000
495000 14 S -278.795959 -1.309639 -111.454025 1.800000 0.000000 0.000000
495000 15 G -276.785217 -3.575596 -113.218933 2.150000 0.000000 0.000000
495000 16 P -276.371155 -0.424914 -108.620811 2.110000 -1.000000 0.000000
495000 17 S -274.612671 -3.509509 -107.204102 1.800000 0.000000 0.000000
495000 18 C -271.423950 -2.048043 -107.342407 2.150000 0.000000 0.000000
495000 19 P -273.213043 -3.912961 -110.578117 2.110000 -1.000000 0.000000
495000 20 S -272.770721 -7.728035 -110.826180 1.800000 0.000000 0.000000
495000 21 A -275.962341 -8.291541 -109.614899 2.150000 0.000000 0.000000
495000 22 P -272.043304 -9.168302 -114.330109 2.110000 -1.000000 0.000000
495000 23 S -273.311768 -12.639406 -112.899872 1.800000 0.000000 0.000000
495000 24 A -270.592804 -14.405252 -112.028122 2.150000 0.000000 0.000000
495000 25 P -274.563263 -15.439436 -115.304657 2.110000 -1.000000 0.000000
495000 26 S -277.912506 -13.835176 -114.764626 1.800000 0.000000 0.000000
495000 27 G -276.517792 -10.422204 -115.203842 2.150000 0.000000 0.000000
495000 28 P -278.060913 -14.829723 -118.367905 2.110000 -1.000000 0.000000
495000 29 S -280.900604 -12.744234 -119.647934 1.800000 0.000000 0.000000
495000 30 C -279.412506 -9.835724 -118.871948 2.150000 0.000000 0.000000
495000 31 P -280.047333 -13.562612 -123.357933 2.110000 -1.000000 0.000000
495000 32 S -281.910431 -10.291517 -123.794495 1.800000 0.000000 0.000000
495000 33 C -280.300629 -7.211493 -123.095436 2.150000 0.000000 0.000000
495000 34 P -280.752777 -12.145858 -126.965042 2.110000 -1.000000 0.000000
495000 35 S -280.777130 -9.340154 -129.771500 1.800000 0.000000 0.000000
495000 36 U -277.851868 -7.721227 -128.310150 2.150000 0.000000 0.000000
495000 37 P -279.373016 -12.470484 -131.584106 2.110000 -1.000000 0.000000
500000 1 P -265.854370 -8.985928 -113.117790 2.110000 -1.000000 1.000000
500000 2 S -266.606903 -7.039155 -116.138885 1.800000 0.000000 0.000000
500000 3 G -269.452850 -7.477961 -117.945641 2.150000 0.000000 0.000000
500000 4 P -267.755615 -3.932621 -114.389885 2.110000 -1.000000 0.000000
500000 5 S -269.948730 -2.597062 -116.978172 1.800000 0.000000 0.000000
500000 6 G -273.090698 -3.959986 -117.831490 2.150000 0.000000 0.000000
500000 7 P -272.080322 -0.340329 -114.814514 2.110000 -1.000000 0.000000
500000 8 S -275.824280 -0.545030 -116.178093 1.800000 0.000000 0.000000
500000 9 G -275.859863 -3.810058 -115.144371 2.150000 0.000000 0.000000
500000 10 P -276.218567 1.264004 -112.642075 2.110000 -1.000000 0.000000
500000 11 S -279.068024 -0.488087 -111.280235 1.800000 0.000000 0.000000
500000 12 C -277.134460 -3.931002 -111.131683 2.150000 0.000000 0.000000
500000 13 P -277.990479 1.700980 -108.407600 2.110000 -1.000000 0.000000
500000 14 S -278.539886 -1.100052 -106.157242 1.800000 0.000000 0.000000
500000 15 G -276.161560 -3.172198 -107.722481 2.150000 0.000000 0.000000
500000 16 P -276.189514 0.109509 -103.300682 2.110000 -1.000000 0.000000
500000 17 S -275.630524 -3.225896 -101.581329 1.800000 0.000000 0.000000
500000 18 C -278.703827 -4.745071 -101.625031 2.150000 0.000000 0.000000
500000 19 P -274.019287 -5.112236 -104.671066 2.110000 -1.000000 0.000000
500000 20 S -274.582977 -8.386229 -102.947227 1.800000 0.000000 0.000000
500000 21 A -278.107086 -9.024961 -103.434708 2.150000 0.000000 0.000000
500000 22 P -272.973175 -11.187460 -104.755440 2.110000 -1.000000 0.000000
500000 23 S -275.087463 -14.239547 -103.503853 1.800000 0.000000 0.000000
500000 24 A -278.344940 -12.891028 -103.679512 2.150000 0.000000 0.000000
500000 25 P -274.978241 -16.120699 -106.686554 2.110000 -1.000000 0.000000
500000 26 S -278.553589 -15.610984 -108.040779 1.800000 0.000000 0.000000
500000 27 G -277.358063 -12.455985 -109.505882 2.150000 0.000000 0.000000
500000 28 P -278.863373 -16.692289 -111.534958 2.110000 -1.000000 0.000000
500000 29 S -281.301819 -14.167153 -112.549675 1.800000 0.000000 0.000000
500000 30 C -278.872375 -12.213821 -113.652405 2.150000 0.000000 0.000000
500000 31 P -281.869263 -14.799554 -116.414986 2.110000 -1.000000 0.000000
500000 32 S -282.711365 -11.442443 -117.620712 1.800000 0.000000 0.000000
500000 33 C -279.952179 -9.544101 -117.177666 2.150000 0.000000 0.000000
500000 34 P -282.088593 -12.043067 -121.303055 2.110000 -1.000000 0.000000
500000 35 S -280.885132 -8.720737 -122.549667 1.800000 0.000000 0.000000
500000 36 U -277.656494 -7.953293 -121.248665 2.150000 0.000000 0.000000
500000 37 P -279.971619 -10.494051 -125.884781 2.110000 -1.000000 0.000000
