380000 1 P -149.043381 16.554804 -118.507507 2.110000 -1.000000 1.000000
380000 2 S -148.464615 17.112160 -114.808876 1.800000 0.000000 0.000000
380000 3 G -148.131134 13.389478 -114.750427 2.150000 0.000000 0.000000
380000 4 P -144.854553 18.277994 -115.533028 2.110000 -1.000000 0.000000
380000 5 S -143.808960 17.105944 -112.174522 1.800000 0.000000 0.000000
380000 6 G -142.500061 13.923096 -113.182648 2.150000 0.000000 0.000000
380000 7 P -140.333984 18.359472 -113.286224 2.110000 -1.000000 0.000000
380000 8 S -137.731949 16.673567 -110.956131 1.800000 0.000000 0.000000
380000 9 G -137.509766 13.667110 -112.762497 2.150000 0.000000 0.000000
380000 10 P -135.192078 18.101727 -113.251663 2.110000 -1.000000 0.000000
380000 11 S -132.998871 15.457810 -111.756416 1.800000 0.000000 0.000000
380000 12 C -134.093430 12.195859 -112.402893 2.150000 0.000000 0.000000
380000 13 P -131.025223 16.518324 -115.188438 2.110000 -1.000000 0.000000
380000 14 S -128.774780 13.184794 -114.946915 1.800000 0.000000 0.000000
380000 15 G -130.915314 10.401688 -115.090393 2.150000 0.000000 0.000000
380000 16 P -127.982918 13.483164 -118.747131 2.110000 -1.000000 0.000000
380000 17 S -126.537865 10.044037 -118.428299 1.800000 0.000000 0.000000
380000 18 C -129.617935 8.562789 -118.169785 2.150000 0.000000 0.000000
380000 19 P -126.441498 9.722253 -122.203453 2.110000 -1.000000 0.000000
380000 20 S -128.377686 6.345603 -122.794693 1.800000 0.000000 0.000000
380000 21 A -127.499741 4.561460 -119.817024 2.150000 0.000000 0.000000
380000 22 P -132.024887 7.204604 -121.417427 2.110000 -1.000000 0.000000
380000 23 S -133.368423 4.246266 -123.447014 1.800000 0.000000 0.000000
380000 24 A -131.716431 1.607994 -121.637260 2.150000 0.000000 0.000000
380000 25 P -136.666748 2.635957 -122.338760 2.110000 -1.000000 0.000000
380000 26 S -135.296204 1.632616 -118.838066 1.800000 0.000000 0.000000
380000 27 G -134.327026 4.700662 -117.040688 2.150000 0.000000 0.000000
380000 28 P -138.110184 0.195873 -116.631203 2.110000 -1.000000 0.000000
380000 29 S -137.138824 1.229515 -113.166031 1.800000 0.000000 0.000000
380000 30 C -137.678421 4.790625 -112.323547 2.150000 0.000000 0.000000
380000 31 P -140.439850 0.197106 -111.411522 2.110000 -1.000000 0.000000
380000 32 S -140.210571 2.566012 -108.742638 1.800000 0.000000 0.000000
380000 33 C -141.129456 5.136156 -110.871391 2.150000 0.000000 0.000000
380000 34 P -143.955338 2.169491 -107.635620 2.110000 -1.000000 0.000000
380000 35 S -144.391083 5.598246 -106.180977 1.800000 0.000000 0.000000
380000 36 U -144.696960 6.898301 -109.266624 2.150000 0.000000 0.000000
380000 37 P -147.811234 5.917207 -104.895348 2.110000 -1.000000 0.000000
385000 1 P -141.462051 20.001801 -125.631195 2.110000 -1.000000 1.000000
385000 2 S -141.304504 20.602549 -121.830566 1.800000 0.000000 0.000000
385000 3 G -140.891556 17.401920 -120.749359 2.150000 0.000000 0.000000
385000 4 P -137.812073 21.416924 -121.138634 2.110000 -1.000000 0.000000
385000 5 S -137.863922 21.273497 -117.324440 1.800000 0.000000 0.000000
385000 6 G -138.885345 17.944025 -117.028755 2.150000 0.000000 0.000000
385000 7 P -133.995697 21.322258 -117.570625 2.110000 -1.000000 0.000000
385000 8 S -133.202728 19.025934 -114.652451 1.800000 0.000000 0.000000
385000 9 G -134.119247 16.334747 -116.819901 2.150000 0.000000 0.000000
385000 10 P -129.596298 19.771057 -116.349518 2.110000 -1.000000 0.000000
385000 11 S -128.168777 16.622879 -114.638313 1.800000 0.000000 0.000000
385000 12 C -130.343628 14.300965 -116.014954 2.150000 0.000000 0.000000
385000 13 P -125.970383 17.262255 -117.903488 2.110000 -1.000000 0.000000
385000 14 S -126.738228 13.595868 -117.989670 1.800000 0.000000 0.000000
385000 15 G -123.625496 12.397007 -116.558151 2.150000 0.000000 0.000000
385000 16 P -126.672066 13.202407 -121.768486 2.110000 -1.000000 0.000000
385000 17 S -126.580498 9.443996 -121.166946 1.800000 0.000000 0.000000
385000 18 C -129.538742 10.456462 -119.812851 2.150000 0.000000 0.000000
385000 19 P -127.096886 10.314983 -124.869705 2.110000 -1.000000 0.000000
385000 20 S -127.440048 6.839021 -126.449677 1.800000 0.000000 0.000000
385000 21 A -125.724586 4.910873 -124.280952 2.150000 0.000000 0.000000
385000 22 P -130.594711 6.866858 -124.528984 2.110000 -1.000000 0.000000
385000 23 S -131.805786 3.273361 -125.446304 1.800000 0.000000 0.000000
385000 24 A -132.579529 4.425336 -128.426987 2.150000 0.000000 0.000000
385000 25 P -134.714752 3.082507 -123.144730 2.110000 -1.000000 0.000000
385000 26 S -134.540375 3.404081 -119.402916 1.800000 0.000000 0.000000
385000 27 G -133.697510 6.740039 -119.598289 2.150000 0.000000 0.000000
385000 28 P -138.485703 3.316094 -119.091057 2.110000 -1.000000 0.000000
385000 29 S -139.005997 5.150908 -115.727928 1.800000 0.000000 0.000000
385000 30 C -138.592957 8.412950 -117.143776 2.150000 0.000000 0.000000
385000 31 P -143.043777 4.582315 -116.326935 2.110000 -1.000000 0.000000
385000 32 S -144.138931 7.283578 -113.713585 1.800000 0.000000 0.000000
385000 33 C -142.976700 10.547032 -114.216095 2.150000 0.000000 0.000000
385000 34 P -148.118912 7.916537 -113.554161 2.110000 -1.000000 0.000000
385000 35 S -147.748322 11.510403 -112.752754 1.800000 0.000000 0.000000
385000 36 U -147.127243 12.284146 -116.224792 2.150000 0.000000 0.000000
385000 37 P -151.586243 11.364562 -113.384232 2.110000 -1.000000 0.000000
390000 1 P -147.502823 16.052418 -119.579185 2.110000 -1.000000 1.000000
390000 2 S -146.558609 17.244974 -116.065598 1.800000 0.000000 0.000000
390000 3 G -145.565704 13.832393 -115.022026 2.150000 0.000000 0.000000
390000 4 P -143.106598 18.104538 -117.295914 2.110000 -1.000000 0.000000
390000 5 S -140.846893 17.272665 -114.154198 1.800000 0.000000 0.000000
390000 6 G -139.788544 14.036880 -113.767967 2.150000 0.000000 0.000000
390000 7 P -137.955811 17.844425 -116.711815 2.110000 -1.000000 0.000000
390000 8 S -135.811142 15.495197 -114.576851 1.800000 0.000000 0.000000
390000 9 G -136.553268 12.246859 -115.611702 2.150000 0.000000 0.000000
390000 10 P -133.391052 15.913449 -117.645943 2.110000 -1.000000 0.000000
390000 11 S -130.908508 12.894468 -117.269730 1.800000 0.000000 0.000000
390000 12 C -133.172287 10.152824 -117.112015 2.150000 0.000000 0.000000
390000 13 P -129.630386 13.732962 -120.634109 2.110000 -1.000000 0.000000
390000 14 S -127.920464 10.305774 -120.953552 1.800000 0.000000 0.000000
390000 15 G -130.938660 8.360393 -121.760101 2.150000 0.000000 0.000000
390000 16 P -128.070419 10.912423 -124.798386 2.110000 -1.000000 0.000000
390000 17 S -128.628540 7.204191 -125.740982 1.800000 0.000000 0.000000
390000 18 C -125.787605 5.344071 -125.404221 2.150000 0.000000 0.000000
390000 19 P -128.836166 7.086650 -129.402161 2.110000 -1.000000 0.000000
390000 20 S -131.219330 4.286256 -129.092545 1.800000 0.000000 0.000000
390000 21 A -131.917755 3.857851 -132.423706 2.150000 0.000000 0.000000
390000 22 P -134.679062 5.070971 -127.122414 2.110000 -1.000000 0.000000
390000 23 S -135.178528 1.562637 -128.166870 1.800000 0.000000 0.000000
390000 24 A -133.562943 0.436497 -125.347198 2.150000 0.000000 0.000000
390000 25 P -138.497025 1.528056 -126.165123 2.110000 -1.000000 0.000000
390000 26 S -136.619675 0.149358 -123.290955 1.800000 0.000000 0.000000
390000 27 G -135.234604 3.457030 -123.011139 2.150000 0.000000 0.000000
390000 28 P -139.097946 -0.642050 -120.825310 2.110000 -1.000000 0.000000
390000 29 S -136.736221 0.561084 -118.109215 1.800000 0.000000 0.000000
390000 30 C -137.710922 3.914261 -118.831184 2.150000 0.000000 0.000000
390000 31 P -139.216660 -0.008515 -115.375214 2.110000 -1.000000 0.000000
390000 32 S -137.623535 2.276303 -112.806282 1.800000 0.000000 0.000000
390000 33 C -138.957458 5.034687 -114.362976 2.150000 0.000000 0.000000
390000 34 P -140.896805 1.227282 -110.989761 2.110000 -1.000000 0.000000
390000 35 S -141.265213 4.418718 -108.814247 1.800000 0.000000 0.000000
390000 36 U -142.163803 7.069432 -110.993042 2.150000 0.000000 0.000000
390000 37 P -145.104004 3.370763 -108.489616 2.110000 -1.000000 0.000000
395000 1 P -144.979568 13.800067 -123.770538 2.110000 -1.000000 1.000000
395000 2 S -143.543594 16.237505 -121.197533 1.800000 0.000000 0.000000
395000 3 G -142.327133 15.688743 -117.952057 2.150000 0.000000 0.000000
395000 4 P -140.407013 17.528934 -122.649040 2.110000 -1.000000 0.000000
395000 5 S -138.703079 17.885191 -119.244507 1.800000 0.000000 0.000000
395000 6 G -137.737762 14.532918 -119.929108 2.150000 0.000000 0.000000
395000 7 P -134.963486 18.661812 -120.481903 2.110000 -1.000000 0.000000
395000 8 S -132.979980 17.948132 -117.190483 1.800000 0.000000 0.000000
395000 9 G -133.153519 14.434835 -117.268585 2.150000 0.000000 0.000000
395000 10 P -130.269073 18.589855 -119.433052 2.110000 -1.000000 0.000000
395000 11 S -127.781471 16.247297 -117.811455 1.800000 0.000000 0.000000
395000 12 C -128.758118 13.043357 -118.636925 2.150000 0.000000 0.000000
395000 13 P -126.207481 16.561209 -121.247429 2.110000 -1.000000 0.000000
395000 14 S -125.201675 13.084392 -121.497498 1.800000 0.000000 0.000000
395000 15 G -128.334946 12.163894 -122.801231 2.150000 0.000000 0.000000
395000 16 P -124.007584 13.931189 -124.743126 2.110000 -1.000000 0.000000
395000 17 S -123.761055 10.244091 -125.509895 1.800000 0.000000 0.000000
395000 18 C -127.025429 9.065891 -125.905449 2.150000 0.000000 0.000000
395000 19 P -123.966789 10.851881 -129.310608 2.110000 -1.000000 0.000000
395000 20 S -126.370483 8.049137 -129.568634 1.800000 0.000000 0.000000
395000 21 A -126.877594 7.548604 -133.151184 2.150000 0.000000 0.000000
395000 22 P -129.842834 7.785693 -128.156021 2.110000 -1.000000 0.000000
395000 23 S -129.822525 4.088743 -128.193604 1.800000 0.000000 0.000000
395000 24 A -127.217537 4.230332 -125.802002 2.150000 0.000000 0.000000
395000 25 P -132.535126 2.732220 -126.109390 2.110000 -1.000000 0.000000
395000 26 S -130.368164 2.284129 -123.004509 1.800000 0.000000 0.000000
395000 27 G -131.317001 5.659784 -123.152145 2.150000 0.000000 0.000000
395000 28 P -132.776520 0.932173 -120.289818 2.110000 -1.000000 0.000000
395000 29 S -131.388016 2.345346 -117.155121 1.800000 0.000000 0.000000
395000 30 C -132.017609 5.794075 -117.086433 2.150000 0.000000 0.000000
395000 31 P -134.817398 1.905401 -115.068520 2.110000 -1.000000 0.000000
395000 32 S -134.289032 4.890265 -112.809937 1.800000 0.000000 0.000000
395000 33 C -135.851807 6.927068 -115.361885 2.150000 0.000000 0.000000
395000 34 P -137.648727 4.274420 -111.193588 2.110000 -1.000000 0.000000
395000 35 S -138.339157 7.520729 -109.863815 1.800000 0.000000 0.000000
395000 36 U -138.190384 9.645511 -112.635201 2.150000 0.000000 0.000000
395000 37 P -142.036484 7.975945 -109.170479 2.110000 -1.000000 0.000000
400000 1 P -147.011017 16.372444 -118.032074 2.110000 -1.000000 1.000000
400000 2 S -145.030212 17.290333 -115.010918 1.800000 0.000000 0.000000
400000 3 G -143.464920 14.285491 -115.248024 2.150000 0.000000 0.000000
400000 4 P -142.093613 19.032682 -116.596207 2.110000 -1.000000 0.000000
400000 5 S -139.998077 18.864637 -113.510796 1.800000 0.000000 0.000000
400000 6 G -139.358582 15.554491 -113.567566 2.150000 0.000000 0.000000
400000 7 P -137.064423 19.632835 -115.539078 2.110000 -1.000000 0.000000
400000 8 S -134.789352 17.558725 -113.399071 1.800000 0.000000 0.000000
400000 9 G -135.813034 14.514732 -114.853828 2.150000 0.000000 0.000000
400000 10 P -131.481934 17.552122 -115.642075 2.110000 -1.000000 0.000000
400000 11 S -129.878159 14.338178 -114.408516 1.800000 0.000000 0.000000
400000 12 C -131.965271 12.718931 -116.413025 2.150000 0.000000 0.000000
400000 13 P -127.908058 15.249266 -117.494461 2.110000 -1.000000 0.000000
400000 14 S -128.157913 12.128405 -119.618942 1.800000 0.000000 0.000000
400000 15 G -131.379669 11.713861 -120.760101 2.150000 0.000000 0.000000
400000 16 P -127.106209 13.679121 -122.820122 2.110000 -1.000000 0.000000
400000 17 S -129.658890 11.356016 -124.588692 1.800000 0.000000 0.000000
400000 18 C -132.882675 12.300107 -124.027786 2.150000 0.000000 0.000000
400000 19 P -129.317245 12.187063 -128.079620 2.110000 -1.000000 0.000000
400000 20 S -131.320419 8.901400 -128.784210 1.800000 0.000000 0.000000
400000 21 A -130.127579 7.251499 -125.839256 2.150000 0.000000 0.000000
400000 22 P -134.635880 9.262792 -126.701958 2.110000 -1.000000 0.000000
400000 23 S -136.030090 5.816676 -127.499260 1.800000 0.000000 0.000000
400000 24 A -133.612762 5.062121 -124.749199 2.150000 0.000000 0.000000
400000 25 P -138.952576 4.849381 -124.844589 2.110000 -1.000000 0.000000
400000 26 S -136.327118 2.866764 -122.381981 1.800000 0.000000 0.000000
400000 27 G -134.457703 4.988027 -120.505768 2.150000 0.000000 0.000000
400000 28 P -138.506989 1.951740 -119.438889 2.110000 -1.000000 0.000000
400000 29 S -135.568909 2.581180 -117.120445 1.800000 0.000000 0.000000
400000 30 C -136.446426 5.577537 -115.610764 2.150000 0.000000 0.000000
400000 31 P -137.247818 1.441077 -113.757545 2.110000 -1.000000 0.000000
400000 32 S -135.211060 4.087221 -111.954292 1.800000 0.000000 0.000000
400000 33 C -136.922653 6.972476 -112.389542 2.150000 0.000000 0.000000
400000 34 P -137.562225 2.758088 -109.167549 2.110000 -1.000000 0.000000
400000 35 S -138.532440 6.390989 -108.008110 1.800000 0.000000 0.000000
400000 36 U -140.752411 6.666163 -110.657028 2.150000 0.000000 0.000000
400000 37 P -141.361954 4.315167 -106.446625 2.110000 -1.000000 0.000000
405000 1 P -152.299072 7.983884 -121.599335 2.110000 -1.000000 1.000000
405000 2 S -152.755356 9.503498 -118.080315 1.800000 0.000000 0.000000
405000 3 G -150.749313 7.026113 -116.858543 2.150000 0.000000 0.000000
405000 4 P -149.519760 11.702065 -118.881210 2.110000 -1.000000 0.000000
405000 5 S -148.727737 12.868655 -115.273697 1.800000 0.000000 0.000000
405000 6 G -147.735519 10.225547 -113.611389 2.150000 0.000000 0.000000
405000 7 P -145.372971 13.987229 -116.591927 2.110000 -1.000000 0.000000
405000 8 S -143.042664 13.342695 -113.598419 1.800000 0.000000 0.000000
405000 9 G -141.578827 10.271513 -113.274635 2.150000 0.000000 0.000000
405000 10 P -140.482727 13.855203 -116.494812 2.110000 -1.000000 0.000000
405000 11 S -137.761810 12.910886 -114.203644 1.800000 0.000000 0.000000
405000 12 C -137.213287 9.549477 -114.485428 2.150000 0.000000 0.000000
405000 13 P -135.281586 13.171265 -117.171272 2.110000 -1.000000 0.000000
405000 14 S -132.712769 10.561360 -116.838989 1.800000 0.000000 0.000000
405000 15 G -134.638412 7.703969 -117.133438 2.150000 0.000000 0.000000
405000 16 P -131.427094 10.477855 -120.462769 2.110000 -1.000000 0.000000
405000 17 S -130.864594 6.777380 -120.788490 1.800000 0.000000 0.000000
405000 18 C -134.424438 6.279592 -121.116768 2.150000 0.000000 0.000000
405000 19 P -130.259369 7.016171 -124.661331 2.110000 -1.000000 0.000000
405000 20 S -129.954926 3.431230 -125.369698 1.800000 0.000000 0.000000
405000 21 A -128.172852 3.305779 -122.322784 2.150000 0.000000 0.000000
405000 22 P -133.077652 2.169096 -123.866447 2.110000 -1.000000 0.000000
405000 23 S -132.769073 -1.348134 -122.670609 1.800000 0.000000 0.000000
405000 24 A -131.104202 -0.310172 -119.460709 2.150000 0.000000 0.000000
405000 25 P -136.009796 -2.110081 -120.813507 2.110000 -1.000000 0.000000
405000 26 S -134.462189 -1.962175 -117.284142 1.800000 0.000000 0.000000
405000 27 G -134.143158 1.376725 -116.816063 2.150000 0.000000 0.000000
405000 28 P -137.863998 -2.933706 -115.659958 2.110000 -1.000000 0.000000
405000 29 S -137.476624 -0.887129 -112.617477 1.800000 0.000000 0.000000
405000 30 C -137.950928 2.091941 -114.170609 2.150000 0.000000 0.000000
405000 31 P -140.715027 -0.886825 -110.345291 2.110000 -1.000000 0.000000
405000 32 S -140.153885 2.342516 -108.319283 1.800000 0.000000 0.000000
405000 33 C -140.520386 5.063502 -110.663498 2.150000 0.000000 0.000000
405000 34 P -143.642487 1.133039 -107.271790 2.110000 -1.000000 0.000000
405000 35 S -145.147141 4.559649 -106.729027 1.800000 0.000000 0.000000
405000 36 U -145.289413 4.221049 -109.993317 2.150000 0.000000 0.000000
405000 37 P -148.566483 3.018049 -106.245110 2.110000 -1.000000 0.000000
410000 1 P -151.929321 8.154119 -118.223122 2.110000 -1.000000 1.000000
410000 2 S -152.433502 10.850945 -115.595673 1.800000 0.000000 0.000000
410000 3 G -150.415756 9.355678 -112.992752 2.150000 0.000000 0.000000
410000 4 P -149.683594 12.636800 -117.629951 2.110000 -1.000000 0.000000
410000 5 S -147.874496 14.156462 -114.742317 1.800000 0.000000 0.000000
410000 6 G -146.889511 10.997504 -112.951942 2.150000 0.000000 0.000000
410000 7 P -144.415298 15.570400 -114.721207 2.110000 -1.000000 0.000000
410000 8 S -142.970963 15.450289 -110.984283 1.800000 0.000000 0.000000
410000 9 G -141.605850 12.258862 -109.914215 2.150000 0.000000 0.000000
410000 10 P -140.265762 15.838314 -113.827324 2.110000 -1.000000 0.000000
410000 11 S -137.184143 14.077682 -112.300797 1.800000 0.000000 0.000000
410000 12 C -138.323669 10.634241 -112.624046 2.150000 0.000000 0.000000
410000 13 P -135.714920 13.635420 -115.620537 2.110000 -1.000000 0.000000
410000 14 S -135.223480 9.863916 -115.862160 1.800000 0.000000 0.000000
410000 15 G -138.494186 8.792047 -116.423798 2.150000 0.000000 0.000000
410000 16 P -133.688248 8.848732 -119.297775 2.110000 -1.000000 0.000000
410000 17 S -137.078384 7.295206 -119.509331 1.800000 0.000000 0.000000
410000 18 C -138.880432 10.022594 -120.419365 2.150000 0.000000 0.000000
410000 19 P -137.679932 6.409001 -123.367699 2.110000 -1.000000 0.000000
410000 20 S -135.751633 3.037401 -123.636452 1.800000 0.000000 0.000000
410000 21 A -137.499771 2.701346 -126.354752 2.150000 0.000000 0.000000
410000 22 P -138.772476 0.947195 -122.381248 2.110000 -1.000000 0.000000
410000 23 S -136.860764 -0.837278 -119.528725 1.800000 0.000000 0.000000
410000 24 A -138.121048 2.434255 -118.524887 2.150000 0.000000 0.000000
410000 25 P -139.284393 -2.319380 -116.678352 2.110000 -1.000000 0.000000
410000 26 S -136.725143 -1.221137 -113.989609 1.800000 0.000000 0.000000
410000 27 G -136.938721 2.168534 -114.753822 2.150000 0.000000 0.000000
410000 28 P -138.936829 -1.288689 -110.738594 2.110000 -1.000000 0.000000
410000 29 S -136.503433 1.200891 -109.044579 1.800000 0.000000 0.000000
410000 30 C -137.901169 4.120289 -109.979744 2.150000 0.000000 0.000000
410000 31 P -139.237213 1.339799 -106.048485 2.110000 -1.000000 0.000000
410000 32 S -138.794098 5.091038 -105.837578 1.800000 0.000000 0.000000
410000 33 C -140.471985 6.746205 -108.429092 2.150000 0.000000 0.000000
410000 34 P -141.437714 5.509537 -103.214203 2.110000 -1.000000 0.000000
410000 35 S -142.922775 8.950702 -103.612648 1.800000 0.000000 0.000000
410000 36 U -143.798294 9.114800 -107.251587 2.150000 0.000000 0.000000
410000 37 P -145.817398 7.910789 -101.196419 2.110000 -1.000000 0.000000
415000 1 P -149.155121 6.821822 -116.407875 2.110000 -1.000000 1.000000
415000 2 S -149.546692 9.292478 -113.291794 1.800000 0.000000 0.000000
415000 3 G -147.295441 7.364637 -111.427017 2.150000 0.000000 0.000000
415000 4 P -147.321411 10.999519 -115.439178 2.110000 -1.000000 0.000000
415000 5 S -145.278748 12.847511 -112.609222 1.800000 0.000000 0.000000
415000 6 G -143.805847 9.880404 -111.888382 2.150000 0.000000 0.000000
415000 7 P -142.266083 13.904913 -115.341187 2.110000 -1.000000 0.000000
415000 8 S -139.557724 13.488730 -112.638893 1.800000 0.000000 0.000000
415000 9 G -139.639221 9.948214 -112.466240 2.150000 0.000000 0.000000
415000 10 P -136.977875 14.118482 -115.740494 2.110000 -1.000000 0.000000
415000 11 S -134.528702 12.208191 -113.635468 1.800000 0.000000 0.000000
415000 12 C -135.517075 8.897665 -113.156494 2.150000 0.000000 0.000000
415000 13 P -132.948837 11.865210 -117.081581 2.110000 -1.000000 0.000000
415000 14 S -132.705399 8.111971 -116.415871 1.800000 0.000000 0.000000
415000 15 G -134.942657 5.676543 -116.042686 2.150000 0.000000 0.000000
415000 16 P -131.573456 7.041653 -119.860596 2.110000 -1.000000 0.000000
415000 17 S -134.508484 4.836716 -120.530815 1.800000 0.000000 0.000000
415000 18 C -137.052002 7.232309 -120.791504 2.150000 0.000000 0.000000
415000 19 P -134.335297 4.394472 -124.222107 2.110000 -1.000000 0.000000
415000 20 S -133.242508 0.671002 -124.294434 1.800000 0.000000 0.000000
415000 21 A -133.971191 0.321499 -127.522316 2.150000 0.000000 0.000000
415000 22 P -136.526260 -0.133469 -122.858139 2.110000 -1.000000 0.000000
415000 23 S -134.746277 -3.144801 -121.338242 1.800000 0.000000 0.000000
415000 24 A -132.354294 -0.802935 -119.840942 2.150000 0.000000 0.000000
415000 25 P -137.493698 -3.243713 -118.955872 2.110000 -1.000000 0.000000
415000 26 S -134.979401 -3.153384 -116.177055 1.800000 0.000000 0.000000
415000 27 G -135.999115 0.355670 -115.789421 2.150000 0.000000 0.000000
415000 28 P -137.215607 -3.707212 -112.975098 2.110000 -1.000000 0.000000
415000 29 S -135.724228 -0.916928 -110.992470 1.800000 0.000000 0.000000
415000 30 C -138.345383 1.223661 -111.843239 2.150000 0.000000 0.000000
415000 31 P -136.942886 -0.852842 -107.359818 2.110000 -1.000000 0.000000
415000 32 S -135.672073 2.604727 -106.336472 1.800000 0.000000 0.000000
415000 33 C -137.686523 5.051072 -107.763214 2.150000 0.000000 0.000000
415000 34 P -137.178101 3.359194 -102.870384 2.110000 -1.000000 0.000000
415000 35 S -138.750381 6.762352 -102.773087 1.800000 0.000000 0.000000
415000 36 U -140.956573 6.084073 -105.284950 2.150000 0.000000 0.000000
415000 37 P -140.105713 4.464584 -100.222809 2.110000 -1.000000 0.000000
420000 1 P -152.938614 2.167587 -112.475975 2.110000 -1.000000 1.000000
420000 2 S -152.105499 5.028926 -110.188072 1.800000 0.000000 0.000000
420000 3 G -150.534317 3.002701 -107.886497 2.150000 0.000000 0.000000
420000 4 P -149.851303 7.554615 -111.744354 2.110000 -1.000000 0.000000
420000 5 S -148.969803 9.214536 -108.474403 1.800000 0.000000 0.000000
420000 6 G -148.025452 7.046737 -105.750504 2.150000 0.000000 0.000000
420000 7 P -145.861206 10.886868 -109.315186 2.110000 -1.000000 0.000000
420000 8 S -143.802505 11.322096 -106.093994 1.800000 0.000000 0.000000
420000 9 G -143.607269 7.993834 -105.212837 2.150000 0.000000 0.000000
420000 10 P -141.062317 11.612185 -108.451202 2.110000 -1.000000 0.000000
420000 11 S -138.899689 10.159842 -105.474297 1.800000 0.000000 0.000000
420000 12 C -139.346680 6.722237 -105.234940 2.150000 0.000000 0.000000
420000 13 P -136.636261 10.226199 -108.473557 2.110000 -1.000000 0.000000
420000 14 S -135.769699 6.418931 -108.151085 1.800000 0.000000 0.000000
420000 15 G -139.037979 6.408762 -108.881721 2.150000 0.000000 0.000000
420000 16 P -134.405365 5.648588 -111.623558 2.110000 -1.000000 0.000000
420000 17 S -137.130066 3.235431 -112.916222 1.800000 0.000000 0.000000
420000 18 C -138.489288 6.420149 -113.192795 2.150000 0.000000 0.000000
420000 19 P -136.181534 2.575891 -116.711830 2.110000 -1.000000 0.000000
420000 20 S -134.335754 -0.628037 -115.649590 1.800000 0.000000 0.000000
420000 21 A -132.995529 0.415762 -112.658203 2.150000 0.000000 0.000000
420000 22 P -137.610382 -2.174727 -114.765411 2.110000 -1.000000 0.000000
420000 23 S -136.124237 -4.935256 -112.424934 1.800000 0.000000 0.000000
420000 24 A -135.370117 -2.608132 -110.053368 2.150000 0.000000 0.000000
420000 25 P -139.503189 -5.717215 -110.464851 2.110000 -1.000000 0.000000
420000 26 S -138.039597 -5.396180 -106.991951 1.800000 0.000000 0.000000
420000 27 G -137.761856 -1.682931 -107.370377 2.150000 0.000000 0.000000
420000 28 P -140.142227 -5.266527 -103.927109 2.110000 -1.000000 0.000000
420000 29 S -138.137955 -2.437658 -102.412605 1.800000 0.000000 0.000000
420000 30 C -140.471268 -0.200215 -103.846069 2.150000 0.000000 0.000000
420000 31 P -140.226685 -3.016973 -99.475769 2.110000 -1.000000 0.000000
420000 32 S -140.276657 0.661265 -98.799767 1.800000 0.000000 0.000000
420000 33 C -142.199265 2.190803 -101.346046 2.150000 0.000000 0.000000
420000 34 P -143.262711 -0.169892 -96.356041 2.110000 -1.000000 0.000000
420000 35 S -145.261383 3.047621 -96.903709 1.800000 0.000000 0.000000
420000 36 U -146.231079 1.822011 -100.162468 2.150000 0.000000 0.000000
420000 37 P -148.638474 2.345026 -95.276299 2.110000 -1.000000 0.000000
425000 1 P -147.710876 4.991702 -122.593803 2.110000 -1.000000 1.000000
425000 2 S -147.947083 7.417233 -119.650940 1.800000 0.000000 0.000000
425000 3 G -146.625137 5.587068 -117.238106 2.150000 0.000000 0.000000
425000 4 P -145.003403 9.573382 -120.402176 2.110000 -1.000000 0.000000
425000 5 S -144.458115 10.737636 -116.821945 1.800000 0.000000 0.000000
425000 6 G -142.630676 7.992075 -115.762611 2.150000 0.000000 0.000000
425000 7 P -141.063034 12.316162 -117.813766 2.110000 -1.000000 0.000000
425000 8 S -139.664307 12.211148 -114.310509 1.800000 0.000000 0.000000
425000 9 G -138.873947 8.638685 -113.690254 2.150000 0.000000 0.000000
425000 10 P -136.616104 13.400696 -116.540405 2.110000 -1.000000 0.000000
425000 11 S -133.581177 11.778589 -114.862206 1.800000 0.000000 0.000000
425000 12 C -133.821381 8.460292 -115.277031 2.150000 0.000000 0.000000
425000 13 P -131.073242 12.009737 -117.769295 2.110000 -1.000000 0.000000
425000 14 S -129.153976 8.950354 -116.445885 1.800000 0.000000 0.000000
425000 15 G -126.982521 10.925973 -114.318474 2.150000 0.000000 0.000000
425000 16 P -127.278870 8.241688 -119.590736 2.110000 -1.000000 0.000000
425000 17 S -129.741241 5.577745 -121.012642 1.800000 0.000000 0.000000
425000 18 C -131.883591 8.225845 -121.045448 2.150000 0.000000 0.000000
425000 19 P -130.160950 5.174756 -124.692490 2.110000 -1.000000 0.000000
425000 20 S -130.279266 1.386786 -125.117317 1.800000 0.000000 0.000000
425000 21 A -128.157394 1.192069 -122.457489 2.150000 0.000000 0.000000
425000 22 P -132.791199 -0.039099 -122.533173 2.110000 -1.000000 0.000000
425000 23 S -131.709778 -3.547466 -121.726982 1.800000 0.000000 0.000000
425000 24 A -129.340744 -1.642428 -119.624344 2.150000 0.000000 0.000000
425000 25 P -133.999084 -4.693734 -118.831963 2.110000 -1.000000 0.000000
425000 26 S -131.074295 -3.401937 -116.519447 1.800000 0.000000 0.000000
425000 27 G -132.302429 -0.268337 -116.988838 2.150000 0.000000 0.000000
425000 28 P -133.157578 -3.870595 -113.503983 2.110000 -1.000000 0.000000
425000 29 S -131.494385 -0.792747 -112.128464 1.800000 0.000000 0.000000
425000 30 C -133.978516 1.213524 -113.207535 2.150000 0.000000 0.000000
425000 31 P -133.964859 -1.093525 -109.098137 2.110000 -1.000000 0.000000
425000 32 S -135.368790 2.323041 -108.170616 1.800000 0.000000 0.000000
425000 33 C -136.622253 3.099387 -111.422455 2.150000 0.000000 0.000000
425000 34 P -138.358353 1.147737 -106.636658 2.110000 -1.000000 0.000000
425000 35 S -140.439468 4.367625 -106.855164 1.800000 0.000000 0.000000
425000 36 U -140.903488 3.667006 -110.417618 2.150000 0.000000 0.000000
425000 37 P -143.548111 2.380694 -106.161903 2.110000 -1.000000 0.000000
430000 1 P -141.017960 10.243669 -130.025879 2.110000 -1.000000 1.000000
430000 2 S -142.665955 12.567114 -127.394737 1.800000 0.000000 0.000000
430000 3 G -142.286896 10.294349 -124.690903 2.150000 0.000000 0.000000
430000 4 P -139.370499 14.608624 -126.953590 2.110000 -1.000000 0.000000
430000 5 S -139.822968 15.534569 -123.262970 1.800000 0.000000 0.000000
430000 6 G -138.893311 12.320670 -122.908928 2.150000 0.000000 0.000000
430000 7 P -136.631653 17.187649 -124.258186 2.110000 -1.000000 0.000000
430000 8 S -134.818893 16.968727 -120.911354 1.800000 0.000000 0.000000
430000 9 G -134.623260 13.519762 -119.993164 2.150000 0.000000 0.000000
430000 10 P -131.428711 17.394978 -122.722687 2.110000 -1.000000 0.000000
430000 11 S -129.548935 15.370364 -120.132843 1.800000 0.000000 0.000000
430000 12 C -130.969894 12.149716 -119.370644 2.150000 0.000000 0.000000
430000 13 P -127.070770 15.059679 -123.053947 2.110000 -1.000000 0.000000
430000 14 S -126.973274 11.219427 -122.269081 1.800000 0.000000 0.000000
430000 15 G -130.250839 11.011650 -123.235352 2.150000 0.000000 0.000000
430000 16 P -125.409691 10.098685 -125.531761 2.110000 -1.000000 0.000000
430000 17 S -128.362534 8.024327 -127.267075 1.800000 0.000000 0.000000
430000 18 C -129.099060 11.071494 -129.347366 2.150000 0.000000 0.000000
430000 19 P -128.090759 7.041817 -130.785233 2.110000 -1.000000 0.000000
430000 20 S -127.583420 3.538080 -129.875519 1.800000 0.000000 0.000000
430000 21 A -126.804054 1.979952 -132.796570 2.150000 0.000000 0.000000
430000 22 P -131.296036 2.399280 -129.591537 2.110000 -1.000000 0.000000
430000 23 S -130.699066 0.847044 -126.123344 1.800000 0.000000 0.000000
430000 24 A -130.709183 4.198582 -125.470428 2.150000 0.000000 0.000000
430000 25 P -134.019730 -0.363568 -124.248299 2.110000 -1.000000 0.000000
430000 26 S -132.398544 0.070534 -120.850761 1.800000 0.000000 0.000000
430000 27 G -132.956360 3.564114 -121.747475 2.150000 0.000000 0.000000
430000 28 P -135.243668 -0.003361 -118.265999 2.110000 -1.000000 0.000000
430000 29 S -133.891281 2.196773 -115.433022 1.800000 0.000000 0.000000
430000 30 C -133.692841 5.517380 -116.696571 2.150000 0.000000 0.000000
430000 31 P -137.342026 2.319361 -113.860641 2.110000 -1.000000 0.000000
430000 32 S -137.479340 5.970141 -112.798027 1.800000 0.000000 0.000000
430000 33 C -138.834152 6.433062 -115.879517 2.150000 0.000000 0.000000
430000 34 P -140.916489 6.027043 -111.539948 2.110000 -1.000000 0.000000
430000 35 S -141.979187 9.636723 -112.501564 1.800000 0.000000 0.000000
430000 36 U -142.003250 8.889300 -116.003853 2.150000 0.000000 0.000000
430000 37 P -145.743301 9.064109 -111.624298 2.110000 -1.000000 0.000000
435000 1 P -134.737244 9.749439 -136.499619 2.110000 -1.000000 1.000000
435000 2 S -137.195755 11.323570 -134.009827 1.800000 0.000000 0.000000
435000 3 G -135.788330 9.049691 -131.684372 2.150000 0.000000 0.000000
435000 4 P -133.711319 13.295222 -133.890625 2.110000 -1.000000 0.000000
435000 5 S -133.983765 14.154445 -130.169312 1.800000 0.000000 0.000000
435000 6 G -132.901672 10.846467 -129.300262 2.150000 0.000000 0.000000
435000 7 P -130.520096 15.581306 -130.026489 2.110000 -1.000000 0.000000
435000 8 S -129.786957 15.521297 -126.271454 1.800000 0.000000 0.000000
435000 9 G -129.479019 12.183807 -125.589653 2.150000 0.000000 0.000000
435000 10 P -126.259918 16.462166 -127.488289 2.110000 -1.000000 0.000000
435000 11 S -124.585228 14.729498 -124.511848 1.800000 0.000000 0.000000
435000 12 C -124.983589 11.556140 -125.680336 2.150000 0.000000 0.000000
435000 13 P -121.599495 15.400656 -126.717812 2.110000 -1.000000 0.000000
435000 14 S -121.496590 12.036267 -128.608429 1.800000 0.000000 0.000000
435000 15 G -124.628731 12.666077 -129.591110 2.150000 0.000000 0.000000
435000 16 P -119.641006 11.852067 -131.987671 2.110000 -1.000000 0.000000
435000 17 S -121.115829 8.406479 -131.253189 1.800000 0.000000 0.000000
435000 18 C -124.080467 9.305785 -132.972641 2.150000 0.000000 0.000000
435000 19 P -120.121979 5.424883 -133.714142 2.110000 -1.000000 0.000000
435000 20 S -117.797592 3.474187 -131.449020 1.800000 0.000000 0.000000
435000 21 A -119.229439 5.372677 -129.041336 2.150000 0.000000 0.000000
435000 22 P -120.250046 0.805881 -132.812317 2.110000 -1.000000 0.000000
435000 23 S -121.762878 0.037262 -129.558884 1.800000 0.000000 0.000000
435000 24 A -123.497154 2.891180 -129.895859 2.150000 0.000000 0.000000
435000 25 P -124.685570 -1.888946 -129.509781 2.110000 -1.000000 0.000000
435000 26 S -125.342613 -0.826435 -125.877769 1.800000 0.000000 0.000000
435000 27 G -126.111633 2.597328 -125.788376 2.150000 0.000000 0.000000
435000 28 P -128.763855 -1.921043 -125.001083 2.110000 -1.000000 0.000000
435000 29 S -129.374115 0.661918 -122.119041 1.800000 0.000000 0.000000
435000 30 C -129.816818 3.097188 -124.384949 2.150000 0.000000 0.000000
435000 31 P -132.947128 -0.659004 -121.661560 2.110000 -1.000000 0.000000
435000 32 S -134.618011 2.500471 -120.404312 1.800000 0.000000 0.000000
435000 33 C -135.064041 4.563737 -123.257355 2.150000 0.000000 0.000000
435000 34 P -138.024200 0.692152 -121.020546 2.110000 -1.000000 0.000000
435000 35 S -140.105362 3.556693 -122.038055 1.800000 0.000000 0.000000
435000 36 U -139.253876 3.309278 -125.382858 2.150000 0.000000 0.000000
435000 37 P -143.505539 1.698480 -122.629852 2.110000 -1.000000 0.000000
440000 1 P -144.563477 5.911547 -128.251846 2.110000 -1.000000 1.000000
440000 2 S -145.951859 5.968124 -124.774193 1.800000 0.000000 0.000000
440000 3 G -143.525940 4.125549 -123.140633 2.150000 0.000000 0.000000
440000 4 P -143.109909 8.535540 -125.584152 2.110000 -1.000000 0.000000
440000 5 S -141.384140 8.826161 -122.084549 1.800000 0.000000 0.000000
440000 6 G -140.343796 5.537998 -121.783958 2.150000 0.000000 0.000000
440000 7 P -138.615967 10.632507 -123.646950 2.110000 -1.000000 0.000000
440000 8 S -135.976578 9.776572 -121.025558 1.800000 0.000000 0.000000
440000 9 G -135.679276 6.344993 -121.637604 2.150000 0.000000 0.000000
440000 10 P -132.516571 10.805349 -122.370697 2.110000 -1.000000 0.000000
440000 11 S -129.955780 8.567288 -120.678223 1.800000 0.000000 0.000000
440000 12 C -131.583191 5.954052 -122.282005 2.150000 0.000000 0.000000
440000 13 P -127.566208 9.868699 -123.744972 2.110000 -1.000000 0.000000
440000 14 S -125.844971 6.460363 -123.961624 1.800000 0.000000 0.000000
440000 15 G -128.605042 5.439525 -125.572540 2.150000 0.000000 0.000000
440000 16 P -123.820679 6.758341 -127.180916 2.110000 -1.000000 0.000000
440000 17 S -124.098099 3.095822 -128.320831 1.800000 0.000000 0.000000
440000 18 C -121.223633 2.928679 -126.842041 2.150000 0.000000 0.000000
440000 19 P -123.666267 2.918327 -132.015198 2.110000 -1.000000 0.000000
440000 20 S -123.596100 -0.872729 -131.604294 1.800000 0.000000 0.000000
440000 21 A -125.253044 -1.159331 -128.671158 2.150000 0.000000 0.000000
440000 22 P -126.470291 -2.274426 -133.616669 2.110000 -1.000000 0.000000
440000 23 S -128.062622 -3.312215 -130.313232 1.800000 0.000000 0.000000
440000 24 A -129.695419 -0.046890 -130.372635 2.150000 0.000000 0.000000
440000 25 P -131.807404 -4.710758 -130.535919 2.110000 -1.000000 0.000000
440000 26 S -129.809006 -5.253293 -127.333031 1.800000 0.000000 0.000000
440000 27 G -129.834763 -2.164535 -125.883430 2.150000 0.000000 0.000000
440000 28 P -132.236618 -6.822602 -125.209000 2.110000 -1.000000 0.000000
440000 29 S -131.317764 -4.876901 -122.010902 1.800000 0.000000 0.000000
440000 30 C -133.275391 -2.229432 -122.825058 2.150000 0.000000 0.000000
440000 31 P -133.996613 -6.230040 -119.800430 2.110000 -1.000000 0.000000
440000 32 S -133.151184 -3.170975 -117.578865 1.800000 0.000000 0.000000
440000 33 C -135.165710 -1.283660 -119.466484 2.150000 0.000000 0.000000
440000 34 P -135.962891 -3.759403 -114.569893 2.110000 -1.000000 0.000000
440000 35 S -136.905319 -0.087334 -114.427940 1.800000 0.000000 0.000000
440000 36 U -138.869675 -0.229655 -117.240028 2.150000 0.000000 0.000000
440000 37 P -140.297424 -0.907141 -112.283607 2.110000 -1.000000 0.000000
445000 1 P -143.137787 2.979730 -127.346436 2.110000 -1.000000 1.000000
445000 2 S -142.981964 5.140718 -124.244911 1.800000 0.000000 0.000000
445000 3 G -141.758972 2.904730 -121.879967 2.150000 0.000000 0.000000
445000 4 P -139.863907 7.469509 -124.649170 2.110000 -1.000000 0.000000
445000 5 S -139.053726 7.704750 -121.010666 1.800000 0.000000 0.000000
445000 6 G -137.037445 5.007371 -119.985489 2.150000 0.000000 0.000000
445000 7 P -136.297668 9.776786 -121.971825 2.110000 -1.000000 0.000000
445000 8 S -134.030869 9.092993 -118.973938 1.800000 0.000000 0.000000
445000 9 G -132.905579 5.726918 -120.230011 2.150000 0.000000 0.000000
445000 10 P -131.820007 10.756763 -121.715523 2.110000 -1.000000 0.000000
445000 11 S -128.406067 9.721843 -120.495667 1.800000 0.000000 0.000000
445000 12 C -127.463829 6.227430 -121.017235 2.150000 0.000000 0.000000
445000 13 P -126.342857 10.848945 -123.253387 2.110000 -1.000000 0.000000
445000 14 S -124.110847 7.939855 -123.905815 1.800000 0.000000 0.000000
445000 15 G -122.399147 11.014714 -123.712189 2.150000 0.000000 0.000000
445000 16 P -122.056618 6.847715 -127.213829 2.110000 -1.000000 0.000000
445000 17 S -123.453117 3.553517 -126.061951 1.800000 0.000000 0.000000
445000 18 C -125.996895 4.816179 -128.079514 2.150000 0.000000 0.000000
445000 19 P -121.714554 1.829289 -128.786621 2.110000 -1.000000 0.000000
445000 20 S -124.330322 -0.796093 -127.448975 1.800000 0.000000 0.000000
445000 21 A -127.442505 1.029050 -127.358093 2.150000 0.000000 0.000000
445000 22 P -124.792931 -3.364896 -130.156830 2.110000 -1.000000 0.000000
445000 23 S -127.464409 -3.495854 -127.308556 1.800000 0.000000 0.000000
445000 24 A -125.194397 -3.162824 -124.622177 2.150000 0.000000 0.000000
445000 25 P -130.241058 -5.829696 -126.632111 2.110000 -1.000000 0.000000
445000 26 S -128.024582 -5.662354 -123.436440 1.800000 0.000000 0.000000
445000 27 G -128.671265 -2.266310 -122.941444 2.150000 0.000000 0.000000
445000 28 P -130.495789 -7.746120 -121.326447 2.110000 -1.000000 0.000000
445000 29 S -129.034973 -5.569166 -118.666611 1.800000 0.000000 0.000000
445000 30 C -130.729263 -2.778389 -119.273094 2.150000 0.000000 0.000000
445000 31 P -131.593536 -6.818749 -115.812408 2.110000 -1.000000 0.000000
445000 32 S -131.620621 -3.748572 -113.606178 1.800000 0.000000 0.000000
445000 33 C -133.389313 -1.747508 -115.796593 2.150000 0.000000 0.000000
445000 34 P -134.898666 -5.390941 -112.645416 2.110000 -1.000000 0.000000
445000 35 S -137.226212 -2.371993 -111.845169 1.800000 0.000000 0.000000
445000 36 U -137.960953 -1.285665 -115.114929 2.150000 0.000000 0.000000
445000 37 P -140.079071 -4.766623 -112.522141 2.110000 -1.000000 0.000000
450000 1 P -144.264954 1.601432 -138.918152 2.110000 -1.000000 1.000000
450000 2 S -146.149109 3.407105 -136.066467 1.800000 0.000000 0.000000
450000 3 G -145.248413 2.199891 -132.971771 2.150000 0.000000 0.000000
450000 4 P -144.213150 6.585392 -135.709290 2.110000 -1.000000 0.000000
450000 5 S -144.300919 7.102366 -131.967072 1.800000 0.000000 0.000000
450000 6 G -141.864044 4.559129 -131.555710 2.150000 0.000000 0.000000
450000 7 P -141.333771 9.629021 -132.006439 2.110000 -1.000000 0.000000
450000 8 S -140.589218 8.033370 -128.545181 1.800000 0.000000 0.000000
450000 9 G -138.537125 5.379593 -129.564514 2.150000 0.000000 0.000000
450000 10 P -137.410858 10.284503 -128.510468 2.110000 -1.000000 0.000000
450000 11 S -135.220627 8.808749 -125.954048 1.800000 0.000000 0.000000
450000 12 C -134.148346 5.833014 -126.968483 2.150000 0.000000 0.000000
450000 13 P -132.638412 10.764587 -127.862610 2.110000 -1.000000 0.000000
450000 14 S -130.259491 9.189560 -125.255379 1.800000 0.000000 0.000000
450000 15 G -129.456665 5.923611 -125.872284 2.150000 0.000000 0.000000
450000 16 P -126.476334 9.444345 -126.290916 2.110000 -1.000000 0.000000
450000 17 S -126.879036 6.116442 -128.181747 1.800000 0.000000 0.000000
450000 18 C -128.696274 7.961996 -130.468460 2.150000 0.000000 0.000000
450000 19 P -124.139343 5.162370 -130.597504 2.110000 -1.000000 0.000000
450000 20 S -126.230293 2.461696 -132.224319 1.800000 0.000000 0.000000
450000 21 A -128.693741 3.930038 -134.278519 2.150000 0.000000 0.000000
450000 22 P -125.255875 0.287955 -135.213837 2.110000 -1.000000 0.000000
450000 23 S -128.043854 -1.688067 -133.472076 1.800000 0.000000 0.000000
450000 24 A -130.739609 0.131327 -134.751083 2.150000 0.000000 0.000000
450000 25 P -129.445023 -5.282890 -134.303131 2.110000 -1.000000 0.000000
450000 26 S -130.161255 -5.091036 -130.601486 1.800000 0.000000 0.000000
450000 27 G -131.097977 -1.651554 -130.591309 2.150000 0.000000 0.000000
450000 28 P -133.275665 -7.170856 -129.959030 2.110000 -1.000000 0.000000
450000 29 S -133.066284 -5.107571 -126.730728 1.800000 0.000000 0.000000
450000 30 C -135.221054 -2.986181 -128.832214 2.150000 0.000000 0.000000
450000 31 P -136.219818 -5.812208 -124.408363 2.110000 -1.000000 0.000000
450000 32 S -135.943237 -2.163164 -123.659172 1.800000 0.000000 0.000000
450000 33 C -138.109741 -1.574680 -126.378662 2.150000 0.000000 0.000000
450000 34 P -138.847183 -1.297283 -121.600357 2.110000 -1.000000 0.000000
450000 35 S -138.263062 2.076144 -123.054817 1.800000 0.000000 0.000000
450000 36 U -140.161392 1.541675 -125.822769 2.150000 0.000000 0.000000
450000 37 P -141.631927 1.874303 -121.166550 2.110000 -1.000000 0.000000
455000 1 P -143.676331 -0.307810 -136.144455 2.110000 -1.000000 1.000000
455000 2 S -144.474228 2.216642 -133.053421 1.800000 0.000000 0.000000
455000 3 G -142.225235 0.695982 -130.783844 2.150000 0.000000 0.000000
455000 4 P -141.698349 4.689422 -133.576477 2.110000 -1.000000 0.000000
455000 5 S -141.226852 6.183685 -129.906738 1.800000 0.000000 0.000000
455000 6 G -139.641434 3.300175 -128.799469 2.150000 0.000000 0.000000
455000 7 P -138.306168 8.153299 -131.371796 2.110000 -1.000000 0.000000
455000 8 S -137.394638 8.150010 -127.717125 1.800000 0.000000 0.000000
455000 9 G -135.729996 5.040888 -127.484306 2.150000 0.000000 0.000000
455000 10 P -134.355453 10.099763 -129.045029 2.110000 -1.000000 0.000000
455000 11 S -131.374557 8.792146 -126.874954 1.800000 0.000000 0.000000
455000 12 C -131.843674 5.584489 -128.071579 2.150000 0.000000 0.000000
455000 13 P -127.928101 9.775353 -128.046768 2.110000 -1.000000 0.000000
455000 14 S -126.663185 6.279063 -128.632782 1.800000 0.000000 0.000000
455000 15 G -125.123962 4.372933 -126.397171 2.150000 0.000000 0.000000
455000 16 P -123.441597 7.494365 -130.426041 2.110000 -1.000000 0.000000
455000 17 S -124.729149 3.744708 -130.101364 1.800000 0.000000 0.000000
455000 18 C -127.392448 5.106659 -132.291016 2.150000 0.000000 0.000000
455000 19 P -121.758888 2.244375 -132.611389 2.110000 -1.000000 0.000000
455000 20 S -124.837944 -0.196411 -132.329056 1.800000 0.000000 0.000000
455000 21 A -125.123817 2.365613 -134.586777 2.150000 0.000000 0.000000
455000 22 P -123.888374 -3.017311 -134.693329 2.110000 -1.000000 0.000000
455000 23 S -125.932846 -3.709584 -131.560654 1.800000 0.000000 0.000000
455000 24 A -128.761093 -3.033186 -133.231354 2.150000 0.000000 0.000000
455000 25 P -126.819649 -7.458035 -131.564774 2.110000 -1.000000 0.000000
455000 26 S -127.907776 -5.583840 -128.369080 1.800000 0.000000 0.000000
455000 27 G -129.786758 -2.998621 -129.285889 2.150000 0.000000 0.000000
455000 28 P -130.378067 -7.983505 -126.634445 2.110000 -1.000000 0.000000
455000 29 S -130.444229 -5.232826 -123.986893 1.800000 0.000000 0.000000
455000 30 C -132.534561 -2.691831 -125.198257 2.150000 0.000000 0.000000
455000 31 P -133.132645 -6.446540 -121.473160 2.110000 -1.000000 0.000000
455000 32 S -134.318298 -3.142686 -120.213753 1.800000 0.000000 0.000000
455000 33 C -135.886826 -2.560271 -123.208389 2.150000 0.000000 0.000000
455000 34 P -137.519470 -4.910805 -118.969376 2.110000 -1.000000 0.000000
455000 35 S -138.933411 -1.486385 -119.159805 1.800000 0.000000 0.000000
455000 36 U -140.063828 -1.279756 -122.368332 2.150000 0.000000 0.000000
455000 37 P -141.899841 -3.697667 -117.821754 2.110000 -1.000000 0.000000
460000 1 P -140.926941 3.776150 -137.373367 2.110000 -1.000000 1.000000
460000 2 S -142.260666 5.872419 -134.358139 1.800000 0.000000 0.000000
460000 3 G -141.198883 3.705329 -132.102615 2.150000 0.000000 0.000000
460000 4 P -140.058105 8.746613 -134.189651 2.110000 -1.000000 0.000000
460000 5 S -140.271423 9.389536 -130.447830 1.800000 0.000000 0.000000
460000 6 G -139.073364 6.259713 -129.470505 2.150000 0.000000 0.000000
460000 7 P -137.228180 11.525283 -129.898758 2.110000 -1.000000 0.000000
460000 8 S -136.060715 10.291166 -126.416725 1.800000 0.000000 0.000000
460000 9 G -134.923767 7.236199 -127.282181 2.150000 0.000000 0.000000
460000 10 P -132.689926 12.136965 -127.320580 2.110000 -1.000000 0.000000
460000 11 S -130.465210 9.588222 -125.519386 1.800000 0.000000 0.000000
460000 12 C -130.301285 7.507763 -128.234848 2.150000 0.000000 0.000000
460000 13 P -127.961884 11.483160 -127.700058 2.110000 -1.000000 0.000000
460000 14 S -126.706047 7.876039 -127.927719 1.800000 0.000000 0.000000
460000 15 G -125.842018 6.127066 -125.053909 2.150000 0.000000 0.000000
460000 16 P -124.098549 7.790843 -130.738739 2.110000 -1.000000 0.000000
460000 17 S -125.745430 4.425098 -131.010574 1.800000 0.000000 0.000000
460000 18 C -128.965652 5.381437 -131.875610 2.150000 0.000000 0.000000
460000 19 P -125.041916 4.016200 -134.778534 2.110000 -1.000000 0.000000
460000 20 S -128.382416 2.197081 -135.089493 1.800000 0.000000 0.000000
460000 21 A -129.583954 5.176598 -136.659668 2.150000 0.000000 0.000000
460000 22 P -128.139481 0.185226 -138.515579 2.110000 -1.000000 0.000000
460000 23 S -128.648849 -1.483155 -135.277954 1.800000 0.000000 0.000000
460000 24 A -131.765259 -0.159956 -134.974686 2.150000 0.000000 0.000000
460000 25 P -130.027176 -4.891343 -134.173340 2.110000 -1.000000 0.000000
460000 26 S -129.451630 -4.167055 -130.348007 1.800000 0.000000 0.000000
460000 27 G -131.191422 -1.363250 -130.155655 2.150000 0.000000 0.000000
460000 28 P -131.878616 -6.507303 -128.426834 2.110000 -1.000000 0.000000
460000 29 S -132.155914 -4.302639 -125.473579 1.800000 0.000000 0.000000
460000 30 C -134.595215 -1.904383 -126.518906 2.150000 0.000000 0.000000
460000 31 P -135.351105 -6.071524 -123.949692 2.110000 -1.000000 0.000000
460000 32 S -136.718079 -2.967273 -122.156219 1.800000 0.000000 0.000000
460000 33 C -138.108200 -1.183062 -124.631180 2.150000 0.000000 0.000000
460000 34 P -140.083328 -4.397521 -120.782425 2.110000 -1.000000 0.000000
460000 35 S -141.382492 -0.956079 -120.714378 1.800000 0.000000 0.000000
460000 36 U -142.027618 -0.210690 -123.951508 2.150000 0.000000 0.000000
460000 37 P -145.077744 -2.308255 -120.490685 2.110000 -1.000000 0.000000
465000 1 P -141.801010 -0.302818 -130.421982 2.110000 -1.000000 1.000000
465000 2 S -143.913925 -0.332555 -127.298439 1.800000 0.000000 0.000000
465000 3 G -141.524185 -1.621464 -125.078491 2.150000 0.000000 0.000000
465000 4 P -141.844986 2.889587 -126.748917 2.110000 -1.000000 0.000000
465000 5 S -141.286819 3.025841 -122.866295 1.800000 0.000000 0.000000
465000 6 G -139.580170 0.330052 -122.218933 2.150000 0.000000 0.000000
465000 7 P -138.577332 5.584750 -123.448875 2.110000 -1.000000 0.000000
465000 8 S -135.453888 5.607506 -121.109634 1.800000 0.000000 0.000000
465000 9 G -133.770950 2.770716 -121.902229 2.150000 0.000000 0.000000
465000 10 P -134.294632 7.863959 -123.873009 2.110000 -1.000000 0.000000
465000 11 S -130.900757 7.070662 -122.505028 1.800000 0.000000 0.000000
465000 12 C -130.127579 3.726569 -123.168922 2.150000 0.000000 0.000000
465000 13 P -129.678253 9.014941 -125.712074 2.110000 -1.000000 0.000000
465000 14 S -126.023087 7.883862 -126.164375 1.800000 0.000000 0.000000
465000 15 G -127.922295 4.971210 -127.035660 2.150000 0.000000 0.000000
465000 16 P -126.239944 9.128414 -129.789536 2.110000 -1.000000 0.000000
465000 17 S -125.163498 5.559194 -130.765839 1.800000 0.000000 0.000000
465000 18 C -121.869987 5.315605 -131.706985 2.150000 0.000000 0.000000
465000 19 P -125.967812 4.693619 -134.458176 2.110000 -1.000000 0.000000
465000 20 S -125.862419 1.210066 -133.038330 1.800000 0.000000 0.000000
465000 21 A -127.819870 1.363707 -130.148468 2.150000 0.000000 0.000000
465000 22 P -127.423309 -1.762960 -134.776276 2.110000 -1.000000 0.000000
465000 23 S -126.588974 -3.786218 -131.666962 1.800000 0.000000 0.000000
465000 24 A -129.720947 -2.413615 -131.110977 2.150000 0.000000 0.000000
465000 25 P -128.325928 -7.028063 -131.835861 2.110000 -1.000000 0.000000
465000 26 S -126.952255 -7.067468 -128.332642 1.800000 0.000000 0.000000
465000 27 G -128.853058 -4.166736 -127.100296 2.150000 0.000000 0.000000
465000 28 P -128.805954 -9.530689 -126.234062 2.110000 -1.000000 0.000000
465000 29 S -127.881523 -7.943393 -122.879425 1.800000 0.000000 0.000000
465000 30 C -129.200699 -4.714503 -122.908257 2.150000 0.000000 0.000000
465000 31 P -130.445099 -9.967736 -121.062416 2.110000 -1.000000 0.000000
465000 32 S -130.797241 -7.410322 -118.360977 1.800000 0.000000 0.000000
465000 33 C -133.215668 -5.379707 -120.085533 2.150000 0.000000 0.000000
465000 34 P -133.364563 -9.826901 -117.359634 2.110000 -1.000000 0.000000
465000 35 S -135.739243 -7.280988 -116.118179 1.800000 0.000000 0.000000
465000 36 U -137.193726 -7.038797 -119.443253 2.150000 0.000000 0.000000
465000 37 P -137.657883 -10.283746 -114.963356 2.110000 -1.000000 0.000000
470000 1 P -140.560303 -0.140666 -132.476959 2.110000 -1.000000 1.000000
470000 2 S -141.117538 1.110754 -129.007065 1.800000 0.000000 0.000000
470000 3 G -139.147507 -1.028297 -127.357689 2.150000 0.000000 0.000000
470000 4 P -138.421143 4.163928 -128.654404 2.110000 -1.000000 0.000000
470000 5 S -138.300995 3.788429 -124.876190 1.800000 0.000000 0.000000
470000 6 G -136.352768 0.956078 -124.702148 2.150000 0.000000 0.000000
470000 7 P -135.628540 5.893490 -126.329842 2.110000 -1.000000 0.000000
470000 8 S -133.008621 5.600272 -123.465553 1.800000 0.000000 0.000000
470000 9 G -131.233963 2.909386 -124.716812 2.150000 0.000000 0.000000
470000 10 P -131.009872 7.587852 -126.174744 2.110000 -1.000000 0.000000
470000 11 S -127.669182 6.123244 -124.756180 1.800000 0.000000 0.000000
470000 12 C -126.985619 2.623835 -125.429985 2.150000 0.000000 0.000000
470000 13 P -126.416870 7.416747 -128.443695 2.110000 -1.000000 0.000000
470000 14 S -122.795998 6.336719 -127.974213 1.800000 0.000000 0.000000
470000 15 G -122.421204 2.828169 -127.890167 2.150000 0.000000 0.000000
470000 16 P -122.993591 6.685419 -131.998077 2.110000 -1.000000 0.000000
470000 17 S -120.085785 4.372936 -132.656097 1.800000 0.000000 0.000000
470000 18 C -119.978180 1.147382 -131.407623 2.150000 0.000000 0.000000
470000 19 P -122.226334 2.956798 -135.536377 2.110000 -1.000000 0.000000
470000 20 S -121.068428 -0.567253 -135.687271 1.800000 0.000000 0.000000
470000 21 A -122.736580 -1.656276 -132.912338 2.150000 0.000000 0.000000
470000 22 P -123.992561 -2.203860 -137.557144 2.110000 -1.000000 0.000000
470000 23 S -123.937256 -4.831563 -134.726471 1.800000 0.000000 0.000000
470000 24 A -121.576981 -7.335171 -136.128983 2.150000 0.000000 0.000000
470000 25 P -126.743973 -7.553183 -134.615707 2.110000 -1.000000 0.000000
470000 26 S -124.727158 -7.651233 -131.448776 1.800000 0.000000 0.000000
470000 27 G -126.670845 -4.922627 -130.262619 2.150000 0.000000 0.000000
470000 28 P -126.945145 -9.654952 -128.863007 2.110000 -1.000000 0.000000
470000 29 S -126.429039 -8.487248 -125.418343 1.800000 0.000000 0.000000
470000 30 C -128.658493 -5.638696 -125.480499 2.150000 0.000000 0.000000
470000 31 P -128.920410 -10.615986 -123.145737 2.110000 -1.000000 0.000000
470000 32 S -129.295151 -7.845176 -120.547676 1.800000 0.000000 0.000000
470000 33 C -131.579941 -6.197665 -122.704887 2.150000 0.000000 0.000000
470000 34 P -132.131287 -9.404835 -118.242043 2.110000 -1.000000 0.000000
470000 35 S -133.963989 -6.056844 -117.470146 1.800000 0.000000 0.000000
470000 36 U -136.077988 -5.486133 -120.196808 2.150000 0.000000 0.000000
470000 37 P -136.265350 -8.320071 -115.771324 2.110000 -1.000000 0.000000
475000 1 P -145.855331 -0.665025 -134.379288 2.110000 -1.000000 1.000000
475000 2 S -145.957245 0.275027 -130.777557 1.800000 0.000000 0.000000
475000 3 G -144.279785 -2.387828 -129.468903 2.150000 0.000000 0.000000
475000 4 P -143.120132 2.707882 -130.076218 2.110000 -1.000000 0.000000
475000 5 S -142.306717 2.552748 -126.358276 1.800000 0.000000 0.000000
475000 6 G -141.218414 -0.750841 -125.766975 2.150000 0.000000 0.000000
475000 7 P -139.008942 3.963730 -127.345551 2.110000 -1.000000 0.000000
475000 8 S -137.102264 3.107162 -124.210320 1.800000 0.000000 0.000000
475000 9 G -137.030472 -0.338107 -125.032410 2.150000 0.000000 0.000000
475000 10 P -134.525558 4.470960 -126.805763 2.110000 -1.000000 0.000000
475000 11 S -131.349411 3.877865 -124.820122 1.800000 0.000000 0.000000
475000 12 C -130.954315 0.257644 -125.737122 2.150000 0.000000 0.000000
475000 13 P -129.865891 5.339181 -128.108658 2.110000 -1.000000 0.000000
475000 14 S -126.383972 4.131500 -128.322891 1.800000 0.000000 0.000000
475000 15 G -127.613274 0.923026 -129.133820 2.150000 0.000000 0.000000
475000 16 P -125.101440 4.318715 -131.889084 2.110000 -1.000000 0.000000
475000 17 S -121.787010 2.632476 -131.526932 1.800000 0.000000 0.000000
475000 18 C -123.328880 0.094469 -129.368790 2.150000 0.000000 0.000000
475000 19 P -123.247368 0.657187 -134.670425 2.110000 -1.000000 0.000000
475000 20 S -122.279945 -3.057128 -133.807678 1.800000 0.000000 0.000000
475000 21 A -125.217644 -2.900557 -131.715912 2.150000 0.000000 0.000000
475000 22 P -124.023811 -4.593960 -136.799469 2.110000 -1.000000 0.000000
475000 23 S -125.097130 -7.291853 -134.205856 1.800000 0.000000 0.000000
475000 24 A -128.388184 -6.406091 -133.450714 2.150000 0.000000 0.000000
475000 25 P -128.168533 -9.678705 -135.151917 2.110000 -1.000000 0.000000
475000 26 S -127.836945 -9.943356 -131.403595 1.800000 0.000000 0.000000
475000 27 G -127.795883 -6.961741 -129.554901 2.150000 0.000000 0.000000
475000 28 P -130.951981 -11.727571 -129.852066 2.110000 -1.000000 0.000000
475000 29 S -130.022507 -10.219154 -126.401291 1.800000 0.000000 0.000000
475000 30 C -130.773499 -6.782215 -126.019440 2.150000 0.000000 0.000000
475000 31 P -133.448227 -11.723971 -125.414024 2.110000 -1.000000 0.000000
475000 32 S -133.496323 -9.504060 -122.271889 1.800000 0.000000 0.000000
475000 33 C -134.577133 -6.072076 -123.623627 2.150000 0.000000 0.000000
475000 34 P -136.888000 -11.230898 -121.643105 2.110000 -1.000000 0.000000
475000 35 S -138.328491 -7.957405 -120.436417 1.800000 0.000000 0.000000
475000 36 U -140.154373 -7.351636 -123.324188 2.150000 0.000000 0.000000
475000 37 P -142.147186 -8.338296 -119.528687 2.110000 -1.000000 0.000000
480000 1 P -137.415802 1.663798 -131.801987 2.110000 -1.000000 1.000000
480000 2 S -138.974915 3.286755 -128.471588 1.800000 0.000000 0.000000
480000 3 G -137.769775 0.327327 -126.955307 2.150000 0.000000 0.000000
480000 4 P -136.578033 5.896765 -127.762924 2.110000 -1.000000 0.000000
480000 5 S -137.544632 5.083424 -124.164093 1.800000 0.000000 0.000000
480000 6 G -134.923004 2.730905 -124.254013 2.150000 0.000000 0.000000
480000 7 P -134.800430 7.606711 -123.514587 2.110000 -1.000000 0.000000
480000 8 S -133.140533 6.783606 -120.156708 1.800000 0.000000 0.000000
480000 9 G -130.761444 4.541341 -120.979843 2.150000 0.000000 0.000000
480000 10 P -130.532562 8.981071 -121.373764 2.110000 -1.000000 0.000000
480000 11 S -127.389519 8.499054 -119.668083 1.800000 0.000000 0.000000
480000 12 C -126.119987 5.196034 -119.726189 2.150000 0.000000 0.000000
480000 13 P -126.877090 10.251676 -123.046410 2.110000 -1.000000 0.000000
480000 14 S -123.462082 8.413548 -123.042923 1.800000 0.000000 0.000000
480000 15 G -121.133865 9.921681 -120.861122 2.150000 0.000000 0.000000
480000 16 P -122.949265 9.908730 -126.502724 2.110000 -1.000000 0.000000
480000 17 S -120.539124 6.981151 -126.886719 1.800000 0.000000 0.000000
480000 18 C -122.933929 4.669765 -126.292625 2.150000 0.000000 0.000000
480000 19 P -120.148956 6.122574 -130.370834 2.110000 -1.000000 0.000000
480000 20 S -118.361038 3.132942 -128.938156 1.800000 0.000000 0.000000
480000 21 A -114.988609 3.075420 -129.491974 2.150000 0.000000 0.000000
480000 22 P -119.571014 0.170082 -131.240616 2.110000 -1.000000 0.000000
480000 23 S -119.165344 -2.145039 -128.406754 1.800000 0.000000 0.000000
480000 24 A -120.147919 0.509984 -126.672562 2.150000 0.000000 0.000000
480000 25 P -121.994301 -4.664013 -128.576813 2.110000 -1.000000 0.000000
480000 26 S -121.559845 -5.184096 -124.721214 1.800000 0.000000 0.000000
480000 27 G -122.848763 -2.260359 -123.190102 2.150000 0.000000 0.000000
480000 28 P -124.473030 -7.518214 -123.805634 2.110000 -1.000000 0.000000
480000 29 S -125.375427 -6.359776 -120.335335 1.800000 0.000000 0.000000
480000 30 C -126.962975 -3.634599 -122.147858 2.150000 0.000000 0.000000
480000 31 P -128.410706 -8.387443 -119.052872 2.110000 -1.000000 0.000000
480000 32 S -130.105225 -5.945378 -116.888107 1.800000 0.000000 0.000000
480000 33 C -131.676712 -4.655599 -119.603241 2.150000 0.000000 0.000000
480000 34 P -132.983856 -8.231809 -116.917603 2.110000 -1.000000 0.000000
480000 35 S -135.593964 -5.583786 -116.595123 1.800000 0.000000 0.000000
480000 36 U -135.669327 -3.817992 -119.474754 2.150000 0.000000 0.000000
480000 37 P -137.999847 -8.260677 -117.931389 2.110000 -1.000000 0.000000
485000 1 P -132.605606 -0.079019 -129.969696 2.110000 -1.000000 1.000000
485000 2 S -135.829468 0.259797 -127.874893 1.800000 0.000000 0.000000
485000 3 G -134.712509 -0.409725 -124.581444 2.150000 0.000000 0.000000
485000 4 P -134.127899 3.824058 -127.523178 2.110000 -1.000000 0.000000
485000 5 S -135.927353 4.460101 -124.223068 1.800000 0.000000 0.000000
485000 6 G -134.281860 2.990669 -121.637108 2.150000 0.000000 0.000000
485000 7 P -133.188568 7.108722 -124.310524 2.110000 -1.000000 0.000000
485000 8 S -132.279358 7.572235 -120.623802 1.800000 0.000000 0.000000
485000 9 G -129.999832 4.986681 -120.088013 2.150000 0.000000 0.000000
485000 10 P -129.569809 9.167323 -122.446159 2.110000 -1.000000 0.000000
485000 11 S -127.226021 9.146842 -119.349281 1.800000 0.000000 0.000000
485000 12 C -125.924042 5.863710 -119.203819 2.150000 0.000000 0.000000
485000 13 P -125.751770 10.212345 -122.801483 2.110000 -1.000000 0.000000
485000 14 S -122.247482 8.482705 -122.485107 1.800000 0.000000 0.000000
485000 15 G -123.815117 5.213739 -122.982925 2.150000 0.000000 0.000000
485000 16 P -119.941696 8.076591 -125.523018 2.110000 -1.000000 0.000000
485000 17 S -118.936821 4.578084 -124.166435 1.800000 0.000000 0.000000
485000 18 C -121.553604 3.912398 -125.890274 2.150000 0.000000 0.000000
485000 19 P -117.341293 2.261192 -126.920601 2.110000 -1.000000 0.000000
485000 20 S -115.596367 0.644108 -124.149864 1.800000 0.000000 0.000000
485000 21 A -118.506721 0.000305 -122.212715 2.150000 0.000000 0.000000
485000 22 P -115.448029 -2.920988 -125.198174 2.110000 -1.000000 0.000000
485000 23 S -115.209724 -2.563835 -121.425781 1.800000 0.000000 0.000000
485000 24 A -112.995926 -5.073533 -121.850502 2.150000 0.000000 0.000000
485000 25 P -117.988358 -5.270766 -120.762268 2.110000 -1.000000 0.000000
485000 26 S -118.518745 -3.415119 -117.530876 1.800000 0.000000 0.000000
485000 27 G -120.859512 -1.152379 -118.539749 2.150000 0.000000 0.000000
485000 28 P -121.475113 -5.421439 -116.241844 2.110000 -1.000000 0.000000
485000 29 S -123.332634 -2.869612 -114.089279 1.800000 0.000000 0.000000
485000 30 C -125.001030 -1.001686 -116.656395 2.150000 0.000000 0.000000
485000 31 P -126.378578 -4.643285 -113.074913 2.110000 -1.000000 0.000000
485000 32 S -128.381607 -1.600591 -112.097366 1.800000 0.000000 0.000000
485000 33 C -129.056686 -0.214354 -115.111877 2.150000 0.000000 0.000000
485000 34 P -130.640518 -4.729912 -112.191139 2.110000 -1.000000 0.000000
485000 35 S -133.421158 -2.292748 -112.525635 1.800000 0.000000 0.000000
485000 36 U -133.553589 -1.240884 -115.666801 2.150000 0.000000 0.000000
485000 37 P -135.117081 -5.501342 -113.447372 2.110000 -1.000000 0.000000
490000 1 P -132.589203 2.173420 -125.203613 2.110000 -1.000000 1.000000
490000 2 S -136.031403 3.877787 -124.980011 1.800000 0.000000 0.000000
490000 3 G -137.884338 2.524161 -122.173660 2.150000 0.000000 0.000000
490000 4 P -134.744354 7.326048 -123.450249 2.110000 -1.000000 0.000000
490000 5 S -137.357849 7.404611 -120.494720 1.800000 0.000000 0.000000
490000 6 G -135.585007 4.836049 -118.978958 2.150000 0.000000 0.000000
490000 7 P -134.891663 10.063092 -119.009087 2.110000 -1.000000 0.000000
490000 8 S -134.130280 9.593599 -115.260765 1.800000 0.000000 0.000000
490000 9 G -132.216751 6.658263 -115.199448 2.150000 0.000000 0.000000
490000 10 P -131.286453 11.768871 -115.960609 2.110000 -1.000000 0.000000
490000 11 S -128.903503 10.267049 -113.276634 1.800000 0.000000 0.000000
490000 12 C -127.666763 7.335499 -114.119911 2.150000 0.000000 0.000000
490000 13 P -127.033134 12.248585 -116.004265 2.110000 -1.000000 0.000000
490000 14 S -123.887917 10.260827 -115.419952 1.800000 0.000000 0.000000
490000 15 G -124.093758 6.629556 -115.842529 2.150000 0.000000 0.000000
490000 16 P -122.249763 10.893630 -118.936424 2.110000 -1.000000 0.000000
490000 17 S -121.648666 7.165877 -119.022163 1.800000 0.000000 0.000000
490000 18 C -125.277435 7.961345 -119.533379 2.150000 0.000000 0.000000
490000 19 P -121.838036 6.501900 -122.730492 2.110000 -1.000000 0.000000
490000 20 S -121.959602 2.918063 -121.254570 1.800000 0.000000 0.000000
490000 21 A -124.155037 3.961627 -118.727211 2.150000 0.000000 0.000000
490000 22 P -124.138672 0.234304 -123.071388 2.110000 -1.000000 0.000000
490000 23 S -123.569901 -2.037986 -120.235153 1.800000 0.000000 0.000000
490000 24 A -121.716866 -4.211873 -122.486717 2.150000 0.000000 0.000000
490000 25 P -126.296982 -4.995196 -120.539040 2.110000 -1.000000 0.000000
490000 26 S -126.001129 -4.698065 -116.864426 1.800000 0.000000 0.000000
490000 27 G -126.618217 -1.221430 -116.398865 2.150000 0.000000 0.000000
490000 28 P -128.974426 -6.816228 -115.611603 2.110000 -1.000000 0.000000
490000 29 S -129.676666 -4.797720 -112.525375 1.800000 0.000000 0.000000
490000 30 C -131.064529 -2.276785 -114.389221 2.150000 0.000000 0.000000
490000 31 P -132.800842 -6.842504 -112.106728 2.110000 -1.000000 0.000000
490000 32 S -135.457260 -4.248183 -111.014786 1.800000 0.000000 0.000000
490000 33 C -135.666702 -3.146024 -114.187302 2.150000 0.000000 0.000000
490000 34 P -138.366241 -6.622169 -111.900139 2.110000 -1.000000 0.000000
490000 35 S -141.221741 -3.916571 -112.448509 1.800000 0.000000 0.000000
490000 36 U -141.103851 -1.802873 -115.242958 2.150000 0.000000 0.000000
490000 37 P -144.465286 -5.531768 -113.541122 2.110000 -1.000000 0.000000
495000 1 P -140.449036 -2.325951 -123.464821 2.110000 -1.000000 1.000000
495000 2 S -140.947632 0.318052 -120.678932 1.800000 0.000000 0.000000
495000 3 G -140.058929 -2.492471 -118.618187 2.150000 0.000000 0.000000
495000 4 P -138.069916 2.999566 -120.509827 2.110000 -1.000000 0.000000
495000 5 S -138.533951 3.173479 -116.598747 1.800000 0.000000 0.000000
495000 6 G -136.456024 0.870685 -115.504349 2.150000 0.000000 0.000000
495000 7 P -135.369797 5.608926 -116.910622 2.110000 -1.000000 0.000000
495000 8 S -134.158569 5.086664 -113.327118 1.800000 0.000000 0.000000
495000 9 G -132.683212 2.126452 -114.202484 2.150000 0.000000 0.000000
495000 10 P -131.213013 6.855677 -114.706551 2.110000 -1.000000 0.000000
495000 11 S -127.793640 6.232485 -112.931870 1.800000 0.000000 0.000000
495000 12 C -127.226936 2.939374 -114.017365 2.150000 0.000000 0.000000
495000 13 P -126.410461 7.629083 -116.111809 2.110000 -1.000000 0.000000
495000 14 S -122.846718 7.102931 -115.072998 1.800000 0.000000 0.000000
495000 15 G -123.326042 3.991170 -116.507690 2.150000 0.000000 0.000000
495000 16 P -122.177666 7.380603 -118.944946 2.110000 -1.000000 0.000000
495000 17 S -119.231430 5.082604 -119.673882 1.800000 0.000000 0.000000
495000 18 C -118.981499 3.138507 -116.827866 2.150000 0.000000 0.000000
495000 19 P -120.332092 3.503258 -123.089195 2.110000 -1.000000 0.000000
495000 20 S -118.768929 0.139394 -122.058014 1.800000 0.000000 0.000000
495000 21 A -121.206223 1.345518 -119.748840 2.150000 0.000000 0.000000
495000 22 P -120.673790 -2.030460 -124.546631 2.110000 -1.000000 0.000000
495000 23 S -120.094612 -4.663206 -121.710365 1.800000 0.000000 0.000000
495000 24 A -118.853973 -6.841545 -124.243408 2.150000 0.000000 0.000000
495000 25 P -122.712730 -7.550864 -121.632927 2.110000 -1.000000 0.000000
495000 26 S -122.439644 -7.765872 -117.893494 1.800000 0.000000 0.000000
495000 27 G -123.165558 -4.240822 -117.641891 2.150000 0.000000 0.000000
495000 28 P -125.670250 -9.643553 -116.830582 2.110000 -1.000000 0.000000
495000 29 S -126.060760 -8.265351 -113.429947 1.800000 0.000000 0.000000
495000 30 C -127.509041 -5.058876 -113.715378 2.150000 0.000000 0.000000
495000 31 P -129.187912 -10.216781 -112.208450 2.110000 -1.000000 0.000000
495000 32 S -130.473190 -7.821605 -109.465828 1.800000 0.000000 0.000000
495000 33 C -132.171448 -5.183922 -110.589531 2.150000 0.000000 0.000000
495000 34 P -133.610672 -9.376324 -108.371010 2.110000 -1.000000 0.000000
495000 35 S -135.278275 -5.936541 -107.747292 1.800000 0.000000 0.000000
495000 36 U -136.667023 -5.358646 -110.746078 2.150000 0.000000 0.000000
495000 37 P -138.946457 -6.663103 -107.028450 2.110000 -1.000000 0.000000
500000 1 P -139.146881 9.276474 -125.062309 2.110000 -1.000000 1.000000
500000 2 S -141.457809 10.096201 -121.963898 1.800000 0.000000 0.000000
500000 3 G -141.274490 7.609424 -119.506180 2.150000 0.000000 0.000000
500000 4 P -138.559525 12.472891 -121.337074 2.110000 -1.000000 0.000000
500000 5 S -137.929993 12.160534 -117.648956 1.800000 0.000000 0.000000
500000 6 G -135.859177 9.298800 -118.035889 2.150000 0.000000 0.000000
500000 7 P -134.980072 14.536785 -118.388786 2.110000 -1.000000 0.000000
500000 8 S -132.134125 13.727514 -115.693642 1.800000 0.000000 0.000000
500000 9 G -131.785110 10.603142 -117.374893 2.150000 0.000000 0.000000
500000 10 P -129.219681 15.213414 -117.717941 2.110000 -1.000000 0.000000
500000 11 S -125.971771 13.774437 -116.776741 1.800000 0.000000 0.000000
500000 12 C -126.550835 10.622146 -118.316788 2.150000 0.000000 0.000000
500000 13 P -124.357918 15.390695 -119.706490 2.110000 -1.000000 0.000000
500000 14 S -121.617851 12.861135 -120.436661 1.800000 0.000000 0.000000
500000 15 G -123.235962 9.831960 -121.293678 2.150000 0.000000 0.000000
500000 16 P -122.335411 14.571688 -123.906479 2.110000 -1.000000 0.000000
500000 17 S -121.870018 11.172359 -125.324982 1.800000 0.000000 0.000000
500000 18 C -118.844177 9.248359 -125.182686 2.150000 0.000000 0.000000
500000 19 P -123.019440 11.138955 -129.132034 2.110000 -1.000000 0.000000
500000 20 S -122.889465 7.516248 -127.927124 1.800000 0.000000 0.000000
500000 21 A -124.287521 8.330037 -124.710510 2.150000 0.000000 0.000000
500000 22 P -124.723770 4.517030 -129.339981 2.110000 -1.000000 0.000000
500000 23 S -122.194740 2.623823 -127.402817 1.800000 0.000000 0.000000
500000 24 A -120.756302 3.104341 -124.126060 2.150000 0.000000 0.000000
500000 25 P -124.415314 -0.345212 -126.484833 2.110000 -1.000000 0.000000
500000 26 S -123.267792 -0.051641 -122.831467 1.800000 0.000000 0.000000
500000 27 G -125.170296 2.575073 -121.599754 2.150000 0.000000 0.000000
500000 28 P -125.870171 -1.858963 -120.430542 2.110000 -1.000000 0.000000
500000 29 S -126.649261 -0.371815 -117.055084 1.800000 0.000000 0.000000
500000 30 C -128.935669 2.060420 -118.238647 2.150000 0.000000 0.000000
500000 31 P -129.356934 -3.007244 -116.669479 2.110000 -1.000000 0.000000
500000 32 S -131.116043 -1.013485 -114.101059 1.800000 0.000000 0.000000
500000 33 C -132.513062 1.331191 -116.092888 2.150000 0.000000 0.000000
500000 34 P -134.321625 -2.807909 -113.564102 2.110000 -1.000000 0.000000
500000 35 S -135.730042 -0.002635 -111.406906 1.800000 0.000000 0.000000
500000 36 U -136.470627 2.994066 -113.142380 2.150000 0.000000 0.000000
500000 37 P -139.519638 -0.589524 -112.009834 2.110000 -1.000000 0.000000
