380000 1 P -116.208008 45.002197 -111.697746 2.110000 -1.000000 1.000000
380000 2 S -114.952667 47.848591 -113.692749 1.800000 0.000000 0.000000
380000 3 G -114.357521 46.515018 -116.866844 2.150000 0.000000 0.000000
380000 4 P -118.596085 48.875671 -114.545586 2.110000 -1.000000 0.000000
380000 5 S -118.001114 50.420666 -118.077713 1.800000 0.000000 0.000000
380000 6 G -118.402580 47.784492 -120.229164 2.150000 0.000000 0.000000
380000 7 P -121.739838 50.463562 -117.639450 2.110000 -1.000000 0.000000
380000 8 S -122.664589 50.716759 -121.321266 1.800000 0.000000 0.000000
380000 9 G -122.892319 47.513657 -122.598450 2.150000 0.000000 0.000000
380000 10 P -125.991447 50.555008 -119.520058 2.110000 -1.000000 0.000000
380000 11 S -128.052536 50.317764 -122.778450 1.800000 0.000000 0.000000
380000 12 C -127.258179 46.858395 -123.171898 2.150000 0.000000 0.000000
380000 13 P -130.192459 49.783077 -119.531090 2.110000 -1.000000 0.000000
380000 14 S -132.336823 47.435013 -121.599792 1.800000 0.000000 0.000000
380000 15 G -133.982849 49.692963 -123.337509 2.150000 0.000000 0.000000
380000 16 P -134.797134 45.829811 -119.211609 2.110000 -1.000000 0.000000
380000 17 S -133.965012 43.136337 -121.686607 1.800000 0.000000 0.000000
380000 18 C -131.697952 42.655956 -119.259621 2.150000 0.000000 0.000000
380000 19 P -135.319168 39.772270 -120.491165 2.110000 -1.000000 0.000000
380000 20 S -133.807556 38.989159 -123.735809 1.800000 0.000000 0.000000
380000 21 A -136.927811 38.338863 -125.124733 2.150000 0.000000 0.000000
380000 22 P -132.908264 35.381931 -123.377289 2.110000 -1.000000 0.000000
380000 23 S -129.745361 35.370197 -125.603683 1.800000 0.000000 0.000000
380000 24 A -128.995117 37.748249 -123.153030 2.150000 0.000000 0.000000
380000 25 P -126.977089 32.784637 -125.155838 2.110000 -1.000000 0.000000
380000 26 S -125.574753 35.474144 -127.427681 1.800000 0.000000 0.000000
380000 27 G -125.087799 38.809940 -126.239403 2.150000 0.000000 0.000000
380000 28 P -121.859993 34.417530 -127.242584 2.110000 -1.000000 0.000000
380000 29 S -120.256439 37.316238 -129.150986 1.800000 0.000000 0.000000
380000 30 C -120.824905 40.524345 -127.705299 2.150000 0.000000 0.000000
380000 31 P -116.568375 36.546650 -128.433762 2.110000 -1.000000 0.000000
380000 32 S -115.296165 40.000061 -129.585815 1.800000 0.000000 0.000000
380000 33 C -116.188431 41.562603 -126.409233 2.150000 0.000000 0.000000
380000 34 P -111.699234 40.063015 -128.316437 2.110000 -1.000000 0.000000
380000 35 S -111.459274 43.839172 -128.483612 1.800000 0.000000 0.000000
380000 36 U -113.311745 44.834583 -125.545898 2.150000 0.000000 0.000000
380000 37 P -108.336311 44.771038 -126.730759 2.110000 -1.000000 0.000000
385000 1 P -119.368042 41.877068 -106.817703 2.110000 -1.000000 1.000000
385000 2 S -117.757805 44.931454 -108.321175 1.800000 0.000000 0.000000
385000 3 G -116.315018 45.264320 -111.346153 2.150000 0.000000 0.000000
385000 4 P -121.127625 46.637157 -108.961212 2.110000 -1.000000 0.000000
385000 5 S -119.610222 48.665874 -111.715919 1.800000 0.000000 0.000000
385000 6 G -118.888855 47.167210 -114.735916 2.150000 0.000000 0.000000
385000 7 P -123.584717 49.605217 -112.042610 2.110000 -1.000000 0.000000
385000 8 S -123.585167 50.100918 -115.896317 1.800000 0.000000 0.000000
385000 9 G -122.813492 46.811222 -116.997406 2.150000 0.000000 0.000000
385000 10 P -127.340172 50.192837 -116.990608 2.110000 -1.000000 0.000000
385000 11 S -127.282143 48.555439 -120.429207 1.800000 0.000000 0.000000
385000 12 C -125.398247 45.525658 -119.697823 2.150000 0.000000 0.000000
385000 13 P -131.052338 48.293007 -119.252556 2.110000 -1.000000 0.000000
385000 14 S -131.855209 45.430672 -121.629044 1.800000 0.000000 0.000000
385000 15 G -129.836792 42.966480 -119.964691 2.150000 0.000000 0.000000
385000 16 P -135.177795 45.254875 -119.661247 2.110000 -1.000000 0.000000
385000 17 S -136.165878 41.774509 -120.877747 1.800000 0.000000 0.000000
385000 18 C -139.239410 42.869244 -121.897789 2.150000 0.000000 0.000000
385000 19 P -137.317200 39.439106 -118.145874 2.110000 -1.000000 0.000000
385000 20 S -135.797256 36.895287 -120.679131 1.800000 0.000000 0.000000
385000 21 A -132.987579 39.136620 -120.564163 2.150000 0.000000 0.000000
385000 22 P -135.247940 33.714264 -118.224457 2.110000 -1.000000 0.000000
385000 23 S -132.015274 34.497501 -119.845474 1.800000 0.000000 0.000000
385000 24 A -132.014542 35.731869 -116.595726 2.150000 0.000000 0.000000
385000 25 P -129.082275 32.594307 -118.177261 2.110000 -1.000000 0.000000
385000 26 S -127.465134 33.947433 -121.326157 1.800000 0.000000 0.000000
385000 27 G -126.598328 36.443676 -119.223289 2.150000 0.000000 0.000000
385000 28 P -123.644440 33.554901 -121.250320 2.110000 -1.000000 0.000000
385000 29 S -123.113693 36.629871 -123.319267 1.800000 0.000000 0.000000
385000 30 C -122.639877 39.527031 -121.759865 2.150000 0.000000 0.000000
385000 31 P -119.350616 36.015419 -123.190659 2.110000 -1.000000 0.000000
385000 32 S -118.441444 39.569290 -124.409203 1.800000 0.000000 0.000000
385000 33 C -118.733734 41.961266 -121.877136 2.150000 0.000000 0.000000
385000 34 P -114.693230 39.048637 -124.039757 2.110000 -1.000000 0.000000
385000 35 S -114.083107 42.707985 -123.054993 1.800000 0.000000 0.000000
385000 36 U -114.061462 42.716911 -119.493271 2.150000 0.000000 0.000000
385000 37 P -111.189545 40.215412 -122.398170 2.110000 -1.000000 0.000000
390000 1 P -129.706207 40.532158 -104.356606 2.110000 -1.000000 1.000000
390000 2 S -128.129730 43.787518 -105.496330 1.800000 0.000000 0.000000
390000 3 G -127.101250 42.057957 -108.515419 2.150000 0.000000 0.000000
390000 4 P -130.770981 46.227364 -106.733238 2.110000 -1.000000 0.000000
390000 5 S -128.233032 48.149723 -108.902275 1.800000 0.000000 0.000000
390000 6 G -127.660370 45.466908 -111.007904 2.150000 0.000000 0.000000
390000 7 P -131.522827 49.279846 -110.417145 2.110000 -1.000000 0.000000
390000 8 S -131.098618 49.196705 -114.112991 1.800000 0.000000 0.000000
390000 9 G -130.404144 45.845165 -114.362617 2.150000 0.000000 0.000000
390000 10 P -135.119034 48.972065 -114.364517 2.110000 -1.000000 0.000000
390000 11 S -134.500656 46.469028 -117.287712 1.800000 0.000000 0.000000
390000 12 C -134.010651 43.784149 -114.992973 2.150000 0.000000 0.000000
390000 13 P -138.034058 46.673130 -115.860947 2.110000 -1.000000 0.000000
390000 14 S -138.782394 42.880276 -116.564217 1.800000 0.000000 0.000000
390000 15 G -137.496841 42.256691 -113.248253 2.150000 0.000000 0.000000
390000 16 P -141.829895 41.676136 -114.745911 2.110000 -1.000000 0.000000
390000 17 S -141.402527 38.051716 -116.032196 1.800000 0.000000 0.000000
390000 18 C -138.092361 38.211193 -115.990829 2.150000 0.000000 0.000000
390000 19 P -141.799591 35.549515 -113.002136 2.110000 -1.000000 0.000000
390000 20 S -139.807663 32.908276 -115.060455 1.800000 0.000000 0.000000
390000 21 A -137.482788 35.209839 -113.577789 2.150000 0.000000 0.000000
390000 22 P -137.811676 30.005224 -113.904617 2.110000 -1.000000 0.000000
390000 23 S -134.692169 31.005894 -115.626999 1.800000 0.000000 0.000000
390000 24 A -134.831131 29.487076 -118.748940 2.150000 0.000000 0.000000
390000 25 P -131.129044 30.084078 -115.142136 2.110000 -1.000000 0.000000
390000 26 S -131.062469 32.350769 -118.138084 1.800000 0.000000 0.000000
390000 27 G -132.203918 35.115334 -116.231209 2.150000 0.000000 0.000000
390000 28 P -127.236382 32.950832 -118.739883 2.110000 -1.000000 0.000000
390000 29 S -127.198639 36.050190 -121.028717 1.800000 0.000000 0.000000
390000 30 C -128.949524 38.427486 -119.212395 2.150000 0.000000 0.000000
390000 31 P -123.419487 36.616344 -120.734932 2.110000 -1.000000 0.000000
390000 32 S -124.172928 40.313248 -121.458458 1.800000 0.000000 0.000000
390000 33 C -125.365623 41.294464 -118.283569 2.150000 0.000000 0.000000
390000 34 P -120.686676 41.145599 -120.572754 2.110000 -1.000000 0.000000
390000 35 S -121.976585 44.497700 -119.131416 1.800000 0.000000 0.000000
390000 36 U -122.497383 42.669540 -116.141884 2.150000 0.000000 0.000000
390000 37 P -118.337593 45.396061 -117.841949 2.110000 -1.000000 0.000000
395000 1 P -126.296471 41.368000 -100.034286 2.110000 -1.000000 1.000000
395000 2 S -124.371704 44.166389 -102.006943 1.800000 0.000000 0.000000
395000 3 G -123.694725 41.908783 -104.604767 2.150000 0.000000 0.000000
395000 4 P -127.347603 45.489960 -103.859970 2.110000 -1.000000 0.000000
395000 5 S -125.924522 46.725857 -107.211845 1.800000 0.000000 0.000000
395000 6 G -125.938942 43.412693 -108.432899 2.150000 0.000000 0.000000
395000 7 P -129.681427 47.130802 -108.145020 2.110000 -1.000000 0.000000
395000 8 S -128.752762 47.052113 -111.719933 1.800000 0.000000 0.000000
395000 9 G -129.136200 43.536659 -111.479805 2.150000 0.000000 0.000000
395000 10 P -132.330429 47.114670 -113.342125 2.110000 -1.000000 0.000000
395000 11 S -132.051926 45.593018 -116.868294 1.800000 0.000000 0.000000
395000 12 C -130.980545 42.944080 -114.650246 2.150000 0.000000 0.000000
395000 13 P -135.813110 45.227829 -116.571854 2.110000 -1.000000 0.000000
395000 14 S -136.193756 42.773933 -119.487083 1.800000 0.000000 0.000000
395000 15 G -135.811935 39.402836 -118.471321 2.150000 0.000000 0.000000
395000 16 P -139.723602 42.936577 -117.615524 2.110000 -1.000000 0.000000
395000 17 S -139.677216 39.324520 -118.984917 1.800000 0.000000 0.000000
395000 18 C -141.743332 39.309898 -121.639000 2.150000 0.000000 0.000000
395000 19 P -142.550171 38.250153 -116.853722 2.110000 -1.000000 0.000000
395000 20 S -140.618454 35.051258 -117.446625 1.800000 0.000000 0.000000
395000 21 A -138.383270 37.321274 -115.824928 2.150000 0.000000 0.000000
395000 22 P -140.694321 32.392403 -114.431602 2.110000 -1.000000 0.000000
395000 23 S -137.551575 31.665802 -116.543449 1.800000 0.000000 0.000000
395000 24 A -135.797241 34.625488 -115.492523 2.150000 0.000000 0.000000
395000 25 P -134.896179 29.394419 -114.766678 2.110000 -1.000000 0.000000
395000 26 S -132.023224 30.794094 -116.848473 1.800000 0.000000 0.000000
395000 27 G -131.970032 33.466114 -115.109245 2.150000 0.000000 0.000000
395000 28 P -128.459991 29.837738 -115.474525 2.110000 -1.000000 0.000000
395000 29 S -127.371635 32.796242 -117.691849 1.800000 0.000000 0.000000
395000 30 C -127.222374 35.586254 -115.437737 2.150000 0.000000 0.000000
395000 31 P -123.322914 32.854527 -116.925995 2.110000 -1.000000 0.000000
395000 32 S -122.562286 36.431721 -117.870735 1.800000 0.000000 0.000000
395000 33 C -123.595345 37.964012 -114.841454 2.150000 0.000000 0.000000
395000 34 P -119.177963 35.790352 -116.244972 2.110000 -1.000000 0.000000
395000 35 S -118.254791 39.303108 -115.246071 1.800000 0.000000 0.000000
395000 36 U -120.684731 39.409401 -112.653252 2.150000 0.000000 0.000000
395000 37 P -115.418083 38.724407 -113.083717 2.110000 -1.000000 0.000000
400000 1 P -128.853561 38.176743 -102.672630 2.110000 -1.000000 1.000000
400000 2 S -126.528076 40.967442 -102.737106 1.800000 0.000000 0.000000
400000 3 G -125.911865 39.947124 -105.886543 2.150000 0.000000 0.000000
400000 4 P -129.183319 43.197559 -104.754578 2.110000 -1.000000 0.000000
400000 5 S -126.604942 45.228981 -106.756935 1.800000 0.000000 0.000000
400000 6 G -126.880402 42.681545 -109.298340 2.150000 0.000000 0.000000
400000 7 P -130.227402 45.966660 -107.685829 2.110000 -1.000000 0.000000
400000 8 S -128.941986 47.121868 -110.991150 1.800000 0.000000 0.000000
400000 9 G -129.979401 44.047951 -112.695091 2.150000 0.000000 0.000000
400000 10 P -132.608170 47.846706 -111.939117 2.110000 -1.000000 0.000000
400000 11 S -133.156754 48.355858 -115.674736 1.800000 0.000000 0.000000
400000 12 C -132.474411 45.315491 -117.024406 2.150000 0.000000 0.000000
400000 13 P -136.861298 47.935711 -115.409393 2.110000 -1.000000 0.000000
400000 14 S -138.453827 47.874710 -119.107437 1.800000 0.000000 0.000000
400000 15 G -136.178635 45.254967 -119.494293 2.150000 0.000000 0.000000
400000 16 P -141.328827 45.312355 -118.242355 2.110000 -1.000000 0.000000
400000 17 S -141.615982 43.551807 -121.653587 1.800000 0.000000 0.000000
400000 18 C -139.220139 41.076984 -122.360405 2.150000 0.000000 0.000000
400000 19 P -143.727585 40.704285 -120.517365 2.110000 -1.000000 0.000000
400000 20 S -141.621857 38.517315 -122.912735 1.800000 0.000000 0.000000
400000 21 A -144.173676 37.866310 -125.026962 2.150000 0.000000 0.000000
400000 22 P -142.058441 35.056797 -121.338875 2.110000 -1.000000 0.000000
400000 23 S -138.511108 35.184170 -122.829773 1.800000 0.000000 0.000000
400000 24 A -137.552719 37.706211 -120.154121 2.150000 0.000000 0.000000
400000 25 P -136.633896 32.553246 -120.899109 2.110000 -1.000000 0.000000
400000 26 S -134.181641 34.690517 -122.675980 1.800000 0.000000 0.000000
400000 27 G -133.827515 37.900692 -121.392036 2.150000 0.000000 0.000000
400000 28 P -130.773315 33.486778 -121.656906 2.110000 -1.000000 0.000000
400000 29 S -128.464081 36.468479 -121.955109 1.800000 0.000000 0.000000
400000 30 C -128.818466 37.733250 -118.742081 2.150000 0.000000 0.000000
400000 31 P -125.639755 34.556480 -120.349388 2.110000 -1.000000 0.000000
400000 32 S -123.601402 37.728363 -120.162231 1.800000 0.000000 0.000000
400000 33 C -124.483574 40.131100 -117.609886 2.150000 0.000000 0.000000
400000 34 P -121.098358 35.756573 -117.996788 2.110000 -1.000000 0.000000
400000 35 S -119.738358 39.186817 -116.765892 1.800000 0.000000 0.000000
400000 36 U -121.762901 40.625790 -114.156593 2.150000 0.000000 0.000000
400000 37 P -117.273369 38.118843 -114.078812 2.110000 -1.000000 0.000000
405000 1 P -133.714371 33.505390 -108.228951 2.110000 -1.000000 1.000000
405000 2 S -130.832794 35.248573 -106.272881 1.800000 0.000000 0.000000
405000 3 G -128.651245 36.304451 -108.685349 2.150000 0.000000 0.000000
405000 4 P -132.954605 38.391186 -106.501099 2.110000 -1.000000 0.000000
405000 5 S -130.445206 41.132080 -107.455765 1.800000 0.000000 0.000000
405000 6 G -129.656006 39.760616 -110.502876 2.150000 0.000000 0.000000
405000 7 P -133.907318 42.421783 -108.446388 2.110000 -1.000000 0.000000
405000 8 S -132.184586 44.628254 -111.020271 1.800000 0.000000 0.000000
405000 9 G -132.015808 42.140274 -113.344597 2.150000 0.000000 0.000000
405000 10 P -135.837585 45.742264 -111.156685 2.110000 -1.000000 0.000000
405000 11 S -135.449753 47.037605 -114.620895 1.800000 0.000000 0.000000
405000 12 C -134.729767 44.485050 -116.683067 2.150000 0.000000 0.000000
405000 13 P -139.207123 46.769135 -114.451378 2.110000 -1.000000 0.000000
405000 14 S -139.864853 46.930729 -118.207253 1.800000 0.000000 0.000000
405000 15 G -138.989761 43.379341 -118.330818 2.150000 0.000000 0.000000
405000 16 P -143.474060 45.284260 -117.671844 2.110000 -1.000000 0.000000
405000 17 S -143.542770 43.390057 -121.049782 1.800000 0.000000 0.000000
405000 18 C -140.721634 41.158417 -121.060097 2.150000 0.000000 0.000000
405000 19 P -146.185715 40.613041 -120.431084 2.110000 -1.000000 0.000000
405000 20 S -143.672333 38.803467 -122.800949 1.800000 0.000000 0.000000
405000 21 A -144.711792 39.084919 -126.079475 2.150000 0.000000 0.000000
405000 22 P -143.239365 35.065678 -123.194382 2.110000 -1.000000 0.000000
405000 23 S -140.421066 36.853176 -124.654953 1.800000 0.000000 0.000000
405000 24 A -139.485626 37.385761 -121.363121 2.150000 0.000000 0.000000
405000 25 P -137.679306 34.475788 -125.975075 2.110000 -1.000000 0.000000
405000 26 S -134.584427 36.987759 -126.138039 1.800000 0.000000 0.000000
405000 27 G -134.868286 38.029320 -122.785606 2.150000 0.000000 0.000000
405000 28 P -131.150818 35.931858 -125.793137 2.110000 -1.000000 0.000000
405000 29 S -129.643188 39.192032 -124.991150 1.800000 0.000000 0.000000
405000 30 C -130.058304 39.505455 -121.532150 2.150000 0.000000 0.000000
405000 31 P -126.001457 37.889748 -124.111061 2.110000 -1.000000 0.000000
405000 32 S -124.969513 40.734570 -121.744896 1.800000 0.000000 0.000000
405000 33 C -126.220184 39.457859 -118.574936 2.150000 0.000000 0.000000
405000 34 P -122.253738 38.163151 -121.183479 2.110000 -1.000000 0.000000
405000 35 S -121.411217 40.139141 -117.879471 1.800000 0.000000 0.000000
405000 36 U -122.708450 38.807861 -114.758812 2.150000 0.000000 0.000000
405000 37 P -119.059547 37.238838 -116.674095 2.110000 -1.000000 0.000000
410000 1 P -129.795441 34.950790 -111.855095 2.110000 -1.000000 1.000000
410000 2 S -127.176315 37.325542 -110.248283 1.800000 0.000000 0.000000
410000 3 G -126.745560 38.705154 -113.596611 2.150000 0.000000 0.000000
410000 4 P -130.020416 39.980614 -109.782158 2.110000 -1.000000 0.000000
410000 5 S -127.923515 43.003651 -110.031502 1.800000 0.000000 0.000000
410000 6 G -127.933212 42.996571 -113.472878 2.150000 0.000000 0.000000
410000 7 P -131.147232 45.099091 -110.278831 2.110000 -1.000000 0.000000
410000 8 S -129.685654 47.898029 -112.160599 1.800000 0.000000 0.000000
410000 9 G -130.520157 46.207100 -115.091133 2.150000 0.000000 0.000000
410000 10 P -133.241898 48.817673 -111.655846 2.110000 -1.000000 0.000000
410000 11 S -133.878281 50.908691 -114.719383 1.800000 0.000000 0.000000
410000 12 C -132.610077 48.996284 -117.202621 2.150000 0.000000 0.000000
410000 13 P -137.520355 49.857449 -114.142654 2.110000 -1.000000 0.000000
410000 14 S -139.541733 50.919712 -117.128838 1.800000 0.000000 0.000000
410000 15 G -137.200531 48.741772 -118.847549 2.150000 0.000000 0.000000
410000 16 P -142.699539 48.730782 -117.528152 2.110000 -1.000000 0.000000
410000 17 S -142.864197 48.498180 -121.298409 1.800000 0.000000 0.000000
410000 18 C -139.684998 47.512558 -122.484161 2.150000 0.000000 0.000000
410000 19 P -144.933105 45.661228 -122.563675 2.110000 -1.000000 0.000000
410000 20 S -143.498016 46.699825 -125.958473 1.800000 0.000000 0.000000
410000 21 A -146.846008 47.845852 -126.318230 2.150000 0.000000 0.000000
410000 22 P -144.248993 42.964039 -126.386116 2.110000 -1.000000 0.000000
410000 23 S -140.437439 42.575298 -127.031616 1.800000 0.000000 0.000000
410000 24 A -139.429688 44.127529 -124.082718 2.150000 0.000000 0.000000
410000 25 P -137.238525 40.465755 -127.294334 2.110000 -1.000000 0.000000
410000 26 S -135.298859 43.746841 -128.048401 1.800000 0.000000 0.000000
410000 27 G -135.441422 45.453030 -124.961647 2.150000 0.000000 0.000000
410000 28 P -131.607483 43.002777 -128.452423 2.110000 -1.000000 0.000000
410000 29 S -130.324249 46.629101 -127.242294 1.800000 0.000000 0.000000
410000 30 C -131.000229 45.733810 -123.853867 2.150000 0.000000 0.000000
410000 31 P -126.642853 45.628506 -127.120758 2.110000 -1.000000 0.000000
410000 32 S -124.777657 47.472370 -124.253029 1.800000 0.000000 0.000000
410000 33 C -126.269104 46.075100 -121.529465 2.150000 0.000000 0.000000
410000 34 P -121.260071 46.685963 -123.371628 2.110000 -1.000000 0.000000
410000 35 S -121.347832 47.605099 -119.740089 1.800000 0.000000 0.000000
410000 36 U -121.636536 44.511360 -118.214615 2.150000 0.000000 0.000000
410000 37 P -117.787148 46.207329 -119.737083 2.110000 -1.000000 0.000000
415000 1 P -135.045288 31.074625 -111.840591 2.110000 -1.000000 1.000000
415000 2 S -131.391449 31.736029 -110.952789 1.800000 0.000000 0.000000
415000 3 G -129.887939 33.710487 -113.269379 2.150000 0.000000 0.000000
415000 4 P -133.255539 34.906544 -109.452797 2.110000 -1.000000 0.000000
415000 5 S -130.711319 37.546284 -109.578941 1.800000 0.000000 0.000000
415000 6 G -131.078995 37.850052 -112.859009 2.150000 0.000000 0.000000
415000 7 P -133.668137 39.860271 -109.109314 2.110000 -1.000000 0.000000
415000 8 S -131.683411 42.871883 -110.044495 1.800000 0.000000 0.000000
415000 9 G -132.150024 41.780418 -113.371613 2.150000 0.000000 0.000000
415000 10 P -135.160751 44.545799 -109.465996 2.110000 -1.000000 0.000000
415000 11 S -134.204895 47.772141 -111.348770 1.800000 0.000000 0.000000
415000 12 C -133.251343 47.123871 -114.676895 2.150000 0.000000 0.000000
415000 13 P -137.917358 48.282604 -111.324524 2.110000 -1.000000 0.000000
415000 14 S -138.116119 50.688255 -114.099640 1.800000 0.000000 0.000000
415000 15 G -136.602005 49.887985 -117.108391 2.150000 0.000000 0.000000
415000 16 P -141.905746 49.203690 -114.305260 2.110000 -1.000000 0.000000
415000 17 S -143.466293 50.900856 -117.391190 1.800000 0.000000 0.000000
415000 18 C -140.868652 49.135609 -118.758209 2.150000 0.000000 0.000000
415000 19 P -146.136749 48.366234 -118.824615 2.110000 -1.000000 0.000000
415000 20 S -144.054779 49.430359 -121.801620 1.800000 0.000000 0.000000
415000 21 A -146.360840 51.723671 -122.775749 2.150000 0.000000 0.000000
415000 22 P -145.151367 46.097195 -123.283798 2.110000 -1.000000 0.000000
415000 23 S -141.625275 46.900856 -124.600975 1.800000 0.000000 0.000000
415000 24 A -141.171936 46.106007 -121.126244 2.150000 0.000000 0.000000
415000 25 P -140.491394 43.778664 -126.113647 2.110000 -1.000000 0.000000
415000 26 S -137.338150 46.108799 -126.314140 1.800000 0.000000 0.000000
415000 27 G -137.444321 46.525059 -123.024216 2.150000 0.000000 0.000000
415000 28 P -134.782745 43.559364 -127.226234 2.110000 -1.000000 0.000000
415000 29 S -131.977219 45.459469 -125.379730 1.800000 0.000000 0.000000
415000 30 C -132.377609 44.741520 -121.996902 2.150000 0.000000 0.000000
415000 31 P -128.767731 43.388054 -125.587372 2.110000 -1.000000 0.000000
415000 32 S -126.987183 44.427471 -122.443703 1.800000 0.000000 0.000000
415000 33 C -128.289169 42.085987 -120.463600 2.150000 0.000000 0.000000
415000 34 P -124.147690 42.037708 -122.880379 2.110000 -1.000000 0.000000
415000 35 S -123.551216 42.155384 -119.067436 1.800000 0.000000 0.000000
415000 36 U -126.295349 40.282742 -117.794228 2.150000 0.000000 0.000000
415000 37 P -121.070930 39.140205 -119.572174 2.110000 -1.000000 0.000000
420000 1 P -130.358475 37.963741 -111.948158 2.110000 -1.000000 1.000000
420000 2 S -126.909355 38.620911 -110.231651 1.800000 0.000000 0.000000
420000 3 G -127.079674 40.652527 -113.382278 2.150000 0.000000 0.000000
420000 4 P -128.668976 41.485542 -108.203079 2.110000 -1.000000 0.000000
420000 5 S -125.950874 43.937786 -108.332474 1.800000 0.000000 0.000000
420000 6 G -126.554817 44.483418 -111.591278 2.150000 0.000000 0.000000
420000 7 P -129.019562 46.067406 -107.350517 2.110000 -1.000000 0.000000
420000 8 S -127.544334 49.524860 -108.083199 1.800000 0.000000 0.000000
420000 9 G -126.871872 49.194550 -111.352577 2.150000 0.000000 0.000000
420000 10 P -131.322174 50.426704 -107.481964 2.110000 -1.000000 0.000000
420000 11 S -132.016479 53.483932 -109.524300 1.800000 0.000000 0.000000
420000 12 C -131.441330 52.242920 -112.616257 2.150000 0.000000 0.000000
420000 13 P -135.570557 52.617523 -108.473145 2.110000 -1.000000 0.000000
420000 14 S -137.252701 53.711235 -111.558998 1.800000 0.000000 0.000000
420000 15 G -135.785202 50.939079 -113.106651 2.150000 0.000000 0.000000
420000 16 P -140.402664 51.689724 -110.337425 2.110000 -1.000000 0.000000
420000 17 S -141.309296 52.667038 -113.992363 1.800000 0.000000 0.000000
420000 18 C -144.629623 53.781193 -114.256088 2.150000 0.000000 0.000000
420000 19 P -142.974197 49.946236 -115.598946 2.110000 -1.000000 0.000000
420000 20 S -139.738144 50.310642 -117.694901 1.800000 0.000000 0.000000
420000 21 A -140.976868 52.668854 -120.360901 2.150000 0.000000 0.000000
420000 22 P -138.805725 47.437775 -120.290466 2.110000 -1.000000 0.000000
420000 23 S -138.592514 50.550095 -122.423996 1.800000 0.000000 0.000000
420000 24 A -135.776901 51.899498 -120.982864 2.150000 0.000000 0.000000
420000 25 P -136.843369 47.929996 -124.396149 2.110000 -1.000000 0.000000
420000 26 S -133.862747 50.331654 -124.182045 1.800000 0.000000 0.000000
420000 27 G -132.971695 49.113785 -120.931725 2.150000 0.000000 0.000000
420000 28 P -130.338516 49.476471 -125.151726 2.110000 -1.000000 0.000000
420000 29 S -129.235046 52.480335 -123.085999 1.800000 0.000000 0.000000
420000 30 C -129.583679 51.609417 -119.632187 2.150000 0.000000 0.000000
420000 31 P -126.117233 50.473793 -124.064743 2.110000 -1.000000 0.000000
420000 32 S -123.774467 51.178722 -121.276184 1.800000 0.000000 0.000000
420000 33 C -125.227165 48.846275 -119.603737 2.150000 0.000000 0.000000
420000 34 P -120.891617 48.931602 -122.609695 2.110000 -1.000000 0.000000
420000 35 S -119.845642 49.314171 -118.795044 1.800000 0.000000 0.000000
420000 36 U -122.155708 46.931244 -117.559090 2.150000 0.000000 0.000000
420000 37 P -117.422035 46.368229 -119.877769 2.110000 -1.000000 0.000000
425000 1 P -135.413651 36.404026 -106.675797 2.110000 -1.000000 1.000000
425000 2 S -132.969238 38.306343 -104.345627 1.800000 0.000000 0.000000
425000 3 G -132.021088 39.738132 -107.554512 2.150000 0.000000 0.000000
425000 4 P -135.591858 41.151253 -103.850037 2.110000 -1.000000 0.000000
425000 5 S -132.949081 43.574318 -102.916718 1.800000 0.000000 0.000000
425000 6 G -132.140976 44.578300 -106.277023 2.150000 0.000000 0.000000
425000 7 P -135.565094 46.250095 -102.948532 2.110000 -1.000000 0.000000
425000 8 S -132.515656 48.560387 -104.106682 1.800000 0.000000 0.000000
425000 9 G -131.907349 48.492424 -107.580368 2.150000 0.000000 0.000000
425000 10 P -136.080338 50.253334 -104.294426 2.110000 -1.000000 0.000000
425000 11 S -135.451019 52.754490 -107.065285 1.800000 0.000000 0.000000
425000 12 C -135.279480 50.499477 -109.572960 2.150000 0.000000 0.000000
425000 13 P -139.203781 53.005672 -107.329880 2.110000 -1.000000 0.000000
425000 14 S -140.081787 54.424316 -110.547493 1.800000 0.000000 0.000000
425000 15 G -138.966888 51.694241 -111.859360 2.150000 0.000000 0.000000
425000 16 P -143.168243 52.282207 -110.969360 2.110000 -1.000000 0.000000
425000 17 S -143.562332 52.140167 -114.632065 1.800000 0.000000 0.000000
425000 18 C -141.112259 50.649494 -116.365341 2.150000 0.000000 0.000000
425000 19 P -145.701263 49.023071 -115.246666 2.110000 -1.000000 0.000000
425000 20 S -142.794128 47.521030 -117.142281 1.800000 0.000000 0.000000
425000 21 A -141.450180 46.943413 -113.913063 2.150000 0.000000 0.000000
425000 22 P -142.298798 44.134109 -118.595291 2.110000 -1.000000 0.000000
425000 23 S -138.824722 45.239845 -119.888466 1.800000 0.000000 0.000000
425000 24 A -138.318161 45.876328 -116.386818 2.150000 0.000000 0.000000
425000 25 P -136.310074 42.542198 -121.053215 2.110000 -1.000000 0.000000
425000 26 S -133.200546 44.814987 -120.430870 1.800000 0.000000 0.000000
425000 27 G -134.207474 46.497002 -117.375664 2.150000 0.000000 0.000000
425000 28 P -129.707825 43.272671 -120.309639 2.110000 -1.000000 0.000000
425000 29 S -128.919891 46.536488 -118.767021 1.800000 0.000000 0.000000
425000 30 C -130.271729 45.423859 -115.603867 2.150000 0.000000 0.000000
425000 31 P -125.174088 45.923676 -118.233170 2.110000 -1.000000 0.000000
425000 32 S -124.588455 47.771484 -114.930756 1.800000 0.000000 0.000000
425000 33 C -127.037819 45.380520 -113.462173 2.150000 0.000000 0.000000
425000 34 P -121.572327 45.511982 -114.469528 2.110000 -1.000000 0.000000
425000 35 S -120.993126 44.652668 -110.700363 1.800000 0.000000 0.000000
425000 36 U -123.794991 42.839577 -110.875954 2.150000 0.000000 0.000000
425000 37 P -118.430893 42.003807 -110.635185 2.110000 -1.000000 0.000000
430000 1 P -138.970078 28.038866 -100.382675 2.110000 -1.000000 1.000000
430000 2 S -135.570801 28.921921 -99.087936 1.800000 0.000000 0.000000
430000 3 G -134.424301 29.688841 -102.217148 2.150000 0.000000 0.000000
430000 4 P -137.489532 32.054214 -98.560242 2.110000 -1.000000 0.000000
430000 5 S -134.179489 33.843834 -98.734772 1.800000 0.000000 0.000000
430000 6 G -133.242752 33.737881 -102.024330 2.150000 0.000000 0.000000
430000 7 P -136.624420 37.056744 -98.833611 2.110000 -1.000000 0.000000
430000 8 S -134.079300 39.326618 -100.336838 1.800000 0.000000 0.000000
430000 9 G -133.849686 37.703316 -103.425461 2.150000 0.000000 0.000000
430000 10 P -137.356461 41.522106 -100.534500 2.110000 -1.000000 0.000000
430000 11 S -135.289230 43.632042 -103.177719 1.800000 0.000000 0.000000
430000 12 C -133.680161 41.588974 -105.972992 2.150000 0.000000 0.000000
430000 13 P -138.621262 44.853188 -104.268219 2.110000 -1.000000 0.000000
430000 14 S -137.386917 47.373940 -106.758865 1.800000 0.000000 0.000000
430000 15 G -136.991760 43.987270 -107.699333 2.150000 0.000000 0.000000
430000 16 P -140.790054 46.578217 -108.015533 2.110000 -1.000000 0.000000
430000 17 S -140.285492 47.576744 -111.828667 1.800000 0.000000 0.000000
430000 18 C -137.943130 45.249020 -112.297783 2.150000 0.000000 0.000000
430000 19 P -143.410904 45.163345 -111.744255 2.110000 -1.000000 0.000000
430000 20 S -141.823654 43.513477 -114.877449 1.800000 0.000000 0.000000
430000 21 A -144.190353 43.611767 -117.199951 2.150000 0.000000 0.000000
430000 22 P -142.108246 39.824036 -114.395790 2.110000 -1.000000 0.000000
430000 23 S -140.024887 39.673279 -117.637314 1.800000 0.000000 0.000000
430000 24 A -136.788071 41.125805 -117.155357 2.150000 0.000000 0.000000
430000 25 P -138.769058 36.150322 -117.810463 2.110000 -1.000000 0.000000
430000 26 S -135.601807 38.059219 -117.435364 1.800000 0.000000 0.000000
430000 27 G -136.484589 38.858776 -114.072098 2.150000 0.000000 0.000000
430000 28 P -132.613449 35.742222 -117.001343 2.110000 -1.000000 0.000000
430000 29 S -130.403793 37.876144 -114.866547 1.800000 0.000000 0.000000
430000 30 C -132.341705 36.827251 -112.160820 2.150000 0.000000 0.000000
430000 31 P -128.730759 34.430321 -115.246361 2.110000 -1.000000 0.000000
430000 32 S -126.521484 33.885452 -111.975990 1.800000 0.000000 0.000000
430000 33 C -129.168610 33.252731 -110.006546 2.150000 0.000000 0.000000
430000 34 P -125.316109 30.431076 -112.501938 2.110000 -1.000000 0.000000
430000 35 S -124.761024 29.088934 -108.966827 1.800000 0.000000 0.000000
430000 36 U -128.219498 29.499617 -108.821922 2.150000 0.000000 0.000000
430000 37 P -124.443329 25.424250 -109.422325 2.110000 -1.000000 0.000000
435000 1 P -134.852310 33.895237 -105.768478 2.110000 -1.000000 1.000000
435000 2 S -131.543671 33.968636 -103.748344 1.800000 0.000000 0.000000
435000 3 G -128.974686 35.145424 -105.835655 2.150000 0.000000 0.000000
435000 4 P -132.313858 37.577110 -102.942505 2.110000 -1.000000 0.000000
435000 5 S -128.749985 37.908703 -101.996704 1.800000 0.000000 0.000000
435000 6 G -126.744858 38.980602 -104.589333 2.150000 0.000000 0.000000
435000 7 P -130.345291 41.433006 -102.176643 2.110000 -1.000000 0.000000
435000 8 S -127.456360 43.841148 -103.293869 1.800000 0.000000 0.000000
435000 9 G -127.864151 42.489670 -106.614632 2.150000 0.000000 0.000000
435000 10 P -130.166260 46.148369 -103.508705 2.110000 -1.000000 0.000000
435000 11 S -129.208984 48.823349 -106.023048 1.800000 0.000000 0.000000
435000 12 C -128.887634 46.131588 -108.450066 2.150000 0.000000 0.000000
435000 13 P -132.899353 49.767567 -106.605034 2.110000 -1.000000 0.000000
435000 14 S -133.484146 50.687515 -110.188789 1.800000 0.000000 0.000000
435000 15 G -132.756363 47.331593 -110.514809 2.150000 0.000000 0.000000
435000 16 P -137.400009 50.076420 -109.752861 2.110000 -1.000000 0.000000
435000 17 S -137.451782 50.813477 -113.567337 1.800000 0.000000 0.000000
435000 18 C -140.054611 53.138893 -114.305420 2.150000 0.000000 0.000000
435000 19 P -139.567230 47.898613 -115.025223 2.110000 -1.000000 0.000000
435000 20 S -137.548141 48.032093 -118.354195 1.800000 0.000000 0.000000
435000 21 A -135.033707 48.078178 -115.895393 2.150000 0.000000 0.000000
435000 22 P -137.387650 44.139126 -119.201340 2.110000 -1.000000 0.000000
435000 23 S -133.658524 43.649494 -120.259224 1.800000 0.000000 0.000000
435000 24 A -132.491653 45.325993 -117.248878 2.150000 0.000000 0.000000
435000 25 P -133.000244 40.000019 -119.914864 2.110000 -1.000000 0.000000
435000 26 S -129.608231 41.744251 -119.962723 1.800000 0.000000 0.000000
435000 27 G -129.752594 42.218987 -116.453583 2.150000 0.000000 0.000000
435000 28 P -126.630188 39.374336 -120.475006 2.110000 -1.000000 0.000000
435000 29 S -124.727821 42.342899 -118.478287 1.800000 0.000000 0.000000
435000 30 C -125.649582 42.804153 -115.000191 2.150000 0.000000 0.000000
435000 31 P -121.314743 40.859844 -117.459473 2.110000 -1.000000 0.000000
435000 32 S -120.783684 42.855175 -114.309883 1.800000 0.000000 0.000000
435000 33 C -122.981514 43.073338 -111.728836 2.150000 0.000000 0.000000
435000 34 P -118.368698 40.635448 -112.175346 2.110000 -1.000000 0.000000
435000 35 S -119.689079 42.370296 -109.151932 1.800000 0.000000 0.000000
435000 36 U -122.610008 40.081367 -108.701302 2.150000 0.000000 0.000000
435000 37 P -117.908173 39.227718 -107.981979 2.110000 -1.000000 0.000000
440000 1 P -131.670425 41.554737 -103.678825 2.110000 -1.000000 1.000000
440000 2 S -128.097214 41.674706 -102.220772 1.800000 0.000000 0.000000
440000 3 G -127.164467 41.462162 -105.591835 2.150000 0.000000 0.000000
440000 4 P -129.107559 45.288113 -101.992531 2.110000 -1.000000 0.000000
440000 5 S -125.562660 46.608368 -102.228065 1.800000 0.000000 0.000000
440000 6 G -125.399773 45.952305 -105.779343 2.150000 0.000000 0.000000
440000 7 P -127.226227 49.834435 -103.145889 2.110000 -1.000000 0.000000
440000 8 S -125.163658 51.865223 -105.603409 1.800000 0.000000 0.000000
440000 9 G -124.898186 49.481842 -108.016586 2.150000 0.000000 0.000000
440000 10 P -128.718109 52.759502 -104.952103 2.110000 -1.000000 0.000000
440000 11 S -128.829208 54.285271 -108.394684 1.800000 0.000000 0.000000
440000 12 C -128.274826 51.407619 -110.417778 2.150000 0.000000 0.000000
440000 13 P -132.747925 53.693527 -108.016098 2.110000 -1.000000 0.000000
440000 14 S -132.279205 52.123413 -111.410484 1.800000 0.000000 0.000000
440000 15 G -134.321518 54.244961 -113.455177 2.150000 0.000000 0.000000
440000 16 P -135.315750 49.829224 -111.648323 2.110000 -1.000000 0.000000
440000 17 S -137.426865 51.700050 -114.238411 1.800000 0.000000 0.000000
440000 18 C -135.554550 52.795601 -117.040161 2.150000 0.000000 0.000000
440000 19 P -138.855347 48.364140 -115.120003 2.110000 -1.000000 0.000000
440000 20 S -138.833511 49.242943 -118.782593 1.800000 0.000000 0.000000
440000 21 A -135.472443 49.039772 -118.468880 2.150000 0.000000 0.000000
440000 22 P -138.813477 45.631268 -118.564384 2.110000 -1.000000 0.000000
440000 23 S -135.291687 45.102730 -119.985054 1.800000 0.000000 0.000000
440000 24 A -134.847275 45.614590 -116.514214 2.150000 0.000000 0.000000
440000 25 P -132.924316 42.013992 -119.744301 2.110000 -1.000000 0.000000
440000 26 S -130.413437 44.862572 -120.345871 1.800000 0.000000 0.000000
440000 27 G -130.621902 45.142548 -116.739189 2.150000 0.000000 0.000000
440000 28 P -127.366409 42.508545 -120.036270 2.110000 -1.000000 0.000000
440000 29 S -124.523521 44.994816 -119.396919 1.800000 0.000000 0.000000
440000 30 C -124.948471 45.792446 -116.044434 2.150000 0.000000 0.000000
440000 31 P -122.313736 42.101028 -118.539734 2.110000 -1.000000 0.000000
440000 32 S -120.095642 44.582943 -116.749870 1.800000 0.000000 0.000000
440000 33 C -121.419807 45.089058 -113.602585 2.150000 0.000000 0.000000
440000 34 P -118.386322 40.930794 -116.161552 2.110000 -1.000000 0.000000
440000 35 S -116.926773 41.582832 -112.761215 1.800000 0.000000 0.000000
440000 36 U -120.158607 41.132950 -111.264313 2.150000 0.000000 0.000000
440000 37 P -115.878014 37.986073 -111.831970 2.110000 -1.000000 0.000000
445000 1 P -128.583298 29.595480 -99.065872 2.110000 -1.000000 1.000000
445000 2 S -125.499962 30.482170 -97.315140 1.800000 0.000000 0.000000
445000 3 G -124.082382 31.673752 -100.399406 2.150000 0.000000 0.000000
445000 4 P -126.300446 34.243507 -96.580162 2.110000 -1.000000 0.000000
445000 5 S -122.938385 35.884918 -96.628922 1.800000 0.000000 0.000000
445000 6 G -122.031807 35.014709 -99.928932 2.150000 0.000000 0.000000
445000 7 P -125.193504 38.877033 -97.077637 2.110000 -1.000000 0.000000
445000 8 S -123.557930 41.766430 -98.867691 1.800000 0.000000 0.000000
445000 9 G -123.297333 39.545593 -101.535461 2.150000 0.000000 0.000000
445000 10 P -126.824593 43.241936 -99.621124 2.110000 -1.000000 0.000000
445000 11 S -126.858719 46.107494 -102.025177 1.800000 0.000000 0.000000
445000 12 C -126.481369 43.606102 -104.487022 2.150000 0.000000 0.000000
445000 13 P -130.485977 46.690369 -103.315529 2.110000 -1.000000 0.000000
445000 14 S -128.637268 48.187660 -106.309853 1.800000 0.000000 0.000000
445000 15 G -126.621872 45.932030 -108.058151 2.150000 0.000000 0.000000
445000 16 P -131.919403 47.703262 -108.372307 2.110000 -1.000000 0.000000
445000 17 S -131.466812 50.775818 -110.701408 1.800000 0.000000 0.000000
445000 18 C -128.520187 49.112484 -111.363289 2.150000 0.000000 0.000000
445000 19 P -134.007050 47.985779 -111.918251 2.110000 -1.000000 0.000000
445000 20 S -133.871780 47.482037 -115.595917 1.800000 0.000000 0.000000
445000 21 A -130.491196 47.933228 -114.567085 2.150000 0.000000 0.000000
445000 22 P -133.729416 43.693214 -116.575134 2.110000 -1.000000 0.000000
445000 23 S -130.187805 43.764812 -117.847755 1.800000 0.000000 0.000000
445000 24 A -129.260834 43.589085 -114.490967 2.150000 0.000000 0.000000
445000 25 P -128.302124 40.428772 -117.820267 2.110000 -1.000000 0.000000
445000 26 S -124.896049 41.715092 -116.505714 1.800000 0.000000 0.000000
445000 27 G -124.829758 43.310703 -113.391296 2.150000 0.000000 0.000000
445000 28 P -122.439438 38.987850 -115.421478 2.110000 -1.000000 0.000000
445000 29 S -120.225800 40.708801 -113.078011 1.800000 0.000000 0.000000
445000 30 C -122.722900 39.965332 -110.604301 2.150000 0.000000 0.000000
445000 31 P -118.229828 37.593594 -112.948982 2.110000 -1.000000 0.000000
445000 32 S -116.091896 38.491211 -109.829285 1.800000 0.000000 0.000000
445000 33 C -118.684700 38.296963 -107.355286 2.150000 0.000000 0.000000
445000 34 P -114.750511 34.955914 -109.512169 2.110000 -1.000000 0.000000
445000 35 S -113.895302 35.132870 -105.983360 1.800000 0.000000 0.000000
445000 36 U -116.261642 34.870094 -103.485893 2.150000 0.000000 0.000000
445000 37 P -112.544258 31.566872 -105.671448 2.110000 -1.000000 0.000000
450000 1 P -124.326492 35.604004 -102.398354 2.110000 -1.000000 1.000000
450000 2 S -121.181091 36.616295 -100.311188 1.800000 0.000000 0.000000
450000 3 G -118.994370 37.497143 -102.730171 2.150000 0.000000 0.000000
450000 4 P -122.274651 40.025608 -99.716003 2.110000 -1.000000 0.000000
450000 5 S -119.938950 42.562866 -100.874474 1.800000 0.000000 0.000000
450000 6 G -120.709450 42.097301 -104.188026 2.150000 0.000000 0.000000
450000 7 P -123.008148 44.701855 -100.776382 2.110000 -1.000000 0.000000
450000 8 S -121.244644 47.480541 -102.552917 1.800000 0.000000 0.000000
450000 9 G -121.284462 45.857174 -105.717964 2.150000 0.000000 0.000000
450000 10 P -125.058731 48.196499 -102.539520 2.110000 -1.000000 0.000000
450000 11 S -126.370628 50.397781 -105.410156 1.800000 0.000000 0.000000
450000 12 C -124.626579 48.615360 -107.954147 2.150000 0.000000 0.000000
450000 13 P -130.004044 49.574272 -106.011993 2.110000 -1.000000 0.000000
450000 14 S -130.480072 51.775112 -109.181778 1.800000 0.000000 0.000000
450000 15 G -128.346619 49.669659 -110.690018 2.150000 0.000000 0.000000
450000 16 P -133.469635 49.663330 -110.170006 2.110000 -1.000000 0.000000
450000 17 S -133.707352 51.039078 -113.781693 1.800000 0.000000 0.000000
450000 18 C -130.513153 50.261990 -114.685631 2.150000 0.000000 0.000000
450000 19 P -135.405853 47.859951 -114.542099 2.110000 -1.000000 0.000000
450000 20 S -133.250870 47.003231 -117.317146 1.800000 0.000000 0.000000
450000 21 A -134.522766 48.685749 -120.065704 2.150000 0.000000 0.000000
450000 22 P -132.625351 43.422066 -119.057747 2.110000 -1.000000 0.000000
450000 23 S -129.136429 44.941898 -119.654732 1.800000 0.000000 0.000000
450000 24 A -128.075882 44.938839 -116.487541 2.150000 0.000000 0.000000
450000 25 P -126.449135 42.217426 -120.070320 2.110000 -1.000000 0.000000
450000 26 S -123.811363 44.991070 -119.769722 1.800000 0.000000 0.000000
450000 27 G -123.967697 45.352245 -116.182671 2.150000 0.000000 0.000000
450000 28 P -120.776665 42.688843 -119.613281 2.110000 -1.000000 0.000000
450000 29 S -118.963463 45.400433 -117.565811 1.800000 0.000000 0.000000
450000 30 C -119.979736 45.674747 -114.425903 2.150000 0.000000 0.000000
450000 31 P -116.203209 42.765797 -117.214203 2.110000 -1.000000 0.000000
450000 32 S -114.457069 44.563770 -114.242233 1.800000 0.000000 0.000000
450000 33 C -116.993523 42.745029 -112.540863 2.150000 0.000000 0.000000
450000 34 P -111.511375 41.900696 -113.664536 2.110000 -1.000000 0.000000
450000 35 S -110.120216 41.954983 -110.080589 1.800000 0.000000 0.000000
450000 36 U -112.457016 40.087379 -108.564011 2.150000 0.000000 0.000000
450000 37 P -107.636528 39.136147 -109.700493 2.110000 -1.000000 0.000000
455000 1 P -117.513184 45.715260 -96.952217 2.110000 -1.000000 1.000000
455000 2 S -116.699562 49.128220 -95.662895 1.800000 0.000000 0.000000
455000 3 G -114.492981 50.713512 -97.804810 2.150000 0.000000 0.000000
455000 4 P -119.593735 51.425152 -95.310455 2.110000 -1.000000 0.000000
455000 5 S -117.574142 54.479153 -96.318642 1.800000 0.000000 0.000000
455000 6 G -117.492859 53.622787 -99.538452 2.150000 0.000000 0.000000
455000 7 P -120.988747 55.887608 -96.257416 2.110000 -1.000000 0.000000
455000 8 S -120.702133 57.807362 -99.665085 1.800000 0.000000 0.000000
455000 9 G -120.785828 54.939171 -101.533386 2.150000 0.000000 0.000000
455000 10 P -124.345352 58.050095 -98.604713 2.110000 -1.000000 0.000000
455000 11 S -125.565392 57.824047 -102.333725 1.800000 0.000000 0.000000
455000 12 C -124.942101 54.271503 -102.469627 2.150000 0.000000 0.000000
455000 13 P -129.057297 57.200779 -101.385063 2.110000 -1.000000 0.000000
455000 14 S -129.274155 55.469532 -104.713661 1.800000 0.000000 0.000000
455000 15 G -129.979660 58.760902 -105.779503 2.150000 0.000000 0.000000
455000 16 P -132.162949 53.590332 -105.061050 2.110000 -1.000000 0.000000
455000 17 S -129.649841 50.762768 -105.162537 1.800000 0.000000 0.000000
455000 18 C -128.154434 51.398972 -101.990341 2.150000 0.000000 0.000000
455000 19 P -130.961166 47.142017 -105.390549 2.110000 -1.000000 0.000000
455000 20 S -128.426865 46.617153 -108.126495 1.800000 0.000000 0.000000
455000 21 A -126.887932 46.328476 -104.987991 2.150000 0.000000 0.000000
455000 22 P -127.263756 43.228249 -109.271210 2.110000 -1.000000 0.000000
455000 23 S -124.075989 44.789070 -108.565025 1.800000 0.000000 0.000000
455000 24 A -125.167282 41.694771 -106.971779 2.150000 0.000000 0.000000
455000 25 P -120.787697 42.950169 -109.240280 2.110000 -1.000000 0.000000
455000 26 S -120.001419 46.424732 -110.509399 1.800000 0.000000 0.000000
455000 27 G -120.585426 48.211216 -107.834129 2.150000 0.000000 0.000000
455000 28 P -116.339333 46.605381 -111.585030 2.110000 -1.000000 0.000000
455000 29 S -116.066910 50.303772 -111.933098 1.800000 0.000000 0.000000
455000 30 C -116.601044 50.586800 -108.486557 2.150000 0.000000 0.000000
455000 31 P -112.407776 50.820152 -112.216965 2.110000 -1.000000 0.000000
455000 32 S -112.164864 54.176136 -110.557838 1.800000 0.000000 0.000000
455000 33 C -113.078674 53.458332 -107.364670 2.150000 0.000000 0.000000
455000 34 P -108.711838 55.109837 -109.361229 2.110000 -1.000000 0.000000
455000 35 S -108.647018 57.120975 -106.156296 1.800000 0.000000 0.000000
455000 36 U -109.345490 54.951508 -103.628738 2.150000 0.000000 0.000000
455000 37 P -104.792343 56.646778 -106.016098 2.110000 -1.000000 0.000000
460000 1 P -112.402573 35.816601 -98.058998 2.110000 -1.000000 1.000000
460000 2 S -110.414772 38.671864 -96.786568 1.800000 0.000000 0.000000
460000 3 G -110.342354 41.350658 -98.902718 2.150000 0.000000 0.000000
460000 4 P -113.725235 40.314541 -95.753014 2.110000 -1.000000 0.000000
460000 5 S -112.369293 43.658176 -97.034378 1.800000 0.000000 0.000000
460000 6 G -113.330864 43.877796 -100.327179 2.150000 0.000000 0.000000
460000 7 P -115.538872 45.737419 -96.590088 2.110000 -1.000000 0.000000
460000 8 S -114.521645 48.727875 -98.644127 1.800000 0.000000 0.000000
460000 9 G -114.229576 47.497345 -101.936378 2.150000 0.000000 0.000000
460000 10 P -118.244324 49.960140 -98.688446 2.110000 -1.000000 0.000000
460000 11 S -119.146866 52.328957 -101.632156 1.800000 0.000000 0.000000
460000 12 C -118.365410 49.931435 -104.031265 2.150000 0.000000 0.000000
460000 13 P -122.640785 50.960201 -100.634048 2.110000 -1.000000 0.000000
460000 14 S -125.117294 50.733349 -103.538864 1.800000 0.000000 0.000000
460000 15 G -124.423012 48.071331 -105.815605 2.150000 0.000000 0.000000
460000 16 P -127.554893 48.188351 -101.851807 2.110000 -1.000000 0.000000
460000 17 S -128.734528 47.254818 -105.456535 1.800000 0.000000 0.000000
460000 18 C -130.926102 49.542145 -104.677460 2.150000 0.000000 0.000000
460000 19 P -130.904907 44.286049 -105.594620 2.110000 -1.000000 0.000000
460000 20 S -128.325256 42.919586 -107.926125 1.800000 0.000000 0.000000
460000 21 A -127.376549 41.987053 -104.708710 2.150000 0.000000 0.000000
460000 22 P -127.917122 39.337765 -109.643288 2.110000 -1.000000 0.000000
460000 23 S -125.089241 41.135014 -111.485260 1.800000 0.000000 0.000000
460000 24 A -125.655754 39.792465 -114.522339 2.150000 0.000000 0.000000
460000 25 P -121.857666 39.281452 -111.931458 2.110000 -1.000000 0.000000
460000 26 S -120.608772 42.295601 -113.892868 1.800000 0.000000 0.000000
460000 27 G -120.749924 45.314537 -111.802803 2.150000 0.000000 0.000000
460000 28 P -117.099632 42.013027 -114.490822 2.110000 -1.000000 0.000000
460000 29 S -115.896278 45.540771 -114.082916 1.800000 0.000000 0.000000
460000 30 C -116.270187 47.200821 -110.824768 2.150000 0.000000 0.000000
460000 31 P -111.956886 45.128220 -114.128464 2.110000 -1.000000 0.000000
460000 32 S -111.591263 48.128254 -111.644394 1.800000 0.000000 0.000000
460000 33 C -112.213905 46.727879 -108.585922 2.150000 0.000000 0.000000
460000 34 P -107.961708 47.117252 -111.665833 2.110000 -1.000000 0.000000
460000 35 S -105.973450 47.875309 -108.537575 1.800000 0.000000 0.000000
460000 36 U -108.318863 45.753281 -106.747879 2.150000 0.000000 0.000000
460000 37 P -103.133522 45.666618 -109.407684 2.110000 -1.000000 0.000000
465000 1 P -117.013939 39.605469 -91.190651 2.110000 -1.000000 1.000000
465000 2 S -113.947990 41.470650 -90.204330 1.800000 0.000000 0.000000
465000 3 G -112.515427 41.580429 -93.671944 2.150000 0.000000 0.000000
465000 4 P -116.191391 44.596329 -90.558029 2.110000 -1.000000 0.000000
465000 5 S -113.647728 47.367821 -91.367249 1.800000 0.000000 0.000000
465000 6 G -113.551674 45.762295 -94.560730 2.150000 0.000000 0.000000
465000 7 P -117.309181 48.947891 -91.775955 2.110000 -1.000000 0.000000
465000 8 S -116.568787 51.380875 -94.705803 1.800000 0.000000 0.000000
465000 9 G -116.381966 49.911423 -97.697067 2.150000 0.000000 0.000000
465000 10 P -120.284470 51.132542 -93.818054 2.110000 -1.000000 0.000000
465000 11 S -121.411018 52.004108 -97.324448 1.800000 0.000000 0.000000
465000 12 C -121.596924 48.961830 -98.638138 2.150000 0.000000 0.000000
465000 13 P -125.292068 51.184959 -96.868614 2.110000 -1.000000 0.000000
465000 14 S -125.356941 50.792889 -100.736900 1.800000 0.000000 0.000000
465000 15 G -126.386421 54.149475 -100.088638 2.150000 0.000000 0.000000
465000 16 P -128.728424 49.429676 -101.851410 2.110000 -1.000000 0.000000
465000 17 S -127.333694 46.900089 -104.295876 1.800000 0.000000 0.000000
465000 18 C -125.231949 45.338062 -102.024323 2.150000 0.000000 0.000000
465000 19 P -129.743195 43.802319 -104.507584 2.110000 -1.000000 0.000000
465000 20 S -126.259735 42.579552 -104.921600 1.800000 0.000000 0.000000
465000 21 A -126.635963 41.575947 -101.648735 2.150000 0.000000 0.000000
465000 22 P -125.140198 39.273911 -105.868515 2.110000 -1.000000 0.000000
465000 23 S -122.081932 41.094177 -107.087090 1.800000 0.000000 0.000000
465000 24 A -121.303436 42.219318 -103.803238 2.150000 0.000000 0.000000
465000 25 P -118.878044 39.088146 -107.732201 2.110000 -1.000000 0.000000
465000 26 S -117.406807 42.657543 -107.940102 1.800000 0.000000 0.000000
465000 27 G -117.132294 42.891411 -104.523415 2.150000 0.000000 0.000000
465000 28 P -113.809494 41.451794 -108.303017 2.110000 -1.000000 0.000000
465000 29 S -112.442924 45.041309 -108.063606 1.800000 0.000000 0.000000
465000 30 C -113.534271 45.561604 -104.900696 2.150000 0.000000 0.000000
465000 31 P -109.030724 43.432194 -107.509079 2.110000 -1.000000 0.000000
465000 32 S -107.342621 45.851162 -105.025093 1.800000 0.000000 0.000000
465000 33 C -109.049187 44.985771 -102.203964 2.150000 0.000000 0.000000
465000 34 P -104.416771 43.648796 -104.810448 2.110000 -1.000000 0.000000
465000 35 S -103.714622 44.266792 -100.999245 1.800000 0.000000 0.000000
465000 36 U -106.342026 42.462563 -99.581795 2.150000 0.000000 0.000000
465000 37 P -101.526680 41.366463 -100.195107 2.110000 -1.000000 0.000000
470000 1 P -133.473480 30.808798 -94.322182 2.110000 -1.000000 1.000000
470000 2 S -129.909225 31.512703 -92.986374 1.800000 0.000000 0.000000
470000 3 G -128.399139 31.666775 -96.094208 2.150000 0.000000 0.000000
470000 4 P -130.096085 35.307159 -92.441429 2.110000 -1.000000 0.000000
470000 5 S -126.636230 37.170639 -92.362976 1.800000 0.000000 0.000000
470000 6 G -125.674049 36.333138 -95.673149 2.150000 0.000000 0.000000
470000 7 P -129.131058 40.241646 -92.906586 2.110000 -1.000000 0.000000
470000 8 S -126.605797 42.434101 -94.402107 1.800000 0.000000 0.000000
470000 9 G -126.018692 41.200939 -97.568153 2.150000 0.000000 0.000000
470000 10 P -129.899933 44.256172 -95.406738 2.110000 -1.000000 0.000000
470000 11 S -128.630859 46.936878 -97.868935 1.800000 0.000000 0.000000
470000 12 C -127.859848 44.785030 -100.783340 2.150000 0.000000 0.000000
470000 13 P -132.013474 47.706173 -98.845612 2.110000 -1.000000 0.000000
470000 14 S -131.870468 46.848389 -102.618279 1.800000 0.000000 0.000000
470000 15 G -131.860703 43.351246 -102.588814 2.150000 0.000000 0.000000
470000 16 P -135.382996 46.686687 -102.668045 2.110000 -1.000000 0.000000
470000 17 S -135.172882 47.566792 -106.650299 1.800000 0.000000 0.000000
470000 18 C -136.279495 50.742435 -105.819756 2.150000 0.000000 0.000000
470000 19 P -138.370377 45.923889 -106.652946 2.110000 -1.000000 0.000000
470000 20 S -136.171661 45.232418 -109.801178 1.800000 0.000000 0.000000
470000 21 A -133.526245 43.664619 -107.660187 2.150000 0.000000 0.000000
470000 22 P -136.831024 41.757381 -111.047798 2.110000 -1.000000 0.000000
470000 23 S -133.121796 42.055096 -111.050552 1.800000 0.000000 0.000000
470000 24 A -132.340439 39.887203 -108.131027 2.150000 0.000000 0.000000
470000 25 P -132.275543 38.725521 -112.438782 2.110000 -1.000000 0.000000
470000 26 S -128.849228 40.032249 -111.794846 1.800000 0.000000 0.000000
470000 27 G -128.400070 42.490513 -109.156387 2.150000 0.000000 0.000000
470000 28 P -126.175247 37.450596 -110.994545 2.110000 -1.000000 0.000000
470000 29 S -124.242470 40.285843 -109.539505 1.800000 0.000000 0.000000
470000 30 C -125.132675 41.188900 -106.320663 2.150000 0.000000 0.000000
470000 31 P -121.316177 38.186131 -108.555122 2.110000 -1.000000 0.000000
470000 32 S -119.823357 39.653442 -105.350372 1.800000 0.000000 0.000000
470000 33 C -122.602325 39.097252 -103.338074 2.150000 0.000000 0.000000
470000 34 P -118.404930 36.224388 -104.961258 2.110000 -1.000000 0.000000
470000 35 S -118.271759 36.439426 -101.252831 1.800000 0.000000 0.000000
470000 36 U -121.724983 35.594677 -101.067719 2.150000 0.000000 0.000000
470000 37 P -117.334976 32.741879 -101.110489 2.110000 -1.000000 0.000000
475000 1 P -132.538132 28.311510 -88.547707 2.110000 -1.000000 1.000000
475000 2 S -130.198776 30.093410 -86.154716 1.800000 0.000000 0.000000
475000 3 G -127.379707 30.469992 -87.993721 2.150000 0.000000 0.000000
475000 4 P -131.827835 33.356518 -86.818359 2.110000 -1.000000 0.000000
475000 5 S -128.625427 35.476654 -86.535088 1.800000 0.000000 0.000000
475000 6 G -127.606674 34.071175 -89.703423 2.150000 0.000000 0.000000
475000 7 P -130.755707 38.542286 -87.724060 2.110000 -1.000000 0.000000
475000 8 S -127.718559 41.082237 -88.282127 1.800000 0.000000 0.000000
475000 9 G -127.212891 39.732944 -91.425323 2.150000 0.000000 0.000000
475000 10 P -131.160126 42.538300 -89.602272 2.110000 -1.000000 0.000000
475000 11 S -129.896820 45.355984 -91.885094 1.800000 0.000000 0.000000
475000 12 C -127.813271 43.502739 -94.123245 2.150000 0.000000 0.000000
475000 13 P -133.537888 44.557240 -92.613014 2.110000 -1.000000 0.000000
475000 14 S -133.150131 46.397423 -95.739418 1.800000 0.000000 0.000000
475000 15 G -130.540680 44.796761 -97.365829 2.150000 0.000000 0.000000
475000 16 P -136.354767 45.088779 -97.219826 2.110000 -1.000000 0.000000
475000 17 S -135.361389 44.546936 -101.081299 1.800000 0.000000 0.000000
475000 18 C -132.586563 42.894241 -100.329285 2.150000 0.000000 0.000000
475000 19 P -137.327942 41.685856 -102.600891 2.110000 -1.000000 0.000000
475000 20 S -134.131683 41.051521 -104.484413 1.800000 0.000000 0.000000
475000 21 A -133.569733 39.191860 -101.592590 2.150000 0.000000 0.000000
475000 22 P -133.582397 37.802486 -106.087814 2.110000 -1.000000 0.000000
475000 23 S -129.936905 38.804539 -105.468361 1.800000 0.000000 0.000000
475000 24 A -129.155991 38.415287 -102.176292 2.150000 0.000000 0.000000
475000 25 P -127.871017 35.629272 -105.691154 2.110000 -1.000000 0.000000
475000 26 S -125.054489 37.954517 -104.781113 1.800000 0.000000 0.000000
475000 27 G -125.339523 39.421806 -101.870445 2.150000 0.000000 0.000000
475000 28 P -122.740158 35.049091 -103.938271 2.110000 -1.000000 0.000000
475000 29 S -120.899010 36.885006 -101.339523 1.800000 0.000000 0.000000
475000 30 C -123.715569 37.151241 -99.362457 2.150000 0.000000 0.000000
475000 31 P -119.253334 33.569328 -100.709396 2.110000 -1.000000 0.000000
475000 32 S -117.997093 33.643349 -96.968552 1.800000 0.000000 0.000000
475000 33 C -120.883888 32.963493 -95.359093 2.150000 0.000000 0.000000
475000 34 P -116.920380 29.842505 -96.626221 2.110000 -1.000000 0.000000
475000 35 S -116.015266 30.120363 -92.984154 1.800000 0.000000 0.000000
475000 36 U -119.210022 30.846201 -91.539085 2.150000 0.000000 0.000000
475000 37 P -116.766563 26.672407 -91.820023 2.110000 -1.000000 0.000000
480000 1 P -132.861816 32.859375 -98.176834 2.110000 -1.000000 1.000000
480000 2 S -132.137207 33.991253 -94.722115 1.800000 0.000000 0.000000
480000 3 G -129.001236 35.317436 -95.316589 2.150000 0.000000 0.000000
480000 4 P -133.736038 37.416847 -95.249382 2.110000 -1.000000 0.000000
480000 5 S -131.550873 39.413734 -92.796463 1.800000 0.000000 0.000000
480000 6 G -128.569138 39.187836 -94.952454 2.150000 0.000000 0.000000
480000 7 P -133.692337 42.238411 -93.788292 2.110000 -1.000000 0.000000
480000 8 S -131.001373 45.048447 -93.350510 1.800000 0.000000 0.000000
480000 9 G -128.834518 43.626965 -95.927986 2.150000 0.000000 0.000000
480000 10 P -134.251877 46.226879 -95.285347 2.110000 -1.000000 0.000000
480000 11 S -132.733688 47.750561 -98.399788 1.800000 0.000000 0.000000
480000 12 C -131.773117 44.665939 -99.882896 2.150000 0.000000 0.000000
480000 13 P -135.459396 47.936752 -100.821686 2.110000 -1.000000 0.000000
480000 14 S -133.194656 48.288670 -103.656921 1.800000 0.000000 0.000000
480000 15 G -133.235489 51.642555 -104.682190 2.150000 0.000000 0.000000
480000 16 P -135.990982 46.977585 -105.954338 2.110000 -1.000000 0.000000
480000 17 S -132.625183 46.052700 -107.616707 1.800000 0.000000 0.000000
480000 18 C -132.099503 43.513847 -105.553741 2.150000 0.000000 0.000000
480000 19 P -133.786987 43.284008 -109.931076 2.110000 -1.000000 0.000000
480000 20 S -130.017471 43.814533 -109.846481 1.800000 0.000000 0.000000
480000 21 A -129.111938 44.422512 -113.068619 2.150000 0.000000 0.000000
480000 22 P -128.577103 40.338005 -110.867859 2.110000 -1.000000 0.000000
480000 23 S -125.144318 40.765663 -109.489563 1.800000 0.000000 0.000000
480000 24 A -127.597893 41.110226 -106.905327 2.150000 0.000000 0.000000
480000 25 P -123.662132 37.341774 -108.664963 2.110000 -1.000000 0.000000
480000 26 S -122.293518 39.379959 -105.854805 1.800000 0.000000 0.000000
480000 27 G -124.399979 40.316944 -103.114059 2.150000 0.000000 0.000000
480000 28 P -119.534393 37.720692 -103.958351 2.110000 -1.000000 0.000000
480000 29 S -118.539871 40.993866 -102.131500 1.800000 0.000000 0.000000
480000 30 C -121.477684 40.763355 -100.465408 2.150000 0.000000 0.000000
480000 31 P -116.333748 38.388432 -100.367447 2.110000 -1.000000 0.000000
480000 32 S -116.620934 39.369995 -96.752838 1.800000 0.000000 0.000000
480000 33 C -119.871513 38.174316 -96.771873 2.150000 0.000000 0.000000
480000 34 P -115.099297 36.696056 -94.898186 2.110000 -1.000000 0.000000
480000 35 S -117.561462 37.086525 -92.040894 1.800000 0.000000 0.000000
480000 36 U -120.346581 35.412586 -93.340408 2.150000 0.000000 0.000000
480000 37 P -115.663589 34.119335 -90.406136 2.110000 -1.000000 0.000000
485000 1 P -134.654785 28.308992 -86.593796 2.110000 -1.000000 1.000000
485000 2 S -133.288193 27.635090 -83.078308 1.800000 0.000000 0.000000
485000 3 G -129.806595 27.599247 -83.348091 2.150000 0.000000 0.000000
485000 4 P -134.131119 31.536388 -82.889000 2.110000 -1.000000 0.000000
485000 5 S -131.349426 33.587307 -81.039307 1.800000 0.000000 0.000000
485000 6 G -129.193283 32.433475 -83.552422 2.150000 0.000000 0.000000
485000 7 P -133.444107 36.112293 -83.335609 2.110000 -1.000000 0.000000
485000 8 S -130.691727 38.693714 -83.918648 1.800000 0.000000 0.000000
485000 9 G -128.305298 36.823112 -85.642807 2.150000 0.000000 0.000000
485000 10 P -133.498901 39.480946 -86.046059 2.110000 -1.000000 0.000000
485000 11 S -131.029846 42.351627 -87.056534 1.800000 0.000000 0.000000
485000 12 C -128.308044 40.767872 -88.205017 2.150000 0.000000 0.000000
485000 13 P -133.926422 42.273857 -89.900986 2.110000 -1.000000 0.000000
485000 14 S -132.615662 45.527050 -91.506004 1.800000 0.000000 0.000000
485000 15 G -130.105652 43.524197 -92.615868 2.150000 0.000000 0.000000
485000 16 P -134.861069 45.287956 -94.382843 2.110000 -1.000000 0.000000
485000 17 S -131.721725 45.760769 -96.368317 1.800000 0.000000 0.000000
485000 18 C -131.978912 42.275665 -95.495621 2.150000 0.000000 0.000000
485000 19 P -131.652359 44.427315 -100.076035 2.110000 -1.000000 0.000000
485000 20 S -127.925499 44.092480 -99.831207 1.800000 0.000000 0.000000
485000 21 A -126.036270 45.703133 -102.189186 2.150000 0.000000 0.000000
485000 22 P -127.867905 41.210999 -102.180115 2.110000 -1.000000 0.000000
485000 23 S -124.636574 40.617710 -100.533562 1.800000 0.000000 0.000000
485000 24 A -126.118759 40.454662 -97.323624 2.150000 0.000000 0.000000
485000 25 P -123.379509 37.004322 -100.814934 2.110000 -1.000000 0.000000
485000 26 S -121.139336 37.307995 -97.781349 1.800000 0.000000 0.000000
485000 27 G -123.862610 37.537956 -95.641098 2.150000 0.000000 0.000000
485000 28 P -119.630859 34.157608 -96.633186 2.110000 -1.000000 0.000000
485000 29 S -118.920242 35.511856 -93.191826 1.800000 0.000000 0.000000
485000 30 C -121.785080 35.413685 -91.578278 2.150000 0.000000 0.000000
485000 31 P -117.403381 32.518990 -91.106163 2.110000 -1.000000 0.000000
485000 32 S -117.588493 33.823116 -87.605667 1.800000 0.000000 0.000000
485000 33 C -121.079269 32.968102 -87.740685 2.150000 0.000000 0.000000
485000 34 P -116.440216 30.307034 -86.143181 2.110000 -1.000000 0.000000
485000 35 S -118.059952 30.775946 -82.767532 1.800000 0.000000 0.000000
485000 36 U -121.217987 29.631121 -83.217941 2.150000 0.000000 0.000000
485000 37 P -117.017693 27.183573 -82.322670 2.110000 -1.000000 0.000000
490000 1 P -131.608322 24.698336 -89.529968 2.110000 -1.000000 1.000000
490000 2 S -131.347458 22.843613 -86.289993 1.800000 0.000000 0.000000
490000 3 G -128.956711 24.703152 -84.678474 2.150000 0.000000 0.000000
490000 4 P -133.563995 25.677744 -85.162086 2.110000 -1.000000 0.000000
490000 5 S -132.632675 26.826614 -81.517387 1.800000 0.000000 0.000000
490000 6 G -129.429276 28.032373 -81.351997 2.150000 0.000000 0.000000
490000 7 P -134.651077 30.075996 -82.201569 2.110000 -1.000000 0.000000
490000 8 S -132.042313 32.191277 -80.452850 1.800000 0.000000 0.000000
490000 9 G -129.463562 32.211853 -82.628151 2.150000 0.000000 0.000000
490000 10 P -134.505310 34.749161 -82.020432 2.110000 -1.000000 0.000000
490000 11 S -132.073227 37.691330 -82.183556 1.800000 0.000000 0.000000
490000 12 C -129.308411 36.508759 -84.281815 2.150000 0.000000 0.000000
490000 13 P -134.453339 38.680260 -85.239075 2.110000 -1.000000 0.000000
490000 14 S -131.308670 39.942295 -87.009743 1.800000 0.000000 0.000000
490000 15 G -129.742508 37.132961 -88.003532 2.150000 0.000000 0.000000
490000 16 P -133.018936 39.628567 -90.376740 2.110000 -1.000000 0.000000
490000 17 S -130.570023 41.460152 -92.578552 1.800000 0.000000 0.000000
490000 18 C -128.454254 39.317741 -91.129494 2.150000 0.000000 0.000000
490000 19 P -131.262741 39.104980 -95.696175 2.110000 -1.000000 0.000000
490000 20 S -127.608917 39.564167 -96.404579 1.800000 0.000000 0.000000
490000 21 A -125.735916 42.556759 -97.472031 2.150000 0.000000 0.000000
490000 22 P -127.298233 36.140934 -98.561134 2.110000 -1.000000 0.000000
490000 23 S -124.568756 36.341358 -95.657402 1.800000 0.000000 0.000000
490000 24 A -126.128319 34.138275 -93.546745 2.150000 0.000000 0.000000
490000 25 P -122.239838 33.402164 -96.212448 2.110000 -1.000000 0.000000
490000 26 S -120.955322 35.150551 -93.038673 1.800000 0.000000 0.000000
490000 27 G -123.174095 34.895199 -90.193863 2.150000 0.000000 0.000000
490000 28 P -119.060295 32.005409 -91.741829 2.110000 -1.000000 0.000000
490000 29 S -118.851608 33.502960 -88.182312 1.800000 0.000000 0.000000
490000 30 C -121.874443 31.917400 -87.251839 2.150000 0.000000 0.000000
490000 31 P -116.709068 30.308260 -86.566612 2.110000 -1.000000 0.000000
490000 32 S -117.489632 30.920980 -82.829712 1.800000 0.000000 0.000000
490000 33 C -120.639320 29.820726 -81.773621 2.150000 0.000000 0.000000
490000 34 P -116.193634 27.676697 -81.473190 2.110000 -1.000000 0.000000
490000 35 S -118.791740 27.216339 -78.594704 1.800000 0.000000 0.000000
490000 36 U -121.230774 25.996914 -80.520256 2.150000 0.000000 0.000000
490000 37 P -116.898949 23.960583 -78.607559 2.110000 -1.000000 0.000000
495000 1 P -139.737793 20.234936 -86.007820 2.110000 -1.000000 1.000000
495000 2 S -138.673935 20.414955 -82.395561 1.800000 0.000000 0.000000
495000 3 G -135.266190 20.798141 -83.665504 2.150000 0.000000 0.000000
495000 4 P -139.082825 24.074959 -80.925713 2.110000 -1.000000 0.000000
495000 5 S -136.763901 25.034077 -77.920349 1.800000 0.000000 0.000000
495000 6 G -133.869125 24.626654 -79.804573 2.150000 0.000000 0.000000
495000 7 P -138.103989 28.141705 -79.250175 2.110000 -1.000000 0.000000
495000 8 S -134.977905 29.938112 -78.070419 1.800000 0.000000 0.000000
495000 9 G -132.539597 28.600872 -79.991180 2.150000 0.000000 0.000000
495000 10 P -137.226776 31.690229 -80.848396 2.110000 -1.000000 0.000000
495000 11 S -135.276138 34.657642 -82.145645 1.800000 0.000000 0.000000
495000 12 C -132.325562 33.896420 -83.663834 2.150000 0.000000 0.000000
495000 13 P -138.134033 33.667473 -84.504959 2.110000 -1.000000 0.000000
495000 14 S -137.241211 36.199257 -87.073174 1.800000 0.000000 0.000000
495000 15 G -134.376038 35.821476 -88.738670 2.150000 0.000000 0.000000
495000 16 P -140.007858 34.550220 -89.086281 2.110000 -1.000000 0.000000
495000 17 S -137.193436 35.382477 -91.354713 1.800000 0.000000 0.000000
495000 18 C -136.341064 32.298229 -89.620720 2.150000 0.000000 0.000000
495000 19 P -137.398270 32.906898 -94.164062 2.110000 -1.000000 0.000000
495000 20 S -133.673798 33.534172 -94.337921 1.800000 0.000000 0.000000
495000 21 A -131.783356 32.736141 -91.510170 2.150000 0.000000 0.000000
495000 22 P -132.706802 29.884411 -95.255402 2.110000 -1.000000 0.000000
495000 23 S -129.074371 31.023527 -95.212807 1.800000 0.000000 0.000000
495000 24 A -127.787704 32.195724 -98.356506 2.150000 0.000000 0.000000
495000 25 P -126.298492 28.303251 -94.476898 2.110000 -1.000000 0.000000
495000 26 S -124.371780 30.852386 -92.377480 1.800000 0.000000 0.000000
495000 27 G -126.654488 32.004791 -89.918579 2.150000 0.000000 0.000000
495000 28 P -122.740982 28.325153 -90.013588 2.110000 -1.000000 0.000000
495000 29 S -122.470886 30.253201 -86.802231 1.800000 0.000000 0.000000
495000 30 C -125.736122 29.675180 -85.582146 2.150000 0.000000 0.000000
495000 31 P -121.177994 26.694973 -85.655922 2.110000 -1.000000 0.000000
495000 32 S -121.950958 27.166088 -82.041954 1.800000 0.000000 0.000000
495000 33 C -125.540657 26.935173 -81.834824 2.150000 0.000000 0.000000
495000 34 P -121.869041 23.271624 -81.868950 2.110000 -1.000000 0.000000
495000 35 S -124.493317 22.348495 -79.415222 1.800000 0.000000 0.000000
495000 36 U -126.978783 23.080225 -81.535469 2.150000 0.000000 0.000000
495000 37 P -123.322830 18.932528 -81.130737 2.110000 -1.000000 0.000000
500000 1 P -132.657028 19.802679 -84.058594 2.110000 -1.000000 1.000000
500000 2 S -132.981216 19.690079 -80.154175 1.800000 0.000000 0.000000
500000 3 G -130.203552 20.732458 -78.745979 2.150000 0.000000 0.000000
500000 4 P -135.058029 22.993153 -79.622070 2.110000 -1.000000 0.000000
500000 5 S -133.189301 24.435902 -76.643654 1.800000 0.000000 0.000000
500000 6 G -130.359604 25.327904 -78.135857 2.150000 0.000000 0.000000
500000 7 P -134.726837 28.147118 -76.593201 2.110000 -1.000000 0.000000
500000 8 S -132.427338 30.628395 -74.835724 1.800000 0.000000 0.000000
500000 9 G -129.945953 30.274443 -77.258690 2.150000 0.000000 0.000000
500000 10 P -135.121277 32.985504 -76.662064 2.110000 -1.000000 0.000000
500000 11 S -132.496628 35.705711 -77.351860 1.800000 0.000000 0.000000
500000 12 C -130.956757 33.568108 -79.578705 2.150000 0.000000 0.000000
500000 13 P -134.963654 37.036350 -79.987457 2.110000 -1.000000 0.000000
500000 14 S -132.442307 39.011696 -82.150269 1.800000 0.000000 0.000000
500000 15 G -130.214554 36.952454 -83.891670 2.150000 0.000000 0.000000
500000 16 P -134.001740 40.368713 -85.452614 2.110000 -1.000000 0.000000
500000 17 S -130.549362 41.139309 -87.033043 1.800000 0.000000 0.000000
500000 18 C -132.053848 43.876999 -88.788628 2.150000 0.000000 0.000000
500000 19 P -131.733215 39.209591 -90.047714 2.110000 -1.000000 0.000000
500000 20 S -128.136398 37.879322 -89.868950 1.800000 0.000000 0.000000
500000 21 A -128.483826 35.686264 -87.121323 2.150000 0.000000 0.000000
500000 22 P -128.521790 34.678638 -92.146233 2.110000 -1.000000 0.000000
500000 23 S -125.188828 33.383194 -90.715675 1.800000 0.000000 0.000000
500000 24 A -127.800896 32.215668 -88.967506 2.150000 0.000000 0.000000
500000 25 P -124.683968 29.783485 -91.227379 2.110000 -1.000000 0.000000
500000 26 S -122.509697 29.755245 -87.845100 1.800000 0.000000 0.000000
500000 27 G -125.089767 30.705975 -85.650604 2.150000 0.000000 0.000000
500000 28 P -121.231590 26.465452 -86.445808 2.110000 -1.000000 0.000000
500000 29 S -119.442429 28.919176 -84.086845 1.800000 0.000000 0.000000
500000 30 C -122.225227 30.657492 -82.394066 2.150000 0.000000 0.000000
500000 31 P -117.179970 27.044016 -81.409401 2.110000 -1.000000 0.000000
500000 32 S -118.894135 28.799673 -78.584084 1.800000 0.000000 0.000000
500000 33 C -122.205132 28.185411 -78.939331 2.150000 0.000000 0.000000
500000 34 P -117.518700 25.898748 -76.523293 2.110000 -1.000000 0.000000
500000 35 S -120.303413 26.187189 -73.858040 1.800000 0.000000 0.000000
500000 36 U -123.378548 25.356058 -75.581833 2.150000 0.000000 0.000000
500000 37 P -119.372879 23.193602 -71.653389 2.110000 -1.000000 0.000000
