380000 1 P -169.882294 -1.291787 -140.967697 2.110000 -1.000000 1.000000
380000 2 S -172.825562 0.635759 -142.578400 1.800000 0.000000 0.000000
380000 3 G -174.988815 -1.848531 -142.059128 2.150000 0.000000 0.000000
380000 4 P -174.326370 3.235536 -140.051178 2.110000 -1.000000 0.000000
380000 5 S -177.990829 2.645679 -141.228714 1.800000 0.000000 0.000000
380000 6 G -179.095779 -0.737468 -140.678314 2.150000 0.000000 0.000000
380000 7 P -178.896332 4.385040 -137.853226 2.110000 -1.000000 0.000000
380000 8 S -182.333771 2.655399 -137.915329 1.800000 0.000000 0.000000
380000 9 G -181.832962 -0.753964 -137.217285 2.150000 0.000000 0.000000
380000 10 P -182.685440 4.041703 -134.461136 2.110000 -1.000000 0.000000
380000 11 S -185.689056 2.243396 -132.789963 1.800000 0.000000 0.000000
380000 12 C -184.126465 -0.913272 -132.680893 2.150000 0.000000 0.000000
380000 13 P -185.123154 3.680813 -129.244965 2.110000 -1.000000 0.000000
380000 14 S -186.477112 0.003464 -128.344101 1.800000 0.000000 0.000000
380000 15 G -183.171326 -1.488180 -128.485367 2.150000 0.000000 0.000000
380000 16 P -185.025925 1.366591 -125.263405 2.110000 -1.000000 0.000000
380000 17 S -183.763824 -2.212816 -124.136887 1.800000 0.000000 0.000000
380000 18 C -181.426727 0.058563 -125.553238 2.150000 0.000000 0.000000
380000 19 P -182.246902 -1.249889 -120.849480 2.110000 -1.000000 0.000000
380000 20 S -181.765701 -4.810072 -119.794098 1.800000 0.000000 0.000000
380000 21 A -181.214096 -4.913903 -116.150780 2.150000 0.000000 0.000000
380000 22 P -178.688751 -5.685983 -122.132263 2.110000 -1.000000 0.000000
380000 23 S -179.295593 -9.362342 -122.797417 1.800000 0.000000 0.000000
380000 24 A -182.466904 -8.996210 -124.061981 2.150000 0.000000 0.000000
380000 25 P -177.796646 -10.948003 -125.900040 2.110000 -1.000000 0.000000
380000 26 S -181.556458 -11.444681 -126.919556 1.800000 0.000000 0.000000
380000 27 G -181.563919 -7.928333 -127.683945 2.150000 0.000000 0.000000
380000 28 P -181.141968 -13.088081 -130.439957 2.110000 -1.000000 0.000000
380000 29 S -184.453934 -11.409879 -131.605637 1.800000 0.000000 0.000000
380000 30 C -182.861694 -8.363314 -132.418030 2.150000 0.000000 0.000000
380000 31 P -184.020050 -12.503733 -135.256546 2.110000 -1.000000 0.000000
380000 32 S -186.076126 -9.928489 -136.758377 1.800000 0.000000 0.000000
380000 33 C -183.831238 -7.048530 -137.210556 2.150000 0.000000 0.000000
380000 34 P -185.495895 -10.740508 -140.419159 2.110000 -1.000000 0.000000
380000 35 S -185.297287 -7.658420 -142.718964 1.800000 0.000000 0.000000
380000 36 U -182.454681 -6.684485 -141.460831 2.150000 0.000000 0.000000
380000 37 P -184.042419 -9.047231 -145.775375 2.110000 -1.000000 0.000000
385000 1 P -175.404297 -0.218856 -148.729416 2.110000 -1.000000 1.000000
385000 2 S -178.307648 -0.943593 -151.085052 1.800000 0.000000 0.000000
385000 3 G -179.331192 -3.081375 -148.553436 2.150000 0.000000 0.000000
385000 4 P -180.511963 1.844507 -149.372971 2.110000 -1.000000 0.000000
385000 5 S -184.189087 1.085163 -150.527969 1.800000 0.000000 0.000000
385000 6 G -184.252945 -1.714732 -148.541702 2.150000 0.000000 0.000000
385000 7 P -184.677643 3.544747 -147.690414 2.110000 -1.000000 0.000000
385000 8 S -188.129562 2.849001 -146.244324 1.800000 0.000000 0.000000
385000 9 G -187.978256 -0.436509 -144.510086 2.150000 0.000000 0.000000
385000 10 P -187.647232 4.814071 -142.990845 2.110000 -1.000000 0.000000
385000 11 S -190.450531 2.707041 -141.272278 1.800000 0.000000 0.000000
385000 12 C -189.109543 -0.003806 -139.724777 2.150000 0.000000 0.000000
385000 13 P -188.754852 5.203972 -138.597244 2.110000 -1.000000 0.000000
385000 14 S -189.061966 2.644574 -135.759613 1.800000 0.000000 0.000000
385000 15 G -187.578125 -0.459473 -136.024139 2.150000 0.000000 0.000000
385000 16 P -186.871353 4.799044 -133.441376 2.110000 -1.000000 0.000000
385000 17 S -186.311508 1.524101 -131.656204 1.800000 0.000000 0.000000
385000 18 C -189.598770 0.788083 -130.732895 2.150000 0.000000 0.000000
385000 19 P -183.744888 2.311747 -128.758545 2.110000 -1.000000 0.000000
385000 20 S -182.462769 -1.018114 -127.970131 1.800000 0.000000 0.000000
385000 21 A -185.467575 -2.608895 -128.953491 2.150000 0.000000 0.000000
385000 22 P -181.146851 -2.212777 -131.170837 2.110000 -1.000000 0.000000
385000 23 S -180.495193 -5.850664 -129.919662 1.800000 0.000000 0.000000
385000 24 A -183.294418 -7.197297 -128.300339 2.150000 0.000000 0.000000
385000 25 P -179.811508 -7.728601 -133.372070 2.110000 -1.000000 0.000000
385000 26 S -183.451157 -8.838343 -133.493195 1.800000 0.000000 0.000000
385000 27 G -184.565720 -5.772238 -134.785126 2.150000 0.000000 0.000000
385000 28 P -184.069626 -11.117198 -136.379257 2.110000 -1.000000 0.000000
385000 29 S -187.420898 -9.357496 -136.591583 1.800000 0.000000 0.000000
385000 30 C -186.060349 -6.581676 -138.637192 2.150000 0.000000 0.000000
385000 31 P -188.167252 -11.471873 -139.672867 2.110000 -1.000000 0.000000
385000 32 S -190.721741 -9.052679 -140.964783 1.800000 0.000000 0.000000
385000 33 C -188.795212 -6.312914 -142.236099 2.150000 0.000000 0.000000
385000 34 P -189.848907 -11.676973 -143.821854 2.110000 -1.000000 0.000000
385000 35 S -189.621078 -8.888475 -146.332275 1.800000 0.000000 0.000000
385000 36 U -186.922318 -7.098132 -145.261307 2.150000 0.000000 0.000000
385000 37 P -188.134140 -11.557585 -148.827866 2.110000 -1.000000 0.000000
390000 1 P -170.584854 6.842039 -148.797806 2.110000 -1.000000 1.000000
390000 2 S -173.156387 7.176486 -151.631927 1.800000 0.000000 0.000000
390000 3 G -174.777435 4.098704 -150.763535 2.150000 0.000000 0.000000
390000 4 P -175.855804 9.661891 -150.523499 2.110000 -1.000000 0.000000
390000 5 S -178.507599 8.522628 -152.720459 1.800000 0.000000 0.000000
390000 6 G -178.783615 5.316475 -151.398178 2.150000 0.000000 0.000000
390000 7 P -180.153275 10.304701 -149.792206 2.110000 -1.000000 0.000000
390000 8 S -183.413803 8.446509 -149.888016 1.800000 0.000000 0.000000
390000 9 G -182.232040 5.747254 -147.969421 2.150000 0.000000 0.000000
390000 10 P -184.700150 10.090188 -146.726624 2.110000 -1.000000 0.000000
390000 11 S -187.469406 7.731540 -145.497681 1.800000 0.000000 0.000000
390000 12 C -185.448654 5.234637 -144.193848 2.150000 0.000000 0.000000
390000 13 P -187.136414 9.585877 -142.193787 2.110000 -1.000000 0.000000
390000 14 S -187.919449 6.012428 -140.926804 1.800000 0.000000 0.000000
390000 15 G -189.938110 7.443867 -138.522491 2.150000 0.000000 0.000000
390000 16 P -185.515564 6.649091 -137.789536 2.110000 -1.000000 0.000000
390000 17 S -186.768112 3.759097 -135.697617 1.800000 0.000000 0.000000
390000 18 C -184.767776 1.631882 -137.981064 2.150000 0.000000 0.000000
390000 19 P -184.678085 4.301783 -132.528351 2.110000 -1.000000 0.000000
390000 20 S -182.521652 1.292197 -132.246063 1.800000 0.000000 0.000000
390000 21 A -179.948624 1.974781 -130.049286 2.150000 0.000000 0.000000
390000 22 P -180.888687 1.088791 -135.581879 2.110000 -1.000000 0.000000
390000 23 S -180.163742 -2.367775 -134.330002 1.800000 0.000000 0.000000
390000 24 A -183.407547 -3.420208 -135.494354 2.150000 0.000000 0.000000
390000 25 P -178.614197 -4.497839 -136.971237 2.110000 -1.000000 0.000000
390000 26 S -182.049683 -5.087808 -138.449966 1.800000 0.000000 0.000000
390000 27 G -183.767151 -2.118603 -139.312347 2.150000 0.000000 0.000000
390000 28 P -182.612335 -6.926636 -141.705780 2.110000 -1.000000 0.000000
390000 29 S -185.318542 -4.387459 -142.472000 1.800000 0.000000 0.000000
390000 30 C -183.495758 -1.548569 -143.203598 2.150000 0.000000 0.000000
390000 31 P -185.938736 -5.611856 -146.155655 2.110000 -1.000000 0.000000
390000 32 S -187.383911 -2.388999 -147.897659 1.800000 0.000000 0.000000
390000 33 C -184.421616 -0.686403 -147.355606 2.150000 0.000000 0.000000
390000 34 P -185.714005 -3.931531 -151.105011 2.110000 -1.000000 0.000000
390000 35 S -185.569580 -0.664227 -153.237610 1.800000 0.000000 0.000000
390000 36 U -182.976791 0.075573 -151.202698 2.150000 0.000000 0.000000
390000 37 P -183.443680 -2.568518 -155.605576 2.110000 -1.000000 0.000000
395000 1 P -174.870667 4.952574 -150.735062 2.110000 -1.000000 1.000000
395000 2 S -178.208908 5.329211 -152.612473 1.800000 0.000000 0.000000
395000 3 G -179.156586 2.426411 -150.953140 2.150000 0.000000 0.000000
395000 4 P -180.617355 7.219914 -150.340881 2.110000 -1.000000 0.000000
395000 5 S -183.321915 5.881733 -152.961258 1.800000 0.000000 0.000000
395000 6 G -183.264069 2.329420 -152.435760 2.150000 0.000000 0.000000
395000 7 P -185.357376 7.146572 -150.099869 2.110000 -1.000000 0.000000
395000 8 S -188.786484 5.592806 -150.464600 1.800000 0.000000 0.000000
395000 9 G -187.231232 2.583124 -149.228165 2.150000 0.000000 0.000000
395000 10 P -189.642059 7.447600 -147.226791 2.110000 -1.000000 0.000000
395000 11 S -192.527863 5.691685 -145.285721 1.800000 0.000000 0.000000
395000 12 C -190.869019 2.718657 -144.377548 2.150000 0.000000 0.000000
395000 13 P -190.885010 8.155689 -142.752884 2.110000 -1.000000 0.000000
395000 14 S -190.656372 5.547498 -139.904953 1.800000 0.000000 0.000000
395000 15 G -187.981689 4.058847 -141.305542 2.150000 0.000000 0.000000
395000 16 P -188.391785 7.727755 -137.829926 2.110000 -1.000000 0.000000
395000 17 S -187.419678 4.634959 -135.796005 1.800000 0.000000 0.000000
395000 18 C -184.518280 5.478755 -137.574326 2.150000 0.000000 0.000000
395000 19 P -184.492615 5.840316 -133.543686 2.110000 -1.000000 0.000000
395000 20 S -183.503036 2.092883 -133.343475 1.800000 0.000000 0.000000
395000 21 A -186.076614 -0.276892 -132.809021 2.150000 0.000000 0.000000
395000 22 P -182.222305 0.499301 -136.703735 2.110000 -1.000000 0.000000
395000 23 S -182.920517 -2.826418 -134.987976 1.800000 0.000000 0.000000
395000 24 A -186.295303 -2.898295 -135.475677 2.150000 0.000000 0.000000
395000 25 P -182.453979 -5.592348 -137.794022 2.110000 -1.000000 0.000000
395000 26 S -185.969116 -6.676706 -138.295914 1.800000 0.000000 0.000000
395000 27 G -187.500458 -3.777567 -139.590103 2.150000 0.000000 0.000000
395000 28 P -186.269379 -8.684443 -141.555679 2.110000 -1.000000 0.000000
395000 29 S -189.553085 -7.828362 -143.383224 1.800000 0.000000 0.000000
395000 30 C -188.904404 -4.492553 -143.843918 2.150000 0.000000 0.000000
395000 31 P -188.571609 -8.872148 -147.016525 2.110000 -1.000000 0.000000
395000 32 S -190.604828 -6.472828 -149.194153 1.800000 0.000000 0.000000
395000 33 C -188.314133 -4.075933 -148.396530 2.150000 0.000000 0.000000
395000 34 P -188.393372 -7.996702 -151.936752 2.110000 -1.000000 0.000000
395000 35 S -188.421234 -4.582520 -153.791885 1.800000 0.000000 0.000000
395000 36 U -185.859665 -3.399824 -151.823517 2.150000 0.000000 0.000000
395000 37 P -185.713852 -5.121833 -156.235718 2.110000 -1.000000 0.000000
400000 1 P -176.920319 11.011037 -151.330612 2.110000 -1.000000 1.000000
400000 2 S -180.481567 10.483809 -152.445847 1.800000 0.000000 0.000000
400000 3 G -179.603973 7.535246 -150.389603 2.150000 0.000000 0.000000
400000 4 P -182.155350 11.776375 -149.264542 2.110000 -1.000000 0.000000
400000 5 S -185.778320 10.637115 -149.870789 1.800000 0.000000 0.000000
400000 6 G -185.122314 7.655210 -148.411255 2.150000 0.000000 0.000000
400000 7 P -187.577194 11.293464 -146.564392 2.110000 -1.000000 0.000000
400000 8 S -190.068588 8.982457 -145.190811 1.800000 0.000000 0.000000
400000 9 G -187.770920 7.114874 -143.428680 2.150000 0.000000 0.000000
400000 10 P -190.117142 11.539011 -142.173233 2.110000 -1.000000 0.000000
400000 11 S -191.646988 9.548228 -139.310822 1.800000 0.000000 0.000000
400000 12 C -190.234421 6.544103 -138.638550 2.150000 0.000000 0.000000
400000 13 P -189.838943 11.892823 -136.720154 2.110000 -1.000000 0.000000
400000 14 S -191.227722 10.070524 -133.870300 1.800000 0.000000 0.000000
400000 15 G -193.799362 11.887934 -132.238007 2.150000 0.000000 0.000000
400000 16 P -188.585892 12.480265 -132.391571 2.110000 -1.000000 0.000000
400000 17 S -189.006927 10.622992 -129.073944 1.800000 0.000000 0.000000
400000 18 C -187.735764 7.900845 -130.782089 2.150000 0.000000 0.000000
400000 19 P -185.729568 12.110606 -128.697525 2.110000 -1.000000 0.000000
400000 20 S -185.617416 8.896327 -127.055534 1.800000 0.000000 0.000000
400000 21 A -183.238449 9.192385 -124.302101 2.150000 0.000000 0.000000
400000 22 P -182.618515 8.626604 -129.561371 2.110000 -1.000000 0.000000
400000 23 S -181.068695 5.112239 -128.277466 1.800000 0.000000 0.000000
400000 24 A -184.158508 3.863370 -128.866302 2.150000 0.000000 0.000000
400000 25 P -179.237015 3.552381 -131.349594 2.110000 -1.000000 0.000000
400000 26 S -181.657471 0.736134 -131.508392 1.800000 0.000000 0.000000
400000 27 G -184.436798 2.098315 -133.390488 2.150000 0.000000 0.000000
400000 28 P -180.360931 -0.720148 -134.802902 2.110000 -1.000000 0.000000
400000 29 S -183.365387 -1.611214 -136.644104 1.800000 0.000000 0.000000
400000 30 C -185.144791 1.296124 -137.032593 2.150000 0.000000 0.000000
400000 31 P -183.623276 -3.009946 -140.179672 2.110000 -1.000000 0.000000
400000 32 S -187.149689 -1.439302 -140.497681 1.800000 0.000000 0.000000
400000 33 C -186.632339 1.780558 -141.419724 2.150000 0.000000 0.000000
400000 34 P -187.435272 -2.367872 -144.240891 2.110000 -1.000000 0.000000
400000 35 S -188.395157 0.868619 -145.735413 1.800000 0.000000 0.000000
400000 36 U -185.345001 1.260285 -147.213379 2.150000 0.000000 0.000000
400000 37 P -189.017441 0.608928 -149.510040 2.110000 -1.000000 0.000000
405000 1 P -185.225128 12.060301 -151.911331 2.110000 -1.000000 1.000000
405000 2 S -188.370285 12.309844 -154.134598 1.800000 0.000000 0.000000
405000 3 G -190.371338 9.537611 -153.741867 2.150000 0.000000 0.000000
405000 4 P -190.409332 14.548929 -151.567780 2.110000 -1.000000 0.000000
405000 5 S -194.040359 13.557101 -151.354340 1.800000 0.000000 0.000000
405000 6 G -194.001160 10.555173 -149.871735 2.150000 0.000000 0.000000
405000 7 P -193.434753 15.743217 -148.164856 2.110000 -1.000000 0.000000
405000 8 S -195.121445 14.103659 -145.160995 1.800000 0.000000 0.000000
405000 9 G -193.103729 11.461410 -144.829285 2.150000 0.000000 0.000000
405000 10 P -193.359161 16.253948 -142.829834 2.110000 -1.000000 0.000000
405000 11 S -194.221634 14.473214 -139.545593 1.800000 0.000000 0.000000
405000 12 C -193.387955 11.213646 -140.575089 2.150000 0.000000 0.000000
405000 13 P -191.341370 16.619873 -138.402435 2.110000 -1.000000 0.000000
405000 14 S -190.336746 14.595033 -135.403763 1.800000 0.000000 0.000000
405000 15 G -189.376541 11.484247 -137.120010 2.150000 0.000000 0.000000
405000 16 P -187.219147 16.704433 -135.551163 2.110000 -1.000000 0.000000
405000 17 S -186.363617 13.449780 -133.328644 1.800000 0.000000 0.000000
405000 18 C -188.237701 10.085947 -133.716278 2.150000 0.000000 0.000000
405000 19 P -182.859436 13.113382 -135.008041 2.110000 -1.000000 0.000000
405000 20 S -182.222092 9.829113 -132.969208 1.800000 0.000000 0.000000
405000 21 A -185.386642 7.960417 -132.487961 2.150000 0.000000 0.000000
405000 22 P -180.262650 8.428770 -135.860184 2.110000 -1.000000 0.000000
405000 23 S -182.639862 5.528428 -135.492218 1.800000 0.000000 0.000000
405000 24 A -185.627502 7.084700 -136.210876 2.150000 0.000000 0.000000
405000 25 P -182.822250 2.835888 -138.180145 2.110000 -1.000000 0.000000
405000 26 S -186.446518 1.495169 -137.675415 1.800000 0.000000 0.000000
405000 27 G -188.281830 4.190618 -138.619278 2.150000 0.000000 0.000000
405000 28 P -187.696030 -0.370044 -140.576614 2.110000 -1.000000 0.000000
405000 29 S -191.329987 0.382495 -140.683212 1.800000 0.000000 0.000000
405000 30 C -190.347702 3.170329 -142.654648 2.150000 0.000000 0.000000
405000 31 P -191.253525 -1.748471 -143.885178 2.110000 -1.000000 0.000000
405000 32 S -194.628723 -0.620104 -145.379272 1.800000 0.000000 0.000000
405000 33 C -193.711395 2.485052 -146.245987 2.150000 0.000000 0.000000
405000 34 P -193.836197 -2.681341 -148.433640 2.110000 -1.000000 0.000000
405000 35 S -196.124664 -1.077542 -150.898468 1.800000 0.000000 0.000000
405000 36 U -194.412933 1.866928 -151.680145 2.150000 0.000000 0.000000
405000 37 P -193.844498 -2.830651 -153.298691 2.110000 -1.000000 0.000000
410000 1 P -193.752289 14.946394 -153.665756 2.110000 -1.000000 1.000000
410000 2 S -196.785446 12.463146 -153.712891 1.800000 0.000000 0.000000
410000 3 G -195.733887 10.368752 -151.202377 2.150000 0.000000 0.000000
410000 4 P -197.325089 15.212890 -150.881271 2.110000 -1.000000 0.000000
410000 5 S -200.071304 13.411830 -148.933228 1.800000 0.000000 0.000000
410000 6 G -197.904358 11.110620 -147.586334 2.150000 0.000000 0.000000
410000 7 P -199.589249 16.509489 -146.625107 2.110000 -1.000000 0.000000
410000 8 S -199.623123 13.957932 -143.810486 1.800000 0.000000 0.000000
410000 9 G -196.346497 13.050932 -144.641846 2.150000 0.000000 0.000000
410000 10 P -198.402267 16.586559 -141.106079 2.110000 -1.000000 0.000000
410000 11 S -196.749939 14.179296 -138.708313 1.800000 0.000000 0.000000
410000 12 C -193.926819 12.322282 -140.214691 2.150000 0.000000 0.000000
410000 13 P -195.168991 17.565958 -138.024002 2.110000 -1.000000 0.000000
410000 14 S -192.095688 16.057178 -136.723541 1.800000 0.000000 0.000000
410000 15 G -190.812119 14.788978 -139.506927 2.150000 0.000000 0.000000
410000 16 P -189.929306 19.315186 -137.039322 2.110000 -1.000000 0.000000
410000 17 S -186.263855 18.123312 -137.128113 1.800000 0.000000 0.000000
410000 18 C -186.268814 14.869133 -138.199677 2.150000 0.000000 0.000000
410000 19 P -185.426254 20.600138 -140.095764 2.110000 -1.000000 0.000000
410000 20 S -184.111862 17.901115 -142.277405 1.800000 0.000000 0.000000
410000 21 A -186.690338 15.311647 -142.127655 2.150000 0.000000 0.000000
410000 22 P -183.399918 18.622267 -146.067764 2.110000 -1.000000 0.000000
410000 23 S -182.741486 14.799236 -145.342590 1.800000 0.000000 0.000000
410000 24 A -186.241592 14.520077 -146.212341 2.150000 0.000000 0.000000
410000 25 P -182.864120 12.256172 -148.216202 2.110000 -1.000000 0.000000
410000 26 S -183.178314 9.801361 -145.315582 1.800000 0.000000 0.000000
410000 27 G -185.902298 11.353546 -143.594742 2.150000 0.000000 0.000000
410000 28 P -184.578598 6.139640 -145.733551 2.110000 -1.000000 0.000000
410000 29 S -186.709839 6.199153 -142.600784 1.800000 0.000000 0.000000
410000 30 C -189.613922 7.452628 -143.609283 2.150000 0.000000 0.000000
410000 31 P -187.838089 2.872181 -143.476318 2.110000 -1.000000 0.000000
410000 32 S -191.375549 2.225719 -142.240112 1.800000 0.000000 0.000000
410000 33 C -192.988464 4.968149 -143.468735 2.150000 0.000000 0.000000
410000 34 P -190.833328 -0.825120 -144.784668 2.110000 -1.000000 0.000000
410000 35 S -194.210983 -0.626396 -146.516510 1.800000 0.000000 0.000000
410000 36 U -192.695557 2.376135 -147.417923 2.150000 0.000000 0.000000
410000 37 P -193.254120 -2.918351 -149.441620 2.110000 -1.000000 0.000000
415000 1 P -194.101028 15.408442 -155.869873 2.110000 -1.000000 1.000000
415000 2 S -196.242920 14.313953 -153.013275 1.800000 0.000000 0.000000
415000 3 G -194.100983 12.770331 -150.991791 2.150000 0.000000 0.000000
415000 4 P -196.389801 17.442856 -150.727539 2.110000 -1.000000 0.000000
415000 5 S -197.287766 15.247416 -147.828735 1.800000 0.000000 0.000000
415000 6 G -194.541580 13.566500 -147.264511 2.150000 0.000000 0.000000
415000 7 P -197.271927 17.819061 -145.333786 2.110000 -1.000000 0.000000
415000 8 S -195.967773 15.361396 -142.641129 1.800000 0.000000 0.000000
415000 9 G -192.660751 15.085790 -143.527283 2.150000 0.000000 0.000000
415000 10 P -194.719986 18.229057 -140.657562 2.110000 -1.000000 0.000000
415000 11 S -191.940735 17.379719 -138.031631 1.800000 0.000000 0.000000
415000 12 C -189.915558 15.860289 -140.311188 2.150000 0.000000 0.000000
415000 13 P -190.440002 21.041330 -137.975037 2.110000 -1.000000 0.000000
415000 14 S -187.550980 20.298985 -135.583221 1.800000 0.000000 0.000000
415000 15 G -186.176743 17.726524 -137.440033 2.150000 0.000000 0.000000
415000 16 P -187.195847 23.566259 -137.668549 2.110000 -1.000000 0.000000
415000 17 S -183.270370 23.389320 -137.989243 1.800000 0.000000 0.000000
415000 18 C -182.976425 20.378359 -139.632553 2.150000 0.000000 0.000000
415000 19 P -183.417480 25.314741 -141.413925 2.110000 -1.000000 0.000000
415000 20 S -180.646805 22.697657 -141.864868 1.800000 0.000000 0.000000
415000 21 A -178.235825 24.153107 -139.376297 2.150000 0.000000 0.000000
415000 22 P -178.403915 23.226110 -144.843170 2.110000 -1.000000 0.000000
415000 23 S -178.747849 19.485992 -145.009491 1.800000 0.000000 0.000000
415000 24 A -181.965561 20.480526 -145.852997 2.150000 0.000000 0.000000
415000 25 P -178.214371 16.797699 -147.571075 2.110000 -1.000000 0.000000
415000 26 S -178.682037 14.635246 -144.429947 1.800000 0.000000 0.000000
415000 27 G -182.060394 15.991119 -144.249695 2.150000 0.000000 0.000000
415000 28 P -179.481812 11.135746 -145.232925 2.110000 -1.000000 0.000000
415000 29 S -181.694550 10.622236 -142.227585 1.800000 0.000000 0.000000
415000 30 C -183.953094 12.458058 -143.985291 2.150000 0.000000 0.000000
415000 31 P -182.758041 7.226251 -143.191116 2.110000 -1.000000 0.000000
415000 32 S -186.292938 6.302877 -141.928680 1.800000 0.000000 0.000000
415000 33 C -187.717575 8.410161 -144.391098 2.150000 0.000000 0.000000
415000 34 P -185.886353 3.694373 -144.311050 2.110000 -1.000000 0.000000
415000 35 S -189.498016 3.046732 -145.128418 1.800000 0.000000 0.000000
415000 36 U -191.674255 5.343707 -146.691864 2.150000 0.000000 0.000000
415000 37 P -188.465729 0.861684 -148.256454 2.110000 -1.000000 0.000000
420000 1 P -198.193161 10.310251 -149.240417 2.110000 -1.000000 1.000000
420000 2 S -200.146149 7.502100 -147.389130 1.800000 0.000000 0.000000
420000 3 G -196.948441 6.135582 -146.605774 2.150000 0.000000 0.000000
420000 4 P -200.306992 9.854454 -144.136490 2.110000 -1.000000 0.000000
420000 5 S -200.269928 7.494000 -141.079819 1.800000 0.000000 0.000000
420000 6 G -197.194138 6.234394 -141.382553 2.150000 0.000000 0.000000
420000 7 P -200.260452 11.093361 -139.870697 2.110000 -1.000000 0.000000
420000 8 S -198.060532 11.397045 -136.838760 1.800000 0.000000 0.000000
420000 9 G -194.860916 10.130399 -137.479630 2.150000 0.000000 0.000000
420000 10 P -197.747070 15.435024 -136.826782 2.110000 -1.000000 0.000000
420000 11 S -195.206741 15.127977 -133.825485 1.800000 0.000000 0.000000
420000 12 C -192.089264 13.953249 -135.135284 2.150000 0.000000 0.000000
420000 13 P -194.220291 18.445644 -135.344940 2.110000 -1.000000 0.000000
420000 14 S -190.853806 18.833536 -133.499283 1.800000 0.000000 0.000000
420000 15 G -192.715393 20.832235 -131.161423 2.150000 0.000000 0.000000
420000 16 P -189.606903 20.705473 -136.545914 2.110000 -1.000000 0.000000
420000 17 S -186.496948 22.079193 -134.956802 1.800000 0.000000 0.000000
420000 18 C -186.452621 18.641060 -134.990295 2.150000 0.000000 0.000000
420000 19 P -186.391647 22.665749 -138.790054 2.110000 -1.000000 0.000000
420000 20 S -182.604492 21.657671 -138.607925 1.800000 0.000000 0.000000
420000 21 A -182.229919 18.165274 -138.145630 2.150000 0.000000 0.000000
420000 22 P -184.088181 20.930527 -142.085541 2.110000 -1.000000 0.000000
420000 23 S -181.818893 17.882921 -141.771378 1.800000 0.000000 0.000000
420000 24 A -178.859894 19.328562 -141.954773 2.150000 0.000000 0.000000
420000 25 P -182.154129 15.278554 -144.452820 2.110000 -1.000000 0.000000
420000 26 S -181.750244 12.826124 -141.638031 1.800000 0.000000 0.000000
420000 27 G -184.809998 13.652999 -140.364166 2.150000 0.000000 0.000000
420000 28 P -182.156631 9.182149 -142.955139 2.110000 -1.000000 0.000000
420000 29 S -182.982712 8.509403 -139.200668 1.800000 0.000000 0.000000
420000 30 C -186.338165 9.598421 -140.332260 2.150000 0.000000 0.000000
420000 31 P -183.300446 5.163328 -140.893433 2.110000 -1.000000 0.000000
420000 32 S -185.902725 3.935303 -138.256317 1.800000 0.000000 0.000000
420000 33 C -188.409103 6.245266 -139.014145 2.150000 0.000000 0.000000
420000 34 P -186.772003 0.409253 -139.481934 2.110000 -1.000000 0.000000
420000 35 S -190.382324 0.319813 -138.262207 1.800000 0.000000 0.000000
420000 36 U -190.959732 2.066400 -141.043655 2.150000 0.000000 0.000000
420000 37 P -191.245819 -2.891312 -139.806168 2.110000 -1.000000 0.000000
425000 1 P -196.423538 6.452650 -150.398834 2.110000 -1.000000 1.000000
425000 2 S -197.852722 5.600889 -147.021378 1.800000 0.000000 0.000000
425000 3 G -194.844574 4.303627 -145.644974 2.150000 0.000000 0.000000
425000 4 P -197.233078 8.607306 -144.694031 2.110000 -1.000000 0.000000
425000 5 S -196.036362 6.704135 -141.605637 1.800000 0.000000 0.000000
425000 6 G -192.695923 6.743022 -142.544739 2.150000 0.000000 0.000000
425000 7 P -195.408112 10.598825 -140.555695 2.110000 -1.000000 0.000000
425000 8 S -193.304153 9.899050 -137.408783 1.800000 0.000000 0.000000
425000 9 G -190.571213 8.785328 -139.354263 2.150000 0.000000 0.000000
425000 10 P -192.056961 13.398356 -136.533890 2.110000 -1.000000 0.000000
425000 11 S -189.038864 12.914375 -134.210587 1.800000 0.000000 0.000000
425000 12 C -186.655899 10.745218 -135.549957 2.150000 0.000000 0.000000
425000 13 P -188.368759 16.127838 -135.811005 2.110000 -1.000000 0.000000
425000 14 S -184.667648 14.876312 -136.624954 1.800000 0.000000 0.000000
425000 15 G -185.202164 13.650970 -139.996155 2.150000 0.000000 0.000000
425000 16 P -183.863815 18.110823 -138.516083 2.110000 -1.000000 0.000000
425000 17 S -181.862061 19.507799 -135.704849 1.800000 0.000000 0.000000
425000 18 C -181.219147 16.012936 -135.020065 2.150000 0.000000 0.000000
425000 19 P -180.892166 20.651690 -139.058334 2.110000 -1.000000 0.000000
425000 20 S -177.639328 18.687119 -138.921814 1.800000 0.000000 0.000000
425000 21 A -179.123642 15.433478 -138.924042 2.150000 0.000000 0.000000
425000 22 P -176.970978 18.119081 -142.539337 2.110000 -1.000000 0.000000
425000 23 S -175.928345 14.788236 -141.113922 1.800000 0.000000 0.000000
425000 24 A -172.763321 14.801181 -142.844818 2.150000 0.000000 0.000000
425000 25 P -175.463013 11.715840 -143.573593 2.110000 -1.000000 0.000000
425000 26 S -176.246918 9.179165 -140.925720 1.800000 0.000000 0.000000
425000 27 G -178.616470 11.145756 -139.669830 2.150000 0.000000 0.000000
425000 28 P -177.342911 5.525711 -141.393814 2.110000 -1.000000 0.000000
425000 29 S -179.076019 6.069978 -138.100098 1.800000 0.000000 0.000000
425000 30 C -182.039581 6.614381 -140.026230 2.150000 0.000000 0.000000
425000 31 P -179.912079 2.533253 -139.226501 2.110000 -1.000000 0.000000
425000 32 S -182.953491 1.878816 -136.964233 1.800000 0.000000 0.000000
425000 33 C -185.116776 4.058490 -138.508728 2.150000 0.000000 0.000000
425000 34 P -184.251846 -1.275692 -138.157791 2.110000 -1.000000 0.000000
425000 35 S -187.455231 0.149517 -136.966339 1.800000 0.000000 0.000000
425000 36 U -188.367172 1.504233 -140.159836 2.150000 0.000000 0.000000
425000 37 P -188.162613 -3.356782 -138.361069 2.110000 -1.000000 0.000000
430000 1 P -197.767090 0.360243 -149.365128 2.110000 -1.000000 1.000000
430000 2 S -199.075073 1.718398 -146.245102 1.800000 0.000000 0.000000
430000 3 G -196.184845 1.820795 -144.034439 2.150000 0.000000 0.000000
430000 4 P -199.074249 5.504528 -146.181625 2.110000 -1.000000 0.000000
430000 5 S -198.182510 5.578844 -142.273987 1.800000 0.000000 0.000000
430000 6 G -195.136475 4.307301 -141.304764 2.150000 0.000000 0.000000
430000 7 P -197.513275 9.148453 -142.770477 2.110000 -1.000000 0.000000
430000 8 S -195.520691 10.111359 -139.768188 1.800000 0.000000 0.000000
430000 9 G -192.363297 9.289527 -140.823593 2.150000 0.000000 0.000000
430000 10 P -194.429626 13.508575 -140.549164 2.110000 -1.000000 0.000000
430000 11 S -191.521973 12.923104 -138.199921 1.800000 0.000000 0.000000
430000 12 C -189.304962 11.156826 -140.194885 2.150000 0.000000 0.000000
430000 13 P -190.146164 16.042465 -139.524017 2.110000 -1.000000 0.000000
430000 14 S -186.591919 15.299693 -138.258545 1.800000 0.000000 0.000000
430000 15 G -185.388733 12.639812 -140.061386 2.150000 0.000000 0.000000
430000 16 P -185.598526 18.355511 -140.219788 2.110000 -1.000000 0.000000
430000 17 S -181.834442 18.526735 -139.786804 1.800000 0.000000 0.000000
430000 18 C -179.962555 15.617219 -140.275894 2.150000 0.000000 0.000000
430000 19 P -182.189377 19.710634 -143.273911 2.110000 -1.000000 0.000000
430000 20 S -179.363022 17.365915 -144.289490 1.800000 0.000000 0.000000
430000 21 A -176.902283 19.464739 -144.967163 2.150000 0.000000 0.000000
430000 22 P -179.576645 17.042036 -148.115616 2.110000 -1.000000 0.000000
430000 23 S -177.059723 14.610626 -146.745026 1.800000 0.000000 0.000000
430000 24 A -178.752075 13.626159 -143.825104 2.150000 0.000000 0.000000
430000 25 P -178.456329 11.739138 -148.788269 2.110000 -1.000000 0.000000
430000 26 S -178.379700 9.808268 -145.599548 1.800000 0.000000 0.000000
430000 27 G -181.098328 10.591662 -143.295380 2.150000 0.000000 0.000000
430000 28 P -179.358688 6.155000 -145.819855 2.110000 -1.000000 0.000000
430000 29 S -180.333588 6.850531 -142.304810 1.800000 0.000000 0.000000
430000 30 C -183.870132 7.818131 -142.581360 2.150000 0.000000 0.000000
430000 31 P -181.558655 3.332853 -140.856491 2.110000 -1.000000 0.000000
430000 32 S -183.766602 4.291123 -137.703918 1.800000 0.000000 0.000000
430000 33 C -186.566025 4.761395 -139.823181 2.150000 0.000000 0.000000
430000 34 P -184.229431 1.078763 -136.110535 2.110000 -1.000000 0.000000
430000 35 S -187.650238 2.528679 -135.375229 1.800000 0.000000 0.000000
430000 36 U -189.423401 2.023283 -138.421585 2.150000 0.000000 0.000000
430000 37 P -188.778305 -0.189928 -132.831589 2.110000 -1.000000 0.000000
435000 1 P -190.076553 4.522668 -148.245941 2.110000 -1.000000 1.000000
435000 2 S -192.544342 2.860623 -145.935120 1.800000 0.000000 0.000000
435000 3 G -190.281052 3.030783 -143.386322 2.150000 0.000000 0.000000
435000 4 P -193.284424 6.485751 -145.173553 2.110000 -1.000000 0.000000
435000 5 S -194.363205 6.352020 -141.654205 1.800000 0.000000 0.000000
435000 6 G -191.491028 5.289153 -140.137085 2.150000 0.000000 0.000000
435000 7 P -194.536835 10.198346 -141.588242 2.110000 -1.000000 0.000000
435000 8 S -194.056549 10.543718 -137.931229 1.800000 0.000000 0.000000
435000 9 G -190.935074 9.056577 -138.086319 2.150000 0.000000 0.000000
435000 10 P -193.550751 14.054104 -139.141006 2.110000 -1.000000 0.000000
435000 11 S -190.419479 15.224044 -137.145523 1.800000 0.000000 0.000000
435000 12 C -188.401016 12.468723 -137.555573 2.150000 0.000000 0.000000
435000 13 P -189.516769 17.307482 -140.382568 2.110000 -1.000000 0.000000
435000 14 S -185.831421 16.430922 -140.640213 1.800000 0.000000 0.000000
435000 15 G -186.531998 13.242193 -141.796768 2.150000 0.000000 0.000000
435000 16 P -185.217590 18.400253 -143.982819 2.110000 -1.000000 0.000000
435000 17 S -182.479950 15.815052 -144.533966 1.800000 0.000000 0.000000
435000 18 C -184.440323 12.893287 -145.163086 2.150000 0.000000 0.000000
435000 19 P -182.286423 15.149067 -148.364334 2.110000 -1.000000 0.000000
435000 20 S -179.297241 13.558119 -147.090164 1.800000 0.000000 0.000000
435000 21 A -180.167252 12.683424 -143.844284 2.150000 0.000000 0.000000
435000 22 P -178.386414 9.913134 -147.816864 2.110000 -1.000000 0.000000
435000 23 S -179.399521 8.495178 -144.342194 1.800000 0.000000 0.000000
435000 24 A -182.360260 7.516155 -145.871643 2.150000 0.000000 0.000000
435000 25 P -178.362335 5.113323 -143.262558 2.110000 -1.000000 0.000000
435000 26 S -177.669006 7.093803 -140.050613 1.800000 0.000000 0.000000
435000 27 G -180.764603 8.541156 -139.783844 2.150000 0.000000 0.000000
435000 28 P -177.787979 3.965574 -138.126144 2.110000 -1.000000 0.000000
435000 29 S -179.385132 5.552945 -135.121323 1.800000 0.000000 0.000000
435000 30 C -182.559906 6.268013 -136.443939 2.150000 0.000000 0.000000
435000 31 P -179.705994 1.896107 -134.515915 2.110000 -1.000000 0.000000
435000 32 S -182.709915 2.099659 -132.082275 1.800000 0.000000 0.000000
435000 33 C -184.947342 2.673236 -134.686966 2.150000 0.000000 0.000000
435000 34 P -184.254761 -1.366353 -131.512207 2.110000 -1.000000 0.000000
435000 35 S -187.588379 0.307870 -131.516724 1.800000 0.000000 0.000000
435000 36 U -187.732544 -0.205633 -135.108185 2.150000 0.000000 0.000000
435000 37 P -190.117920 -2.453024 -131.423950 2.110000 -1.000000 0.000000
440000 1 P -190.642746 2.558903 -142.428101 2.110000 -1.000000 1.000000
440000 2 S -193.085052 1.535634 -139.690994 1.800000 0.000000 0.000000
440000 3 G -190.935883 1.947872 -137.264313 2.150000 0.000000 0.000000
440000 4 P -194.212341 5.091373 -139.249710 2.110000 -1.000000 0.000000
440000 5 S -194.737808 5.623385 -135.511322 1.800000 0.000000 0.000000
440000 6 G -191.876144 5.504078 -133.716980 2.150000 0.000000 0.000000
440000 7 P -194.315964 9.227325 -136.462082 2.110000 -1.000000 0.000000
440000 8 S -192.618225 10.368155 -133.116470 1.800000 0.000000 0.000000
440000 9 G -189.441864 8.822760 -132.428436 2.150000 0.000000 0.000000
440000 10 P -191.467575 13.561024 -134.844604 2.110000 -1.000000 0.000000
440000 11 S -188.275406 14.940311 -133.103317 1.800000 0.000000 0.000000
440000 12 C -186.944992 11.963340 -134.527771 2.150000 0.000000 0.000000
440000 13 P -187.830994 16.703915 -136.651245 2.110000 -1.000000 0.000000
440000 14 S -184.102753 16.594845 -136.823181 1.800000 0.000000 0.000000
440000 15 G -184.008362 13.381457 -138.253738 2.150000 0.000000 0.000000
440000 16 P -184.295670 16.899698 -140.503586 2.110000 -1.000000 0.000000
440000 17 S -180.718124 15.887610 -141.392517 1.800000 0.000000 0.000000
440000 18 C -179.831100 18.855736 -143.102356 2.150000 0.000000 0.000000
440000 19 P -181.262436 14.329352 -144.591995 2.110000 -1.000000 0.000000
440000 20 S -178.692230 11.754101 -143.306808 1.800000 0.000000 0.000000
440000 21 A -175.566574 12.219273 -145.232422 2.150000 0.000000 0.000000
440000 22 P -179.073761 8.232098 -144.783478 2.110000 -1.000000 0.000000
440000 23 S -176.902191 8.301375 -141.599533 1.800000 0.000000 0.000000
440000 24 A -179.400543 9.808720 -139.602386 2.150000 0.000000 0.000000
440000 25 P -176.256866 4.976099 -140.036057 2.110000 -1.000000 0.000000
440000 26 S -176.076920 6.097169 -136.278458 1.800000 0.000000 0.000000
440000 27 G -179.333420 7.531783 -136.204987 2.150000 0.000000 0.000000
440000 28 P -176.710510 3.134652 -133.636642 2.110000 -1.000000 0.000000
440000 29 S -178.872284 4.803212 -131.022003 1.800000 0.000000 0.000000
440000 30 C -182.006683 4.034671 -132.788681 2.150000 0.000000 0.000000
440000 31 P -179.369736 1.918238 -128.756851 2.110000 -1.000000 0.000000
440000 32 S -182.287277 2.726066 -126.514671 1.800000 0.000000 0.000000
440000 33 C -184.907043 3.711977 -128.657196 2.150000 0.000000 0.000000
440000 34 P -182.387787 -1.008565 -126.593811 2.110000 -1.000000 0.000000
440000 35 S -186.348328 -1.581461 -126.435135 1.800000 0.000000 0.000000
440000 36 U -186.442459 -0.584364 -129.897827 2.150000 0.000000 0.000000
440000 37 P -185.703873 -5.203589 -127.851204 2.110000 -1.000000 0.000000
445000 1 P -193.201843 1.289497 -137.572861 2.110000 -1.000000 1.000000
445000 2 S -194.016769 1.466910 -133.734665 1.800000 0.000000 0.000000
445000 3 G -190.727783 0.620579 -132.894165 2.150000 0.000000 0.000000
445000 4 P -193.657669 5.147687 -134.198593 2.110000 -1.000000 0.000000
445000 5 S -192.995621 6.055326 -130.563965 1.800000 0.000000 0.000000
445000 6 G -189.912994 4.237154 -130.413132 2.150000 0.000000 0.000000
445000 7 P -191.729141 9.261507 -132.035934 2.110000 -1.000000 0.000000
445000 8 S -188.900940 10.418142 -129.738968 1.800000 0.000000 0.000000
445000 9 G -186.390121 9.039256 -131.316467 2.150000 0.000000 0.000000
445000 10 P -189.006027 12.770213 -132.860748 2.110000 -1.000000 0.000000
445000 11 S -185.603897 14.468349 -132.766922 1.800000 0.000000 0.000000
445000 12 C -183.665680 11.678715 -133.875946 2.150000 0.000000 0.000000
445000 13 P -186.131989 16.146376 -136.318634 2.110000 -1.000000 0.000000
445000 14 S -182.821365 17.995470 -136.243484 1.800000 0.000000 0.000000
445000 15 G -181.973083 14.816548 -135.003357 2.150000 0.000000 0.000000
445000 16 P -182.618896 18.428328 -140.020157 2.110000 -1.000000 0.000000
445000 17 S -178.895401 17.652077 -140.220734 1.800000 0.000000 0.000000
445000 18 C -179.005554 14.943571 -138.006073 2.150000 0.000000 0.000000
445000 19 P -177.258224 16.621250 -143.698761 2.110000 -1.000000 0.000000
445000 20 S -175.818970 14.019749 -141.308136 1.800000 0.000000 0.000000
445000 21 A -179.281143 12.726768 -141.664459 2.150000 0.000000 0.000000
445000 22 P -174.663208 11.539073 -143.752350 2.110000 -1.000000 0.000000
445000 23 S -173.756180 10.346947 -140.094818 1.800000 0.000000 0.000000
445000 24 A -177.142593 9.614882 -140.096390 2.150000 0.000000 0.000000
445000 25 P -172.550842 6.757670 -139.614960 2.110000 -1.000000 0.000000
445000 26 S -172.709167 6.484782 -135.886826 1.800000 0.000000 0.000000
445000 27 G -175.590027 7.934457 -135.007111 2.150000 0.000000 0.000000
445000 28 P -173.857925 3.282109 -134.268570 2.110000 -1.000000 0.000000
445000 29 S -174.925842 5.238420 -131.100388 1.800000 0.000000 0.000000
445000 30 C -178.392349 5.328618 -132.367264 2.150000 0.000000 0.000000
445000 31 P -176.487152 3.382983 -128.331284 2.110000 -1.000000 0.000000
445000 32 S -178.677231 5.827212 -126.162865 1.800000 0.000000 0.000000
445000 33 C -181.237305 5.944300 -128.425980 2.150000 0.000000 0.000000
445000 34 P -179.788239 2.513702 -124.746895 2.110000 -1.000000 0.000000
445000 35 S -183.234787 3.866390 -123.563614 1.800000 0.000000 0.000000
445000 36 U -184.683990 4.196381 -126.646286 2.150000 0.000000 0.000000
445000 37 P -184.314957 0.227332 -123.247688 2.110000 -1.000000 0.000000
450000 1 P -184.987747 8.979820 -150.347641 2.110000 -1.000000 1.000000
450000 2 S -188.235062 8.802960 -148.239059 1.800000 0.000000 0.000000
450000 3 G -186.473755 6.549814 -145.943130 2.150000 0.000000 0.000000
450000 4 P -187.779602 12.254084 -147.455353 2.110000 -1.000000 0.000000
450000 5 S -188.701340 11.837934 -143.750290 1.800000 0.000000 0.000000
450000 6 G -186.895279 9.356748 -142.416153 2.150000 0.000000 0.000000
450000 7 P -186.910461 15.164264 -143.566208 2.110000 -1.000000 0.000000
450000 8 S -185.428558 15.815126 -140.188507 1.800000 0.000000 0.000000
450000 9 G -182.317535 14.140495 -140.284531 2.150000 0.000000 0.000000
450000 10 P -183.339127 19.166412 -140.990860 2.110000 -1.000000 0.000000
450000 11 S -180.195480 19.055407 -139.039673 1.800000 0.000000 0.000000
450000 12 C -179.115585 17.065771 -141.677292 2.150000 0.000000 0.000000
450000 13 P -179.423691 22.023872 -141.325699 2.110000 -1.000000 0.000000
450000 14 S -175.603928 21.714157 -141.565964 1.800000 0.000000 0.000000
450000 15 G -174.977600 18.606697 -140.353424 2.150000 0.000000 0.000000
450000 16 P -175.194824 22.774700 -145.357529 2.110000 -1.000000 0.000000
450000 17 S -171.434036 22.122742 -144.531021 1.800000 0.000000 0.000000
450000 18 C -171.011154 20.477076 -141.241547 2.150000 0.000000 0.000000
450000 19 P -171.193726 19.159225 -147.120926 2.110000 -1.000000 0.000000
450000 20 S -169.219742 16.907150 -144.753387 1.800000 0.000000 0.000000
450000 21 A -171.455582 16.688017 -142.190247 2.150000 0.000000 0.000000
450000 22 P -168.881622 13.497629 -146.119598 2.110000 -1.000000 0.000000
450000 23 S -167.353210 12.228221 -142.847824 1.800000 0.000000 0.000000
450000 24 A -169.739594 13.353047 -141.016327 2.150000 0.000000 0.000000
450000 25 P -168.433685 8.523984 -142.614304 2.110000 -1.000000 0.000000
450000 26 S -170.346313 8.770871 -139.287384 1.800000 0.000000 0.000000
450000 27 G -172.886551 10.222131 -141.266922 2.150000 0.000000 0.000000
450000 28 P -171.591064 5.344014 -138.481689 2.110000 -1.000000 0.000000
450000 29 S -173.342087 7.102072 -135.743851 1.800000 0.000000 0.000000
450000 30 C -175.452820 9.256609 -137.233307 2.150000 0.000000 0.000000
450000 31 P -175.299606 3.812541 -136.322174 2.110000 -1.000000 0.000000
450000 32 S -178.241837 5.674942 -134.419891 1.800000 0.000000 0.000000
450000 33 C -180.054123 8.093388 -136.499496 2.150000 0.000000 0.000000
450000 34 P -180.797806 2.835700 -133.960419 2.110000 -1.000000 0.000000
450000 35 S -184.165146 4.569023 -133.732635 1.800000 0.000000 0.000000
450000 36 U -185.060013 4.933224 -136.983887 2.150000 0.000000 0.000000
450000 37 P -185.360168 0.870875 -133.826035 2.110000 -1.000000 0.000000
455000 1 P -187.082703 12.400060 -144.542618 2.110000 -1.000000 1.000000
455000 2 S -188.908783 13.127672 -141.319702 1.800000 0.000000 0.000000
455000 3 G -187.329636 11.799588 -138.800461 2.150000 0.000000 0.000000
455000 4 P -187.317398 16.447216 -140.884277 2.110000 -1.000000 0.000000
455000 5 S -186.404572 17.046442 -137.159332 1.800000 0.000000 0.000000
455000 6 G -183.406006 15.377407 -136.868774 2.150000 0.000000 0.000000
455000 7 P -184.303864 20.056166 -138.313370 2.110000 -1.000000 0.000000
455000 8 S -181.481705 20.373573 -135.872208 1.800000 0.000000 0.000000
455000 9 G -179.455551 17.700729 -137.336884 2.150000 0.000000 0.000000
455000 10 P -180.807114 22.767895 -138.485077 2.110000 -1.000000 0.000000
455000 11 S -177.382812 22.647188 -137.226013 1.800000 0.000000 0.000000
455000 12 C -176.062317 19.583628 -137.622696 2.150000 0.000000 0.000000
455000 13 P -177.537567 24.332258 -140.754517 2.110000 -1.000000 0.000000
455000 14 S -174.190796 23.127680 -142.284912 1.800000 0.000000 0.000000
455000 15 G -175.215851 19.750622 -142.250031 2.150000 0.000000 0.000000
455000 16 P -174.003983 23.688229 -145.969055 2.110000 -1.000000 0.000000
455000 17 S -171.740417 20.667646 -145.258743 1.800000 0.000000 0.000000
455000 18 C -168.566132 22.011726 -144.752197 2.150000 0.000000 0.000000
455000 19 P -171.826706 18.279846 -148.031158 2.110000 -1.000000 0.000000
455000 20 S -169.555878 16.100618 -145.939178 1.800000 0.000000 0.000000
455000 21 A -171.952377 15.327116 -143.374100 2.150000 0.000000 0.000000
455000 22 P -170.585617 12.700119 -147.562103 2.110000 -1.000000 0.000000
455000 23 S -169.311539 12.291693 -143.952896 1.800000 0.000000 0.000000
455000 24 A -166.305313 12.931482 -145.403793 2.150000 0.000000 0.000000
455000 25 P -169.371719 8.754947 -142.581619 2.110000 -1.000000 0.000000
455000 26 S -168.293884 10.558693 -139.494110 1.800000 0.000000 0.000000
455000 27 G -171.357056 12.325171 -138.871109 2.150000 0.000000 0.000000
455000 28 P -169.825043 7.358783 -137.905991 2.110000 -1.000000 0.000000
455000 29 S -171.471588 9.096065 -135.008606 1.800000 0.000000 0.000000
455000 30 C -174.011978 10.822897 -136.490585 2.150000 0.000000 0.000000
455000 31 P -173.515701 6.142959 -133.632812 2.110000 -1.000000 0.000000
455000 32 S -175.800522 8.103948 -131.374893 1.800000 0.000000 0.000000
455000 33 C -177.737442 9.106801 -134.123703 2.150000 0.000000 0.000000
455000 34 P -178.229736 5.028489 -130.902267 2.110000 -1.000000 0.000000
455000 35 S -181.143509 7.243612 -129.473358 1.800000 0.000000 0.000000
455000 36 U -181.732758 9.459758 -132.013611 2.150000 0.000000 0.000000
455000 37 P -183.884048 4.784945 -130.357834 2.110000 -1.000000 0.000000
460000 1 P -184.532623 9.866728 -146.481720 2.110000 -1.000000 1.000000
460000 2 S -186.547775 11.115366 -143.279022 1.800000 0.000000 0.000000
460000 3 G -184.838364 10.441460 -140.360504 2.150000 0.000000 0.000000
460000 4 P -184.535492 14.174649 -144.402908 2.110000 -1.000000 0.000000
460000 5 S -184.876022 15.129025 -140.681198 1.800000 0.000000 0.000000
460000 6 G -182.048630 13.332322 -139.358215 2.150000 0.000000 0.000000
460000 7 P -182.587296 18.043282 -141.753906 2.110000 -1.000000 0.000000
460000 8 S -180.973892 18.695683 -138.150482 1.800000 0.000000 0.000000
460000 9 G -179.171127 15.764665 -138.612274 2.150000 0.000000 0.000000
460000 10 P -179.398972 21.520664 -140.401443 2.110000 -1.000000 0.000000
460000 11 S -176.366241 21.767511 -138.426804 1.800000 0.000000 0.000000
460000 12 C -175.550598 18.394484 -138.615448 2.150000 0.000000 0.000000
460000 13 P -175.561600 22.998512 -141.766037 2.110000 -1.000000 0.000000
460000 14 S -171.760635 23.503017 -141.814987 1.800000 0.000000 0.000000
460000 15 G -172.276459 26.955523 -141.213943 2.150000 0.000000 0.000000
460000 16 P -172.294479 23.013790 -145.453552 2.110000 -1.000000 0.000000
460000 17 S -170.372070 19.998680 -144.247803 1.800000 0.000000 0.000000
460000 18 C -173.003693 18.611519 -142.590637 2.150000 0.000000 0.000000
460000 19 P -171.343048 18.252270 -147.456558 2.110000 -1.000000 0.000000
460000 20 S -169.921494 15.190464 -145.615891 1.800000 0.000000 0.000000
460000 21 A -171.674759 14.936215 -142.509262 2.150000 0.000000 0.000000
460000 22 P -170.702454 11.762127 -147.095261 2.110000 -1.000000 0.000000
460000 23 S -170.687851 9.988961 -143.680328 1.800000 0.000000 0.000000
460000 24 A -167.708237 9.338892 -141.967880 2.150000 0.000000 0.000000
460000 25 P -171.501205 6.270329 -143.049606 2.110000 -1.000000 0.000000
460000 26 S -169.824738 7.644380 -139.770050 1.800000 0.000000 0.000000
460000 27 G -171.773376 10.171394 -138.495300 2.150000 0.000000 0.000000
460000 28 P -171.326080 4.587305 -138.003250 2.110000 -1.000000 0.000000
460000 29 S -172.513321 6.286710 -134.784225 1.800000 0.000000 0.000000
460000 30 C -174.934586 8.236321 -136.410065 2.150000 0.000000 0.000000
460000 31 P -173.794785 3.192131 -133.486084 2.110000 -1.000000 0.000000
460000 32 S -176.438278 5.468542 -131.803482 1.800000 0.000000 0.000000
460000 33 C -178.419846 6.806420 -134.429001 2.150000 0.000000 0.000000
460000 34 P -178.582504 2.396266 -131.104095 2.110000 -1.000000 0.000000
460000 35 S -182.455612 2.788043 -131.167389 1.800000 0.000000 0.000000
460000 36 U -181.870667 4.047492 -134.440536 2.150000 0.000000 0.000000
460000 37 P -181.877975 -0.866275 -131.357468 2.110000 -1.000000 0.000000
465000 1 P -184.521606 12.952149 -150.749039 2.110000 -1.000000 1.000000
465000 2 S -186.566223 14.404621 -147.926193 1.800000 0.000000 0.000000
465000 3 G -185.908752 14.229001 -144.493423 2.150000 0.000000 0.000000
465000 4 P -185.678070 18.125830 -147.909592 2.110000 -1.000000 0.000000
465000 5 S -186.003494 19.478951 -144.475647 1.800000 0.000000 0.000000
465000 6 G -183.911682 17.334707 -142.750488 2.150000 0.000000 0.000000
465000 7 P -183.934296 22.911003 -144.797012 2.110000 -1.000000 0.000000
465000 8 S -182.360657 24.344025 -141.573288 1.800000 0.000000 0.000000
465000 9 G -180.126389 21.724077 -141.376984 2.150000 0.000000 0.000000
465000 10 P -180.565231 26.098736 -144.473785 2.110000 -1.000000 0.000000
465000 11 S -177.503647 27.677811 -142.946518 1.800000 0.000000 0.000000
465000 12 C -175.459717 25.044996 -142.469589 2.150000 0.000000 0.000000
465000 13 P -176.280258 28.165234 -146.567261 2.110000 -1.000000 0.000000
465000 14 S -172.991974 26.404119 -146.498505 1.800000 0.000000 0.000000
465000 15 G -173.425400 22.893127 -145.653305 2.150000 0.000000 0.000000
465000 16 P -171.958557 25.354420 -150.074097 2.110000 -1.000000 0.000000
465000 17 S -168.397385 26.843346 -150.449112 1.800000 0.000000 0.000000
465000 18 C -167.669876 25.483467 -147.347641 2.150000 0.000000 0.000000
465000 19 P -167.808670 23.546230 -152.327194 2.110000 -1.000000 0.000000
465000 20 S -164.436218 23.542610 -150.637146 1.800000 0.000000 0.000000
465000 21 A -163.101364 24.575954 -153.598419 2.150000 0.000000 0.000000
465000 22 P -163.078522 19.852148 -150.797073 2.110000 -1.000000 0.000000
465000 23 S -165.248260 19.864120 -147.634430 1.800000 0.000000 0.000000
465000 24 A -167.770264 19.672482 -150.020462 2.150000 0.000000 0.000000
465000 25 P -165.328476 15.969172 -146.966125 2.110000 -1.000000 0.000000
465000 26 S -166.514069 16.483431 -143.342941 1.800000 0.000000 0.000000
465000 27 G -169.123489 18.759756 -144.270294 2.150000 0.000000 0.000000
465000 28 P -169.069763 14.005167 -141.865341 2.110000 -1.000000 0.000000
465000 29 S -169.814651 15.642877 -138.487000 1.800000 0.000000 0.000000
465000 30 C -172.054489 17.716061 -140.255356 2.150000 0.000000 0.000000
465000 31 P -172.201050 13.336277 -136.758667 2.110000 -1.000000 0.000000
465000 32 S -174.369370 16.222370 -135.631454 1.800000 0.000000 0.000000
465000 33 C -175.524521 16.969269 -138.878189 2.150000 0.000000 0.000000
465000 34 P -176.947983 13.921474 -134.065430 2.110000 -1.000000 0.000000
465000 35 S -179.672623 16.610357 -134.648636 1.800000 0.000000 0.000000
465000 36 U -179.692474 16.303347 -138.235367 2.150000 0.000000 0.000000
465000 37 P -182.286743 13.810007 -133.831573 2.110000 -1.000000 0.000000
470000 1 P -172.191727 18.464605 -154.738632 2.110000 -1.000000 1.000000
470000 2 S -175.397537 17.776123 -152.675034 1.800000 0.000000 0.000000
470000 3 G -174.112595 16.589533 -149.645554 2.150000 0.000000 0.000000
470000 4 P -175.118057 21.685423 -151.737488 2.110000 -1.000000 0.000000
470000 5 S -177.268723 21.328009 -148.704285 1.800000 0.000000 0.000000
470000 6 G -175.110519 19.615297 -146.433594 2.150000 0.000000 0.000000
470000 7 P -175.510284 24.771038 -148.337463 2.110000 -1.000000 0.000000
470000 8 S -175.572159 25.904991 -144.769958 1.800000 0.000000 0.000000
470000 9 G -172.809418 24.259880 -143.140686 2.150000 0.000000 0.000000
470000 10 P -173.460236 27.643559 -147.388535 2.110000 -1.000000 0.000000
470000 11 S -170.717163 29.415335 -145.403442 1.800000 0.000000 0.000000
470000 12 C -169.756516 26.238937 -144.287521 2.150000 0.000000 0.000000
470000 13 P -168.631638 29.428232 -148.721405 2.110000 -1.000000 0.000000
470000 14 S -165.713593 29.814987 -146.357468 1.800000 0.000000 0.000000
470000 15 G -164.654602 26.612381 -144.778000 2.150000 0.000000 0.000000
470000 16 P -163.616379 28.259558 -148.999619 2.110000 -1.000000 0.000000
470000 17 S -160.078629 29.846510 -148.257797 1.800000 0.000000 0.000000
470000 18 C -159.186890 28.954176 -144.792145 2.150000 0.000000 0.000000
470000 19 P -158.396667 27.037371 -150.230042 2.110000 -1.000000 0.000000
470000 20 S -154.844345 27.764044 -148.853439 1.800000 0.000000 0.000000
470000 21 A -153.612152 27.996490 -152.099625 2.150000 0.000000 0.000000
470000 22 P -154.982193 23.913164 -149.015686 2.110000 -1.000000 0.000000
470000 23 S -156.497330 23.172918 -145.550964 1.800000 0.000000 0.000000
470000 24 A -159.553680 24.392630 -146.793472 2.150000 0.000000 0.000000
470000 25 P -157.872070 19.569143 -145.423203 2.110000 -1.000000 0.000000
470000 26 S -159.484283 20.079580 -142.064163 1.800000 0.000000 0.000000
470000 27 G -162.591629 20.959337 -142.476685 2.150000 0.000000 0.000000
470000 28 P -161.221863 16.974154 -140.485641 2.110000 -1.000000 0.000000
470000 29 S -163.174026 18.988300 -137.752014 1.800000 0.000000 0.000000
470000 30 C -165.936325 20.323349 -139.502747 2.150000 0.000000 0.000000
470000 31 P -165.599411 16.033268 -137.126846 2.110000 -1.000000 0.000000
470000 32 S -168.757217 18.088186 -136.232407 1.800000 0.000000 0.000000
470000 33 C -170.501678 19.843288 -138.627045 2.150000 0.000000 0.000000
470000 34 P -169.894226 14.461812 -136.317230 2.110000 -1.000000 0.000000
470000 35 S -173.312515 14.354183 -138.103317 1.800000 0.000000 0.000000
470000 36 U -172.519897 16.420994 -140.903641 2.150000 0.000000 0.000000
470000 37 P -172.814026 10.699619 -138.951141 2.110000 -1.000000 0.000000
475000 1 P -168.897644 15.271526 -156.157227 2.110000 -1.000000 1.000000
475000 2 S -172.537323 14.471730 -156.056549 1.800000 0.000000 0.000000
475000 3 G -172.788269 14.021075 -152.645462 2.150000 0.000000 0.000000
475000 4 P -173.075363 18.055672 -156.835541 2.110000 -1.000000 0.000000
475000 5 S -175.528183 18.824860 -154.136765 1.800000 0.000000 0.000000
475000 6 G -172.744492 17.986504 -152.071075 2.150000 0.000000 0.000000
475000 7 P -174.474487 22.587303 -154.587326 2.110000 -1.000000 0.000000
475000 8 S -175.244080 24.330240 -151.146011 1.800000 0.000000 0.000000
475000 9 G -172.937347 22.717321 -149.264664 2.150000 0.000000 0.000000
475000 10 P -173.302261 27.012035 -152.799484 2.110000 -1.000000 0.000000
475000 11 S -172.852036 29.143116 -149.635315 1.800000 0.000000 0.000000
475000 12 C -170.895462 26.722059 -148.094971 2.150000 0.000000 0.000000
475000 13 P -170.043716 30.278667 -151.808899 2.110000 -1.000000 0.000000
475000 14 S -167.708206 32.030617 -149.208618 1.800000 0.000000 0.000000
475000 15 G -167.069733 29.622175 -146.674271 2.150000 0.000000 0.000000
475000 16 P -165.297699 30.922567 -151.704971 2.110000 -1.000000 0.000000
475000 17 S -163.202881 29.363903 -149.010773 1.800000 0.000000 0.000000
475000 18 C -160.194443 30.555914 -150.433868 2.150000 0.000000 0.000000
475000 19 P -162.532822 26.103159 -150.335083 2.110000 -1.000000 0.000000
475000 20 S -159.313721 26.476931 -148.341751 1.800000 0.000000 0.000000
475000 21 A -160.812241 26.111952 -144.939621 2.150000 0.000000 0.000000
475000 22 P -158.873550 22.817039 -148.823288 2.110000 -1.000000 0.000000
475000 23 S -159.434631 21.994856 -145.057312 1.800000 0.000000 0.000000
475000 24 A -162.317841 22.399776 -146.954712 2.150000 0.000000 0.000000
475000 25 P -160.448578 18.930489 -143.295975 2.110000 -1.000000 0.000000
475000 26 S -162.841187 20.712971 -141.148773 1.800000 0.000000 0.000000
475000 27 G -165.259064 21.469753 -143.303268 2.150000 0.000000 0.000000
475000 28 P -164.247070 17.210203 -140.258438 2.110000 -1.000000 0.000000
475000 29 S -167.680481 18.521944 -139.325943 1.800000 0.000000 0.000000
475000 30 C -168.512878 19.279955 -142.543884 2.150000 0.000000 0.000000
475000 31 P -169.162964 15.119295 -138.927322 2.110000 -1.000000 0.000000
475000 32 S -172.618896 16.475174 -139.811157 1.800000 0.000000 0.000000
475000 33 C -171.702255 16.287033 -143.128021 2.150000 0.000000 0.000000
475000 34 P -173.755707 12.738146 -139.090744 2.110000 -1.000000 0.000000
475000 35 S -176.892395 13.863469 -141.014969 1.800000 0.000000 0.000000
475000 36 U -175.482864 13.939038 -144.308746 2.150000 0.000000 0.000000
475000 37 P -177.391449 10.431779 -142.038773 2.110000 -1.000000 0.000000
480000 1 P -165.286011 21.157969 -149.110687 2.110000 -1.000000 1.000000
480000 2 S -168.890228 19.617075 -149.222519 1.800000 0.000000 0.000000
480000 3 G -169.746628 20.249334 -146.154739 2.150000 0.000000 0.000000
480000 4 P -169.914047 23.163456 -150.028687 2.110000 -1.000000 0.000000
480000 5 S -172.485504 24.615740 -147.685715 1.800000 0.000000 0.000000
480000 6 G -170.787003 24.235142 -144.822723 2.150000 0.000000 0.000000
480000 7 P -171.051422 27.940088 -148.749832 2.110000 -1.000000 0.000000
480000 8 S -171.629456 29.794342 -145.582779 1.800000 0.000000 0.000000
480000 9 G -169.135452 28.153458 -143.797043 2.150000 0.000000 0.000000
480000 10 P -169.181473 31.834618 -147.511215 2.110000 -1.000000 0.000000
480000 11 S -168.035324 33.976189 -144.617645 1.800000 0.000000 0.000000
480000 12 C -165.758682 31.650593 -143.289978 2.150000 0.000000 0.000000
480000 13 P -165.154266 34.821667 -147.216415 2.110000 -1.000000 0.000000
480000 14 S -162.974030 33.829010 -144.222855 1.800000 0.000000 0.000000
480000 15 G -162.612518 36.863884 -142.411102 2.150000 0.000000 0.000000
480000 16 P -159.649689 33.528957 -145.987320 2.110000 -1.000000 0.000000
480000 17 S -159.500916 30.394825 -143.573959 1.800000 0.000000 0.000000
480000 18 C -162.047119 30.279903 -145.984619 2.150000 0.000000 0.000000
480000 19 P -157.854492 27.186182 -143.054962 2.110000 -1.000000 0.000000
480000 20 S -155.212784 28.742176 -140.670258 1.800000 0.000000 0.000000
480000 21 A -158.095764 29.739386 -138.842270 2.150000 0.000000 0.000000
480000 22 P -155.677628 25.179302 -139.306381 2.110000 -1.000000 0.000000
480000 23 S -155.367661 27.225641 -136.103577 1.800000 0.000000 0.000000
480000 24 A -152.690918 25.657457 -134.630585 2.150000 0.000000 0.000000
480000 25 P -157.481766 23.666460 -135.481445 2.110000 -1.000000 0.000000
480000 26 S -160.316238 25.703651 -134.025970 1.800000 0.000000 0.000000
480000 27 G -161.579941 27.085670 -137.089951 2.150000 0.000000 0.000000
480000 28 P -162.703354 22.818867 -133.036682 2.110000 -1.000000 0.000000
480000 29 S -166.238007 24.309521 -132.639633 1.800000 0.000000 0.000000
480000 30 C -167.301224 24.402981 -135.848770 2.150000 0.000000 0.000000
480000 31 P -167.556931 20.640694 -132.103790 2.110000 -1.000000 0.000000
480000 32 S -170.901505 22.097176 -132.764984 1.800000 0.000000 0.000000
480000 33 C -170.024750 21.919088 -136.213348 2.150000 0.000000 0.000000
480000 34 P -171.776413 18.597895 -132.167068 2.110000 -1.000000 0.000000
480000 35 S -174.417358 18.205172 -134.972336 1.800000 0.000000 0.000000
480000 36 U -172.460999 18.667858 -137.575027 2.150000 0.000000 0.000000
480000 37 P -173.365173 14.441814 -133.979630 2.110000 -1.000000 0.000000
485000 1 P -159.837524 14.434726 -144.198410 2.110000 -1.000000 1.000000
485000 2 S -163.694672 14.514263 -144.374741 1.800000 0.000000 0.000000
485000 3 G -164.962814 14.635808 -140.793121 2.150000 0.000000 0.000000
485000 4 P -163.268997 17.660355 -146.066696 2.110000 -1.000000 0.000000
485000 5 S -166.208664 18.647547 -143.943787 1.800000 0.000000 0.000000
485000 6 G -164.078018 18.962997 -141.329407 2.150000 0.000000 0.000000
485000 7 P -165.525223 22.106136 -145.382477 2.110000 -1.000000 0.000000
485000 8 S -165.791336 24.748972 -142.864304 1.800000 0.000000 0.000000
485000 9 G -163.126419 23.460928 -141.160004 2.150000 0.000000 0.000000
485000 10 P -164.198700 27.341629 -145.123184 2.110000 -1.000000 0.000000
485000 11 S -162.950287 29.965986 -142.745285 1.800000 0.000000 0.000000
485000 12 C -161.130905 27.840540 -140.788406 2.150000 0.000000 0.000000
485000 13 P -160.568726 30.138302 -145.678925 2.110000 -1.000000 0.000000
485000 14 S -158.602875 32.111809 -143.239975 1.800000 0.000000 0.000000
485000 15 G -157.755768 29.657701 -141.044067 2.150000 0.000000 0.000000
485000 16 P -155.403610 31.378448 -145.192291 2.110000 -1.000000 0.000000
485000 17 S -152.677124 32.505390 -142.733459 1.800000 0.000000 0.000000
485000 18 C -153.729935 31.336735 -139.649902 2.150000 0.000000 0.000000
485000 19 P -150.633545 29.378414 -143.335297 2.110000 -1.000000 0.000000
485000 20 S -148.794083 29.246353 -139.963608 1.800000 0.000000 0.000000
485000 21 A -151.856857 27.734947 -139.107162 2.150000 0.000000 0.000000
485000 22 P -146.967117 25.916426 -139.928192 2.110000 -1.000000 0.000000
485000 23 S -148.968124 26.466606 -136.867477 1.800000 0.000000 0.000000
485000 24 A -148.607040 28.497198 -134.032913 2.150000 0.000000 0.000000
485000 25 P -149.289001 23.055185 -134.783737 2.110000 -1.000000 0.000000
485000 26 S -152.258820 24.993235 -133.191681 1.800000 0.000000 0.000000
485000 27 G -154.420258 24.887865 -135.843933 2.150000 0.000000 0.000000
485000 28 P -153.698349 22.123611 -131.205338 2.110000 -1.000000 0.000000
485000 29 S -157.093140 23.677933 -130.768478 1.800000 0.000000 0.000000
485000 30 C -158.265884 22.236937 -133.817032 2.150000 0.000000 0.000000
485000 31 P -158.785492 20.665184 -128.902298 2.110000 -1.000000 0.000000
485000 32 S -162.531799 21.842022 -129.454453 1.800000 0.000000 0.000000
485000 33 C -162.261963 21.787764 -132.883942 2.150000 0.000000 0.000000
485000 34 P -162.930023 18.064337 -127.917267 2.110000 -1.000000 0.000000
485000 35 S -166.564545 18.168730 -128.985168 1.800000 0.000000 0.000000
485000 36 U -165.604080 18.327959 -132.402451 2.150000 0.000000 0.000000
485000 37 P -165.805984 14.497344 -127.645454 2.110000 -1.000000 0.000000
490000 1 P -169.562012 9.117834 -144.957169 2.110000 -1.000000 1.000000
490000 2 S -172.952286 10.547102 -144.311462 1.800000 0.000000 0.000000
490000 3 G -173.085724 12.158491 -141.259811 2.150000 0.000000 0.000000
490000 4 P -171.616867 13.325984 -146.533966 2.110000 -1.000000 0.000000
490000 5 S -173.563690 16.399351 -145.690094 1.800000 0.000000 0.000000
490000 6 G -171.923172 17.265829 -142.929001 2.150000 0.000000 0.000000
490000 7 P -171.042038 17.275776 -148.293945 2.110000 -1.000000 0.000000
490000 8 S -171.391876 20.996849 -147.337280 1.800000 0.000000 0.000000
490000 9 G -170.241409 21.791143 -144.014297 2.150000 0.000000 0.000000
490000 10 P -168.761276 20.773100 -150.009735 2.110000 -1.000000 0.000000
490000 11 S -167.319473 24.174587 -149.305954 1.800000 0.000000 0.000000
490000 12 C -166.139099 23.117556 -146.310577 2.150000 0.000000 0.000000
490000 13 P -163.779907 24.084347 -150.800446 2.110000 -1.000000 0.000000
490000 14 S -162.731339 27.583698 -149.527817 1.800000 0.000000 0.000000
490000 15 G -162.268707 26.391911 -146.417374 2.150000 0.000000 0.000000
490000 16 P -159.109802 26.681946 -150.187408 2.110000 -1.000000 0.000000
490000 17 S -157.760361 29.160915 -147.687820 1.800000 0.000000 0.000000
490000 18 C -157.030106 31.789785 -149.831940 2.150000 0.000000 0.000000
490000 19 P -153.959106 28.515877 -146.862061 2.110000 -1.000000 0.000000
490000 20 S -155.839035 26.173355 -144.359100 1.800000 0.000000 0.000000
490000 21 A -156.331329 24.072842 -147.070969 2.150000 0.000000 0.000000
490000 22 P -153.002625 23.916483 -142.978653 2.110000 -1.000000 0.000000
490000 23 S -155.517151 24.792622 -140.271988 1.800000 0.000000 0.000000
490000 24 A -158.371719 23.248549 -141.814713 2.150000 0.000000 0.000000
490000 25 P -155.751068 22.261360 -137.450699 2.110000 -1.000000 0.000000
490000 26 S -158.329117 25.084675 -137.089310 1.800000 0.000000 0.000000
490000 27 G -160.867569 23.645962 -138.824295 2.150000 0.000000 0.000000
490000 28 P -160.626389 23.782011 -134.267075 2.110000 -1.000000 0.000000
490000 29 S -163.940094 25.487553 -134.701355 1.800000 0.000000 0.000000
490000 30 C -164.738007 24.940538 -138.053131 2.150000 0.000000 0.000000
490000 31 P -165.295319 23.225002 -132.341095 2.110000 -1.000000 0.000000
490000 32 S -168.544235 24.739250 -133.549332 1.800000 0.000000 0.000000
490000 33 C -169.157791 23.112984 -136.529831 2.150000 0.000000 0.000000
490000 34 P -171.120056 22.645649 -131.903320 2.110000 -1.000000 0.000000
490000 35 S -173.829681 22.407202 -134.731537 1.800000 0.000000 0.000000
490000 36 U -172.107513 19.858456 -136.489670 2.150000 0.000000 0.000000
490000 37 P -174.363632 19.578382 -132.260773 2.110000 -1.000000 0.000000
495000 1 P -169.145508 8.640176 -150.281006 2.110000 -1.000000 1.000000
495000 2 S -171.850540 10.858758 -151.620743 1.800000 0.000000 0.000000
495000 3 G -171.954880 12.827781 -148.832275 2.150000 0.000000 0.000000
495000 4 P -169.479416 13.435933 -153.351303 2.110000 -1.000000 0.000000
495000 5 S -171.635559 16.543434 -153.869141 1.800000 0.000000 0.000000
495000 6 G -171.484909 17.531298 -150.580566 2.150000 0.000000 0.000000
495000 7 P -169.008316 19.091438 -154.712311 2.110000 -1.000000 0.000000
495000 8 S -169.829285 22.424299 -152.996292 1.800000 0.000000 0.000000
495000 9 G -168.223572 21.737427 -150.011932 2.150000 0.000000 0.000000
495000 10 P -166.325134 23.052431 -154.664612 2.110000 -1.000000 0.000000
495000 11 S -164.870056 26.001431 -152.701248 1.800000 0.000000 0.000000
495000 12 C -164.790573 24.219635 -149.850723 2.150000 0.000000 0.000000
495000 13 P -161.350342 25.750574 -154.537140 2.110000 -1.000000 0.000000
495000 14 S -159.524734 26.971104 -151.357620 1.800000 0.000000 0.000000
495000 15 G -160.321030 24.274641 -149.829956 2.150000 0.000000 0.000000
495000 16 P -156.584991 25.320635 -152.483704 2.110000 -1.000000 0.000000
495000 17 S -157.169281 23.521704 -149.118851 1.800000 0.000000 0.000000
495000 18 C -156.736343 26.319273 -147.084991 2.150000 0.000000 0.000000
495000 19 P -155.045242 20.899879 -147.647995 2.110000 -1.000000 0.000000
495000 20 S -157.977615 21.537243 -145.154465 1.800000 0.000000 0.000000
495000 21 A -160.657990 20.065748 -146.328705 2.150000 0.000000 0.000000
495000 22 P -158.707840 19.036648 -142.518616 2.110000 -1.000000 0.000000
495000 23 S -157.570831 21.888887 -140.171982 1.800000 0.000000 0.000000
495000 24 A -159.790466 24.361168 -140.906693 2.150000 0.000000 0.000000
495000 25 P -159.512863 19.870378 -137.604462 2.110000 -1.000000 0.000000
495000 26 S -162.470078 22.197044 -138.195923 1.800000 0.000000 0.000000
495000 27 G -163.154480 21.491444 -141.299454 2.150000 0.000000 0.000000
495000 28 P -165.451584 20.694550 -136.136963 2.110000 -1.000000 0.000000
495000 29 S -167.686249 23.317497 -137.884460 1.800000 0.000000 0.000000
495000 30 C -167.357849 22.292341 -141.217407 2.150000 0.000000 0.000000
495000 31 P -171.346863 22.340977 -137.225983 2.110000 -1.000000 0.000000
495000 32 S -173.238037 23.635592 -140.362457 1.800000 0.000000 0.000000
495000 33 C -171.645126 21.512512 -142.752563 2.150000 0.000000 0.000000
495000 34 P -176.836426 22.943468 -140.603745 2.110000 -1.000000 0.000000
495000 35 S -176.677795 23.142672 -144.354218 1.800000 0.000000 0.000000
495000 36 U -174.638641 20.542183 -145.359467 2.150000 0.000000 0.000000
495000 37 P -179.615692 20.791239 -144.457932 2.110000 -1.000000 0.000000
500000 1 P -174.905533 7.560433 -149.827148 2.110000 -1.000000 1.000000
500000 2 S -177.204559 10.375229 -151.052963 1.800000 0.000000 0.000000
500000 3 G -178.204544 12.064255 -148.101318 2.150000 0.000000 0.000000
500000 4 P -174.895508 12.582106 -153.008682 2.110000 -1.000000 0.000000
500000 5 S -177.458405 15.486810 -152.521805 1.800000 0.000000 0.000000
500000 6 G -176.868362 16.713114 -149.520752 2.150000 0.000000 0.000000
500000 7 P -174.769302 17.392376 -154.653076 2.110000 -1.000000 0.000000
500000 8 S -174.667084 21.137989 -153.572891 1.800000 0.000000 0.000000
500000 9 G -173.587982 20.432829 -150.304260 2.150000 0.000000 0.000000
500000 10 P -171.443329 20.907982 -155.354004 2.110000 -1.000000 0.000000
500000 11 S -169.474365 23.929108 -154.048920 1.800000 0.000000 0.000000
500000 12 C -168.337326 22.021204 -151.335678 2.150000 0.000000 0.000000
500000 13 P -166.443222 22.911438 -155.869598 2.110000 -1.000000 0.000000
500000 14 S -163.912338 24.555565 -153.551270 1.800000 0.000000 0.000000
500000 15 G -163.666977 23.088949 -150.371216 2.150000 0.000000 0.000000
500000 16 P -160.284195 23.342007 -154.428925 2.110000 -1.000000 0.000000
500000 17 S -160.018204 23.376377 -150.718582 1.800000 0.000000 0.000000
500000 18 C -158.537689 26.123354 -149.368256 2.150000 0.000000 0.000000
500000 19 P -157.547104 20.705564 -149.389496 2.110000 -1.000000 0.000000
500000 20 S -157.794388 23.387468 -146.666916 1.800000 0.000000 0.000000
500000 21 A -161.357880 22.738794 -145.776688 2.150000 0.000000 0.000000
500000 22 P -156.658340 21.673761 -143.582443 2.110000 -1.000000 0.000000
500000 23 S -160.155548 21.571342 -142.074509 1.800000 0.000000 0.000000
500000 24 A -161.430099 24.478937 -141.216736 2.150000 0.000000 0.000000
500000 25 P -161.874847 19.279537 -139.432587 2.110000 -1.000000 0.000000
500000 26 S -164.579590 21.966980 -139.959717 1.800000 0.000000 0.000000
500000 27 G -166.589096 21.834530 -142.719559 2.150000 0.000000 0.000000
500000 28 P -167.189758 20.533695 -137.588028 2.110000 -1.000000 0.000000
500000 29 S -169.904510 22.844238 -138.898270 1.800000 0.000000 0.000000
500000 30 C -171.148468 21.082773 -141.789383 2.150000 0.000000 0.000000
500000 31 P -172.632584 21.026726 -136.891800 2.110000 -1.000000 0.000000
500000 32 S -175.700043 22.551058 -138.814621 1.800000 0.000000 0.000000
500000 33 C -176.112045 20.162315 -141.341675 2.150000 0.000000 0.000000
500000 34 P -179.072876 20.817997 -137.707687 2.110000 -1.000000 0.000000
500000 35 S -181.120438 21.468056 -140.882721 1.800000 0.000000 0.000000
500000 36 U -180.174118 18.507462 -142.549988 2.150000 0.000000 0.000000
500000 37 P -183.981689 19.753248 -138.678619 2.110000 -1.000000 0.000000
