380000 1 P -205.479202 40.921139 -60.202709 2.110000 -1.000000 1.000000
380000 2 S -209.097733 39.698200 -60.285862 1.800000 0.000000 0.000000
380000 3 G -208.827301 36.645916 -58.500759 2.150000 0.000000 0.000000
380000 4 P -210.621384 41.427853 -57.205677 2.110000 -1.000000 0.000000
380000 5 S -213.050034 38.829948 -55.755238 1.800000 0.000000 0.000000
380000 6 G -210.678680 36.762924 -54.185192 2.150000 0.000000 0.000000
380000 7 P -214.209885 40.251656 -52.275494 2.110000 -1.000000 0.000000
380000 8 S -214.996506 36.894020 -50.568893 1.800000 0.000000 0.000000
380000 9 G -211.874954 35.671463 -50.724545 2.150000 0.000000 0.000000
380000 10 P -214.747009 39.797153 -48.040363 2.110000 -1.000000 0.000000
380000 11 S -213.572235 37.551041 -45.140640 1.800000 0.000000 0.000000
380000 12 C -210.759003 36.197327 -45.719490 2.150000 0.000000 0.000000
380000 13 P -213.618210 39.890049 -42.102566 2.110000 -1.000000 0.000000
380000 14 S -211.224136 37.748203 -40.031406 1.800000 0.000000 0.000000
380000 15 G -208.510742 38.660286 -41.737377 2.150000 0.000000 0.000000
380000 16 P -210.798859 40.688969 -37.956928 2.110000 -1.000000 0.000000
380000 17 S -207.162231 41.254116 -38.856586 1.800000 0.000000 0.000000
380000 18 C -206.698181 44.361855 -37.515820 2.150000 0.000000 0.000000
380000 19 P -205.735138 41.611622 -42.229385 2.110000 -1.000000 0.000000
380000 20 S -202.729568 39.182755 -42.116631 1.800000 0.000000 0.000000
380000 21 A -204.136932 36.166264 -41.581326 2.150000 0.000000 0.000000
380000 22 P -201.297073 38.727867 -45.732533 2.110000 -1.000000 0.000000
380000 23 S -197.729660 37.854458 -44.681820 1.800000 0.000000 0.000000
380000 24 A -197.501602 34.999973 -42.767891 2.150000 0.000000 0.000000
380000 25 P -197.155960 35.530899 -47.609615 2.110000 -1.000000 0.000000
380000 26 S -199.027283 32.545708 -46.220638 1.800000 0.000000 0.000000
380000 27 G -202.142136 33.938511 -47.038254 2.150000 0.000000 0.000000
380000 28 P -200.014908 29.233135 -47.964802 2.110000 -1.000000 0.000000
380000 29 S -202.905487 28.888250 -45.552376 1.800000 0.000000 0.000000
380000 30 C -205.177216 31.268637 -46.871525 2.150000 0.000000 0.000000
380000 31 P -202.970230 26.696840 -48.401237 2.110000 -1.000000 0.000000
380000 32 S -206.724136 26.489494 -49.271187 1.800000 0.000000 0.000000
380000 33 C -207.760956 29.095278 -51.228882 2.150000 0.000000 0.000000
380000 34 P -205.400665 24.782640 -52.363564 2.110000 -1.000000 0.000000
380000 35 S -208.386475 24.861713 -54.632896 1.800000 0.000000 0.000000
380000 36 U -208.457748 28.234102 -55.858746 2.150000 0.000000 0.000000
380000 37 P -205.892609 24.002243 -57.642319 2.110000 -1.000000 0.000000
385000 1 P -205.665115 40.176491 -62.202282 2.110000 -1.000000 1.000000
385000 2 S -208.537415 40.260399 -59.538109 1.800000 0.000000 0.000000
385000 3 G -208.280441 36.924450 -58.223564 2.150000 0.000000 0.000000
385000 4 P -209.085495 41.705971 -56.209866 2.110000 -1.000000 0.000000
385000 5 S -211.569489 39.335815 -54.471119 1.800000 0.000000 0.000000
385000 6 G -209.863907 36.412571 -54.182705 2.150000 0.000000 0.000000
385000 7 P -210.980591 41.414661 -51.339645 2.110000 -1.000000 0.000000
385000 8 S -211.543808 38.473118 -48.994259 1.800000 0.000000 0.000000
385000 9 G -208.426163 37.125320 -49.161823 2.150000 0.000000 0.000000
385000 10 P -210.398636 41.233303 -46.516354 2.110000 -1.000000 0.000000
385000 11 S -209.691711 39.024326 -43.506500 1.800000 0.000000 0.000000
385000 12 C -207.269745 36.745445 -44.806358 2.150000 0.000000 0.000000
385000 13 P -207.997772 42.573818 -42.877296 2.110000 -1.000000 0.000000
385000 14 S -204.639084 42.243484 -41.009724 1.800000 0.000000 0.000000
385000 15 G -203.188568 40.651604 -43.495411 2.150000 0.000000 0.000000
385000 16 P -205.403030 45.434330 -42.766857 2.110000 -1.000000 0.000000
385000 17 S -201.662216 45.594749 -42.933140 1.800000 0.000000 0.000000
385000 18 C -200.529709 44.201534 -39.746628 2.150000 0.000000 0.000000
385000 19 P -199.798660 43.010235 -45.160351 2.110000 -1.000000 0.000000
385000 20 S -197.857651 41.659100 -42.262604 1.800000 0.000000 0.000000
385000 21 A -199.995285 38.939388 -41.719532 2.150000 0.000000 0.000000
385000 22 P -195.540451 39.868000 -45.066582 2.110000 -1.000000 0.000000
385000 23 S -195.512955 36.575172 -43.159523 1.800000 0.000000 0.000000
385000 24 A -198.853973 36.277153 -44.070278 2.150000 0.000000 0.000000
385000 25 P -193.977966 34.862350 -46.408325 2.110000 -1.000000 0.000000
385000 26 S -196.292633 32.031036 -46.259804 1.800000 0.000000 0.000000
385000 27 G -199.737686 32.319710 -45.841045 2.150000 0.000000 0.000000
385000 28 P -196.217606 29.663485 -49.255371 2.110000 -1.000000 0.000000
385000 29 S -199.715042 28.703876 -47.932350 1.800000 0.000000 0.000000
385000 30 C -201.585327 31.346024 -49.386856 2.150000 0.000000 0.000000
385000 31 P -200.856979 25.952286 -50.447361 2.110000 -1.000000 0.000000
385000 32 S -204.085175 26.870712 -48.871597 1.800000 0.000000 0.000000
385000 33 C -205.052933 30.026588 -50.594513 2.150000 0.000000 0.000000
385000 34 P -205.869492 24.933445 -51.998341 2.110000 -1.000000 0.000000
385000 35 S -209.273239 26.018358 -53.583641 1.800000 0.000000 0.000000
385000 36 U -207.588379 28.494318 -55.387001 2.150000 0.000000 0.000000
385000 37 P -209.175873 23.248734 -56.346500 2.110000 -1.000000 0.000000
390000 1 P -215.238708 37.350857 -69.438492 2.110000 -1.000000 1.000000
390000 2 S -218.002838 35.883385 -67.193542 1.800000 0.000000 0.000000
390000 3 G -215.320770 34.477409 -65.523636 2.150000 0.000000 0.000000
390000 4 P -218.522751 38.492195 -64.526108 2.110000 -1.000000 0.000000
390000 5 S -219.596176 35.848537 -62.001945 1.800000 0.000000 0.000000
390000 6 G -216.316895 34.600700 -61.337288 2.150000 0.000000 0.000000
390000 7 P -219.131668 38.385204 -59.154461 2.110000 -1.000000 0.000000
390000 8 S -218.436707 36.554436 -55.820351 1.800000 0.000000 0.000000
390000 9 G -215.270477 34.865318 -56.583324 2.150000 0.000000 0.000000
390000 10 P -217.986389 39.959755 -54.661549 2.110000 -1.000000 0.000000
390000 11 S -215.809647 38.504257 -51.957443 1.800000 0.000000 0.000000
390000 12 C -213.259567 37.737106 -54.476910 2.150000 0.000000 0.000000
390000 13 P -214.081009 41.374626 -50.181377 2.110000 -1.000000 0.000000
390000 14 S -210.760590 39.788410 -49.323727 1.800000 0.000000 0.000000
390000 15 G -209.680008 41.027260 -52.496250 2.150000 0.000000 0.000000
390000 16 P -211.039932 43.716793 -48.852570 2.110000 -1.000000 0.000000
390000 17 S -207.246384 44.600029 -49.337345 1.800000 0.000000 0.000000
390000 18 C -205.143494 42.499432 -47.582058 2.150000 0.000000 0.000000
390000 19 P -206.660110 44.131306 -53.178135 2.110000 -1.000000 0.000000
390000 20 S -203.127869 42.598694 -52.935276 1.800000 0.000000 0.000000
390000 21 A -203.997391 39.072197 -52.556622 2.150000 0.000000 0.000000
390000 22 P -202.829590 41.095921 -56.665886 2.110000 -1.000000 0.000000
390000 23 S -200.925797 38.471920 -54.586914 1.800000 0.000000 0.000000
390000 24 A -197.609467 39.653584 -54.301544 2.150000 0.000000 0.000000
390000 25 P -200.240692 36.091679 -57.408398 2.110000 -1.000000 0.000000
390000 26 S -201.982834 33.721611 -54.929482 1.800000 0.000000 0.000000
390000 27 G -204.845001 35.470028 -56.086449 2.150000 0.000000 0.000000
390000 28 P -201.893265 30.588369 -56.708584 2.110000 -1.000000 0.000000
390000 29 S -205.017426 28.449469 -56.163017 1.800000 0.000000 0.000000
390000 30 C -207.879974 30.350468 -55.423645 2.150000 0.000000 0.000000
390000 31 P -206.261185 25.354683 -58.175014 2.110000 -1.000000 0.000000
390000 32 S -209.761368 25.287216 -57.294380 1.800000 0.000000 0.000000
390000 33 C -210.564331 27.949364 -59.281460 2.150000 0.000000 0.000000
390000 34 P -209.972031 22.522844 -59.921013 2.110000 -1.000000 0.000000
390000 35 S -213.635544 23.269588 -60.093258 1.800000 0.000000 0.000000
390000 36 U -213.960648 26.251287 -61.792694 2.150000 0.000000 0.000000
390000 37 P -214.255142 21.590569 -63.477959 2.110000 -1.000000 0.000000
395000 1 P -206.452957 40.559277 -67.047798 2.110000 -1.000000 1.000000
395000 2 S -209.821884 39.120476 -66.087593 1.800000 0.000000 0.000000
395000 3 G -208.523376 37.367554 -63.394524 2.150000 0.000000 0.000000
395000 4 P -211.227768 41.034496 -62.951263 2.110000 -1.000000 0.000000
395000 5 S -213.313782 38.610516 -61.158348 1.800000 0.000000 0.000000
395000 6 G -210.617462 37.007595 -59.953999 2.150000 0.000000 0.000000
395000 7 P -214.408142 40.444458 -58.187550 2.110000 -1.000000 0.000000
395000 8 S -215.109756 38.181938 -55.266186 1.800000 0.000000 0.000000
395000 9 G -211.835999 38.054382 -54.204197 2.150000 0.000000 0.000000
395000 10 P -215.122543 41.435169 -52.958290 2.110000 -1.000000 0.000000
395000 11 S -213.344315 40.270599 -49.746601 1.800000 0.000000 0.000000
395000 12 C -210.263596 39.791031 -50.920452 2.150000 0.000000 0.000000
395000 13 P -212.682159 44.001534 -49.300903 2.110000 -1.000000 0.000000
395000 14 S -209.161743 44.584877 -48.945965 1.800000 0.000000 0.000000
395000 15 G -208.367813 44.894634 -52.216969 2.150000 0.000000 0.000000
395000 16 P -209.181427 48.479477 -49.456760 2.110000 -1.000000 0.000000
395000 17 S -205.493683 48.680046 -48.570972 1.800000 0.000000 0.000000
395000 18 C -204.909592 51.678379 -50.286583 2.150000 0.000000 0.000000
395000 19 P -204.042816 46.444584 -51.344429 2.110000 -1.000000 0.000000
395000 20 S -200.381973 46.160351 -50.249958 1.800000 0.000000 0.000000
395000 21 A -201.317978 43.496845 -48.090614 2.150000 0.000000 0.000000
395000 22 P -199.753632 43.312611 -52.821762 2.110000 -1.000000 0.000000
395000 23 S -196.900848 41.437138 -51.002949 1.800000 0.000000 0.000000
395000 24 A -198.040802 40.220482 -48.006100 2.150000 0.000000 0.000000
395000 25 P -196.361023 37.995060 -52.484795 2.110000 -1.000000 0.000000
395000 26 S -198.772934 36.346420 -50.147339 1.800000 0.000000 0.000000
395000 27 G -201.564682 37.574772 -52.004993 2.150000 0.000000 0.000000
395000 28 P -199.572403 32.491398 -50.671928 2.110000 -1.000000 0.000000
395000 29 S -202.853531 32.352436 -48.440918 1.800000 0.000000 0.000000
395000 30 C -204.432007 34.099564 -50.965435 2.150000 0.000000 0.000000
395000 31 P -202.399689 29.489645 -51.193268 2.110000 -1.000000 0.000000
395000 32 S -206.222305 29.165169 -51.583817 1.800000 0.000000 0.000000
395000 33 C -206.947601 32.014236 -53.658218 2.150000 0.000000 0.000000
395000 34 P -206.841049 26.511503 -54.433369 2.110000 -1.000000 0.000000
395000 35 S -210.003174 27.796427 -56.425179 1.800000 0.000000 0.000000
395000 36 U -208.500290 29.722157 -58.678989 2.150000 0.000000 0.000000
395000 37 P -209.975571 24.715342 -58.870895 2.110000 -1.000000 0.000000
400000 1 P -217.332932 38.739899 -63.681366 2.110000 -1.000000 1.000000
400000 2 S -219.233994 36.628273 -61.246170 1.800000 0.000000 0.000000
400000 3 G -216.541763 34.987968 -59.886684 2.150000 0.000000 0.000000
400000 4 P -219.146332 39.749519 -58.840656 2.110000 -1.000000 0.000000
400000 5 S -219.822159 38.494377 -55.269325 1.800000 0.000000 0.000000
400000 6 G -216.747665 36.597336 -55.613926 2.150000 0.000000 0.000000
400000 7 P -219.442719 41.614193 -53.437698 2.110000 -1.000000 0.000000
400000 8 S -219.118790 39.193851 -50.691711 1.800000 0.000000 0.000000
400000 9 G -216.293427 37.527512 -51.028473 2.150000 0.000000 0.000000
400000 10 P -217.928696 42.664837 -49.405582 2.110000 -1.000000 0.000000
400000 11 S -216.120560 41.707954 -46.181667 1.800000 0.000000 0.000000
400000 12 C -213.592743 40.567394 -47.902451 2.150000 0.000000 0.000000
400000 13 P -214.893585 45.223423 -46.624584 2.110000 -1.000000 0.000000
400000 14 S -212.171417 45.565403 -44.002068 1.800000 0.000000 0.000000
400000 15 G -210.344116 43.557304 -46.171082 2.150000 0.000000 0.000000
400000 16 P -210.961792 48.746933 -45.929260 2.110000 -1.000000 0.000000
400000 17 S -207.414902 47.703186 -45.265579 1.800000 0.000000 0.000000
400000 18 C -205.414810 49.844242 -47.300556 2.150000 0.000000 0.000000
400000 19 P -206.525162 45.715202 -48.427212 2.110000 -1.000000 0.000000
400000 20 S -202.961548 45.379581 -47.451454 1.800000 0.000000 0.000000
400000 21 A -203.507553 42.357525 -45.764538 2.150000 0.000000 0.000000
400000 22 P -202.967026 42.970009 -50.509964 2.110000 -1.000000 0.000000
400000 23 S -199.610962 41.503250 -49.194546 1.800000 0.000000 0.000000
400000 24 A -199.725555 40.261955 -45.577793 2.150000 0.000000 0.000000
400000 25 P -200.016403 38.170910 -51.272980 2.110000 -1.000000 0.000000
400000 26 S -201.848877 36.545002 -48.301704 1.800000 0.000000 0.000000
400000 27 G -204.859970 37.825706 -47.289627 2.150000 0.000000 0.000000
400000 28 P -202.825470 33.777050 -50.292339 2.110000 -1.000000 0.000000
400000 29 S -205.738785 32.434261 -48.541019 1.800000 0.000000 0.000000
400000 30 C -208.214081 34.453587 -49.494377 2.150000 0.000000 0.000000
400000 31 P -206.054169 29.403669 -50.873985 2.110000 -1.000000 0.000000
400000 32 S -209.655060 28.776810 -49.610775 1.800000 0.000000 0.000000
400000 33 C -212.219986 30.099787 -51.535439 2.150000 0.000000 0.000000
400000 34 P -209.102188 26.067783 -52.182957 2.110000 -1.000000 0.000000
400000 35 S -212.555771 25.586161 -53.440296 1.800000 0.000000 0.000000
400000 36 U -213.350525 28.533564 -54.928864 2.150000 0.000000 0.000000
400000 37 P -210.558014 24.329607 -56.322208 2.110000 -1.000000 0.000000
405000 1 P -215.717621 34.439861 -57.878483 2.110000 -1.000000 1.000000
405000 2 S -219.141586 32.889771 -57.336761 1.800000 0.000000 0.000000
405000 3 G -218.012009 30.266506 -55.331547 2.150000 0.000000 0.000000
405000 4 P -220.293640 35.638271 -54.889923 2.110000 -1.000000 0.000000
405000 5 S -221.837646 34.517883 -51.465687 1.800000 0.000000 0.000000
405000 6 G -218.975418 32.421753 -50.981304 2.150000 0.000000 0.000000
405000 7 P -220.581802 38.114655 -50.839993 2.110000 -1.000000 0.000000
405000 8 S -219.859024 38.234299 -47.021717 1.800000 0.000000 0.000000
405000 9 G -217.572006 35.468056 -46.827507 2.150000 0.000000 0.000000
405000 10 P -217.767380 41.662983 -47.258049 2.110000 -1.000000 0.000000
405000 11 S -215.744690 41.397541 -44.303455 1.800000 0.000000 0.000000
405000 12 C -213.711426 38.888721 -45.283607 2.150000 0.000000 0.000000
405000 13 P -214.064911 43.794376 -46.479126 2.110000 -1.000000 0.000000
405000 14 S -210.649445 43.047234 -44.787476 1.800000 0.000000 0.000000
405000 15 G -209.468018 40.090061 -46.083469 2.150000 0.000000 0.000000
405000 16 P -209.952759 44.868172 -48.004204 2.110000 -1.000000 0.000000
405000 17 S -206.414352 44.125107 -49.114628 1.800000 0.000000 0.000000
405000 18 C -205.372910 42.884350 -45.921642 2.150000 0.000000 0.000000
405000 19 P -207.369141 40.519924 -50.558922 2.110000 -1.000000 0.000000
405000 20 S -203.913788 38.698589 -50.701214 1.800000 0.000000 0.000000
405000 21 A -203.092072 39.100574 -47.361710 2.150000 0.000000 0.000000
405000 22 P -204.604645 34.981464 -51.636536 2.110000 -1.000000 0.000000
405000 23 S -202.547363 33.736736 -48.437634 1.800000 0.000000 0.000000
405000 24 A -205.259766 35.238064 -46.324615 2.150000 0.000000 0.000000
405000 25 P -204.168549 30.471478 -49.028816 2.110000 -1.000000 0.000000
405000 26 S -205.961563 29.747894 -45.660290 1.800000 0.000000 0.000000
405000 27 G -209.048859 31.063988 -46.379524 2.150000 0.000000 0.000000
405000 28 P -207.049637 26.409374 -46.728611 2.110000 -1.000000 0.000000
405000 29 S -210.303009 26.075399 -44.741726 1.800000 0.000000 0.000000
405000 30 C -212.627121 27.953270 -46.362019 2.150000 0.000000 0.000000
405000 31 P -210.715515 22.454403 -46.075928 2.110000 -1.000000 0.000000
405000 32 S -214.513992 22.540943 -45.151909 1.800000 0.000000 0.000000
405000 33 C -216.032959 24.562836 -47.811100 2.150000 0.000000 0.000000
405000 34 P -215.611954 19.097624 -46.857536 2.110000 -1.000000 0.000000
405000 35 S -218.661240 20.605957 -48.687820 1.800000 0.000000 0.000000
405000 36 U -218.168381 22.584143 -51.326584 2.150000 0.000000 0.000000
405000 37 P -219.010727 17.268642 -50.584694 2.110000 -1.000000 0.000000
410000 1 P -215.418198 37.360126 -54.301666 2.110000 -1.000000 1.000000
410000 2 S -219.363800 37.386101 -54.252636 1.800000 0.000000 0.000000
410000 3 G -220.781906 34.924107 -52.145546 2.150000 0.000000 0.000000
410000 4 P -220.276123 40.120468 -51.795666 2.110000 -1.000000 0.000000
410000 5 S -222.243118 39.131977 -48.772640 1.800000 0.000000 0.000000
410000 6 G -220.066757 36.755299 -47.608727 2.150000 0.000000 0.000000
410000 7 P -221.439041 41.991016 -46.250687 2.110000 -1.000000 0.000000
410000 8 S -221.402267 40.520947 -42.617554 1.800000 0.000000 0.000000
410000 9 G -218.823578 38.314262 -43.617577 2.150000 0.000000 0.000000
410000 10 P -219.368637 43.700233 -42.384274 2.110000 -1.000000 0.000000
410000 11 S -216.698532 43.231209 -39.651253 1.800000 0.000000 0.000000
410000 12 C -215.483322 40.663387 -41.490471 2.150000 0.000000 0.000000
410000 13 P -215.067947 45.859386 -41.925564 2.110000 -1.000000 0.000000
410000 14 S -211.992981 43.646431 -41.889702 1.800000 0.000000 0.000000
410000 15 G -212.173325 40.841904 -44.189880 2.150000 0.000000 0.000000
410000 16 P -210.476273 46.131653 -44.369030 2.110000 -1.000000 0.000000
410000 17 S -207.495834 44.059956 -45.402851 1.800000 0.000000 0.000000
410000 18 C -206.099777 44.256775 -42.361279 2.150000 0.000000 0.000000
410000 19 P -208.729385 40.627762 -46.573364 2.110000 -1.000000 0.000000
410000 20 S -205.184250 39.205494 -46.600544 1.800000 0.000000 0.000000
410000 21 A -204.635223 40.053307 -43.390545 2.150000 0.000000 0.000000
410000 22 P -206.564743 35.647312 -46.393688 2.110000 -1.000000 0.000000
410000 23 S -203.836136 34.280224 -44.213078 1.800000 0.000000 0.000000
410000 24 A -204.759720 35.737156 -41.437317 2.150000 0.000000 0.000000
410000 25 P -206.016037 31.118418 -43.915401 2.110000 -1.000000 0.000000
410000 26 S -207.512268 31.722801 -40.557312 1.800000 0.000000 0.000000
410000 27 G -210.682968 33.168312 -40.877419 2.150000 0.000000 0.000000
410000 28 P -209.143066 28.452059 -41.742542 2.110000 -1.000000 0.000000
410000 29 S -212.161911 28.789963 -39.635265 1.800000 0.000000 0.000000
410000 30 C -214.448517 31.284637 -40.695976 2.150000 0.000000 0.000000
410000 31 P -214.531204 26.330795 -41.206078 2.110000 -1.000000 0.000000
410000 32 S -218.071823 27.565567 -40.117992 1.800000 0.000000 0.000000
410000 33 C -217.685715 30.090662 -42.496487 2.150000 0.000000 0.000000
410000 34 P -220.589539 25.442223 -42.140568 2.110000 -1.000000 0.000000
410000 35 S -223.609161 27.832048 -42.473938 1.800000 0.000000 0.000000
410000 36 U -222.969513 30.776045 -44.449474 2.150000 0.000000 0.000000
410000 37 P -225.105896 24.700298 -44.543747 2.110000 -1.000000 0.000000
415000 1 P -220.205704 34.322208 -55.677990 2.110000 -1.000000 1.000000
415000 2 S -223.244843 34.954464 -53.331551 1.800000 0.000000 0.000000
415000 3 G -223.046417 32.367855 -51.264595 2.150000 0.000000 0.000000
415000 4 P -222.254364 37.983593 -51.326454 2.110000 -1.000000 0.000000
415000 5 S -224.172623 37.322308 -48.054108 1.800000 0.000000 0.000000
415000 6 G -222.825745 35.176865 -45.572605 2.150000 0.000000 0.000000
415000 7 P -222.175354 40.123917 -46.677387 2.110000 -1.000000 0.000000
415000 8 S -221.740280 39.300655 -43.049221 1.800000 0.000000 0.000000
415000 9 G -219.206787 36.720520 -43.534481 2.150000 0.000000 0.000000
415000 10 P -219.752014 42.709904 -42.825150 2.110000 -1.000000 0.000000
415000 11 S -218.278107 41.448002 -39.457630 1.800000 0.000000 0.000000
415000 12 C -215.345215 39.722610 -39.677406 2.150000 0.000000 0.000000
415000 13 P -216.292038 44.407043 -40.798199 2.110000 -1.000000 0.000000
415000 14 S -213.076096 44.700165 -38.988972 1.800000 0.000000 0.000000
415000 15 G -211.657501 41.426910 -38.984409 2.150000 0.000000 0.000000
415000 16 P -211.114395 46.734947 -41.353039 2.110000 -1.000000 0.000000
415000 17 S -207.612488 45.179394 -40.847374 1.800000 0.000000 0.000000
415000 18 C -208.898911 44.463554 -37.473248 2.150000 0.000000 0.000000
415000 19 P -209.253113 41.906345 -42.748669 2.110000 -1.000000 0.000000
415000 20 S -206.001572 40.152542 -43.889332 1.800000 0.000000 0.000000
415000 21 A -204.203140 38.994667 -41.079018 2.150000 0.000000 0.000000
415000 22 P -206.797913 36.404575 -44.779713 2.110000 -1.000000 0.000000
415000 23 S -203.854996 35.510590 -42.529816 1.800000 0.000000 0.000000
415000 24 A -205.396118 36.090530 -39.291286 2.150000 0.000000 0.000000
415000 25 P -204.669800 32.106995 -43.880421 2.110000 -1.000000 0.000000
415000 26 S -206.228622 32.329731 -40.457882 1.800000 0.000000 0.000000
415000 27 G -209.184830 33.727234 -41.290562 2.150000 0.000000 0.000000
415000 28 P -207.884506 28.951582 -41.770508 2.110000 -1.000000 0.000000
415000 29 S -210.888824 28.737139 -39.485172 1.800000 0.000000 0.000000
415000 30 C -212.720047 31.276674 -41.125137 2.150000 0.000000 0.000000
415000 31 P -213.538788 26.100033 -40.296890 2.110000 -1.000000 0.000000
415000 32 S -217.030258 26.973217 -38.953243 1.800000 0.000000 0.000000
415000 33 C -218.372330 29.162033 -41.171707 2.150000 0.000000 0.000000
415000 34 P -219.118256 24.221209 -40.487804 2.110000 -1.000000 0.000000
415000 35 S -222.835510 25.449169 -40.877102 1.800000 0.000000 0.000000
415000 36 U -222.570206 27.814386 -43.360264 2.150000 0.000000 0.000000
415000 37 P -223.337936 22.337200 -42.911133 2.110000 -1.000000 0.000000
420000 1 P -219.546631 36.146431 -45.170914 2.110000 -1.000000 1.000000
420000 2 S -222.921265 36.401257 -43.428116 1.800000 0.000000 0.000000
420000 3 G -221.549774 34.138988 -41.387791 2.150000 0.000000 0.000000
420000 4 P -222.282608 39.293564 -41.294346 2.110000 -1.000000 0.000000
420000 5 S -224.009430 39.010605 -37.936192 1.800000 0.000000 0.000000
420000 6 G -222.702652 36.336853 -36.526585 2.150000 0.000000 0.000000
420000 7 P -222.066879 41.660362 -35.681961 2.110000 -1.000000 0.000000
420000 8 S -222.469086 39.630035 -32.470783 1.800000 0.000000 0.000000
420000 9 G -220.123474 37.339691 -33.303879 2.150000 0.000000 0.000000
420000 10 P -220.055267 42.397537 -31.166464 2.110000 -1.000000 0.000000
420000 11 S -217.436127 41.066021 -28.727020 1.800000 0.000000 0.000000
420000 12 C -215.106354 38.995953 -30.140549 2.150000 0.000000 0.000000
420000 13 P -215.779938 44.221725 -29.861559 2.110000 -1.000000 0.000000
420000 14 S -212.535934 42.433701 -31.021616 1.800000 0.000000 0.000000
420000 15 G -213.918945 42.477058 -34.098125 2.150000 0.000000 0.000000
420000 16 P -210.462997 45.580971 -31.889347 2.110000 -1.000000 0.000000
420000 17 S -208.215714 44.211544 -34.675522 1.800000 0.000000 0.000000
420000 18 C -205.948242 42.251091 -33.205940 2.150000 0.000000 0.000000
420000 19 P -211.058731 42.249249 -36.408669 2.110000 -1.000000 0.000000
420000 20 S -208.643311 39.563854 -37.805359 1.800000 0.000000 0.000000
420000 21 A -208.266434 38.271687 -34.691303 2.150000 0.000000 0.000000
420000 22 P -210.493378 36.589458 -39.667904 2.110000 -1.000000 0.000000
420000 23 S -207.998535 34.369781 -37.767151 1.800000 0.000000 0.000000
420000 24 A -205.194260 34.815453 -39.900764 2.150000 0.000000 0.000000
420000 25 P -208.707474 31.025307 -39.228424 2.110000 -1.000000 0.000000
420000 26 S -208.980698 29.934505 -35.707581 1.800000 0.000000 0.000000
420000 27 G -211.418716 32.320091 -35.050282 2.150000 0.000000 0.000000
420000 28 P -211.339203 26.992777 -36.249031 2.110000 -1.000000 0.000000
420000 29 S -212.939285 27.221485 -32.864059 1.800000 0.000000 0.000000
420000 30 C -214.556824 30.365215 -33.855728 2.150000 0.000000 0.000000
420000 31 P -215.718872 25.128195 -33.279366 2.110000 -1.000000 0.000000
420000 32 S -218.832993 26.052589 -31.057611 1.800000 0.000000 0.000000
420000 33 C -220.153564 28.932985 -32.400688 2.150000 0.000000 0.000000
420000 34 P -222.139740 24.263268 -31.933931 2.110000 -1.000000 0.000000
420000 35 S -224.934540 26.859056 -32.144627 1.800000 0.000000 0.000000
420000 36 U -223.742950 27.867579 -35.170456 2.150000 0.000000 0.000000
420000 37 P -227.092636 24.500393 -33.984707 2.110000 -1.000000 0.000000
425000 1 P -218.630280 38.288307 -46.140678 2.110000 -1.000000 1.000000
425000 2 S -222.379410 38.874569 -45.315411 1.800000 0.000000 0.000000
425000 3 G -222.781326 37.293987 -42.410583 2.150000 0.000000 0.000000
425000 4 P -220.573532 41.625698 -43.251518 2.110000 -1.000000 0.000000
425000 5 S -222.908279 42.063377 -40.371506 1.800000 0.000000 0.000000
425000 6 G -222.968048 39.055790 -38.626324 2.150000 0.000000 0.000000
425000 7 P -221.354370 43.912174 -37.520840 2.110000 -1.000000 0.000000
425000 8 S -223.455261 41.903805 -34.843609 1.800000 0.000000 0.000000
425000 9 G -221.625778 39.242607 -34.880249 2.150000 0.000000 0.000000
425000 10 P -220.656891 44.168209 -33.038158 2.110000 -1.000000 0.000000
425000 11 S -219.952774 42.469303 -29.912014 1.800000 0.000000 0.000000
425000 12 C -218.664322 39.265888 -30.673191 2.150000 0.000000 0.000000
425000 13 P -217.402328 44.943619 -30.779509 2.110000 -1.000000 0.000000
425000 14 S -214.289062 43.683750 -28.990992 1.800000 0.000000 0.000000
425000 15 G -213.410812 40.782372 -30.966915 2.150000 0.000000 0.000000
425000 16 P -211.864929 46.053917 -30.497066 2.110000 -1.000000 0.000000
425000 17 S -208.975433 43.512356 -30.197134 1.800000 0.000000 0.000000
425000 18 C -207.188477 45.640919 -31.762577 2.150000 0.000000 0.000000
425000 19 P -209.889923 40.997997 -33.199219 2.110000 -1.000000 0.000000
425000 20 S -206.781250 39.122169 -33.078472 1.800000 0.000000 0.000000
425000 21 A -207.580383 38.452267 -29.753269 2.150000 0.000000 0.000000
425000 22 P -207.670013 36.026390 -35.107723 2.110000 -1.000000 0.000000
425000 23 S -206.255524 33.673004 -32.433811 1.800000 0.000000 0.000000
425000 24 A -208.381882 34.773979 -29.991722 2.150000 0.000000 0.000000
425000 25 P -208.137085 30.709221 -33.870571 2.110000 -1.000000 0.000000
425000 26 S -210.395233 31.023514 -30.784315 1.800000 0.000000 0.000000
425000 27 G -211.950775 33.615070 -32.555042 2.150000 0.000000 0.000000
425000 28 P -213.447083 28.702641 -31.223942 2.110000 -1.000000 0.000000
425000 29 S -215.322342 31.048910 -28.809105 1.800000 0.000000 0.000000
425000 30 C -215.901413 32.942940 -31.681612 2.150000 0.000000 0.000000
425000 31 P -219.166122 29.977844 -28.656836 2.110000 -1.000000 0.000000
425000 32 S -220.854263 33.507969 -28.293070 1.800000 0.000000 0.000000
425000 33 C -219.854294 35.071079 -31.271599 2.150000 0.000000 0.000000
425000 34 P -224.452682 32.535397 -29.540594 2.110000 -1.000000 0.000000
425000 35 S -225.882294 35.694454 -31.129717 1.800000 0.000000 0.000000
425000 36 U -224.579407 34.245159 -34.151264 2.150000 0.000000 0.000000
425000 37 P -229.636276 34.977489 -31.912340 2.110000 -1.000000 0.000000
430000 1 P -218.777496 46.535133 -28.758417 2.110000 -1.000000 1.000000
430000 2 S -222.252029 47.091393 -29.997734 1.800000 0.000000 0.000000
430000 3 G -224.119156 44.075420 -30.339203 2.150000 0.000000 0.000000
430000 4 P -223.744247 49.337315 -27.168697 2.110000 -1.000000 0.000000
430000 5 S -226.902573 47.780613 -26.240219 1.800000 0.000000 0.000000
430000 6 G -225.458420 44.815365 -25.395700 2.150000 0.000000 0.000000
430000 7 P -225.131943 50.016376 -23.894135 2.110000 -1.000000 0.000000
430000 8 S -225.247833 47.887371 -20.822208 1.800000 0.000000 0.000000
430000 9 G -222.948120 45.129875 -21.383997 2.150000 0.000000 0.000000
430000 10 P -222.381134 50.061539 -19.525032 2.110000 -1.000000 0.000000
430000 11 S -221.437225 47.776596 -16.652185 1.800000 0.000000 0.000000
430000 12 C -219.840256 45.142395 -18.502981 2.150000 0.000000 0.000000
430000 13 P -218.097824 49.781597 -17.461365 2.110000 -1.000000 0.000000
430000 14 S -215.534622 47.114491 -17.262808 1.800000 0.000000 0.000000
430000 15 G -216.367813 45.889896 -20.463234 2.150000 0.000000 0.000000
430000 16 P -212.419556 48.827644 -18.958773 2.110000 -1.000000 0.000000
430000 17 S -210.086929 45.788136 -19.373766 1.800000 0.000000 0.000000
430000 18 C -207.996536 47.481022 -21.704191 2.150000 0.000000 0.000000
430000 19 P -211.842361 44.067768 -22.212814 2.110000 -1.000000 0.000000
430000 20 S -209.823914 40.914555 -21.860779 1.800000 0.000000 0.000000
430000 21 A -210.546494 39.868244 -18.577435 2.150000 0.000000 0.000000
430000 22 P -212.600815 38.798447 -23.515219 2.110000 -1.000000 0.000000
430000 23 S -211.983109 35.347340 -21.726160 1.800000 0.000000 0.000000
430000 24 A -213.507889 36.530128 -18.802563 2.150000 0.000000 0.000000
430000 25 P -214.859680 32.948402 -23.142357 2.110000 -1.000000 0.000000
430000 26 S -216.625168 33.517471 -19.850004 1.800000 0.000000 0.000000
430000 27 G -217.636719 36.836620 -20.411102 2.150000 0.000000 0.000000
430000 28 P -219.938202 31.696791 -20.614714 2.110000 -1.000000 0.000000
430000 29 S -222.941513 33.431305 -18.741842 1.800000 0.000000 0.000000
430000 30 C -222.560349 36.477959 -20.958969 2.150000 0.000000 0.000000
430000 31 P -224.360321 31.482609 -21.599350 2.110000 -1.000000 0.000000
430000 32 S -227.522629 33.656944 -21.292566 1.800000 0.000000 0.000000
430000 33 C -226.104828 35.718075 -23.719923 2.150000 0.000000 0.000000
430000 34 P -229.373688 32.017639 -24.202728 2.110000 -1.000000 0.000000
430000 35 S -230.994186 35.320137 -25.063385 1.800000 0.000000 0.000000
430000 36 U -228.417923 37.010338 -26.760614 2.150000 0.000000 0.000000
430000 37 P -232.071274 34.304108 -28.419008 2.110000 -1.000000 0.000000
435000 1 P -213.142548 45.291389 -33.322765 2.110000 -1.000000 1.000000
435000 2 S -216.605026 45.566200 -34.802711 1.800000 0.000000 0.000000
435000 3 G -217.729736 42.819130 -33.182747 2.150000 0.000000 0.000000
435000 4 P -217.618973 47.954025 -31.930687 2.110000 -1.000000 0.000000
435000 5 S -221.407135 47.525562 -32.136356 1.800000 0.000000 0.000000
435000 6 G -221.774780 44.274895 -31.183304 2.150000 0.000000 0.000000
435000 7 P -220.062759 49.234833 -29.156668 2.110000 -1.000000 0.000000
435000 8 S -221.942673 47.690742 -26.138142 1.800000 0.000000 0.000000
435000 9 G -220.170364 44.948624 -26.601915 2.150000 0.000000 0.000000
435000 10 P -219.261246 49.898899 -24.176384 2.110000 -1.000000 0.000000
435000 11 S -218.760086 48.022747 -20.771154 1.800000 0.000000 0.000000
435000 12 C -217.916290 45.401402 -23.049259 2.150000 0.000000 0.000000
435000 13 P -215.491470 49.765640 -20.008562 2.110000 -1.000000 0.000000
435000 14 S -213.827377 46.203045 -19.831642 1.800000 0.000000 0.000000
435000 15 G -212.842392 45.088642 -22.865198 2.150000 0.000000 0.000000
435000 16 P -210.276550 47.230644 -19.625334 2.110000 -1.000000 0.000000
435000 17 S -208.214935 44.135223 -20.549639 1.800000 0.000000 0.000000
435000 18 C -210.719330 41.633957 -20.692003 2.150000 0.000000 0.000000
435000 19 P -209.125443 43.833221 -24.055876 2.110000 -1.000000 0.000000
435000 20 S -207.803162 40.323292 -23.372145 1.800000 0.000000 0.000000
435000 21 A -205.313858 42.099274 -25.029858 2.150000 0.000000 0.000000
435000 22 P -208.799164 37.844707 -26.008514 2.110000 -1.000000 0.000000
435000 23 S -209.945023 35.503292 -23.280897 1.800000 0.000000 0.000000
435000 24 A -211.786499 37.234432 -20.814110 2.150000 0.000000 0.000000
435000 25 P -212.004135 33.586536 -26.204601 2.110000 -1.000000 0.000000
435000 26 S -214.303391 33.430504 -23.210833 1.800000 0.000000 0.000000
435000 27 G -215.559036 36.725796 -23.022610 2.150000 0.000000 0.000000
435000 28 P -216.712036 31.860243 -25.528236 2.110000 -1.000000 0.000000
435000 29 S -219.976990 32.876965 -23.940060 1.800000 0.000000 0.000000
435000 30 C -219.708923 35.572380 -26.143438 2.150000 0.000000 0.000000
435000 31 P -222.123978 31.463562 -26.672100 2.110000 -1.000000 0.000000
435000 32 S -225.237167 33.604851 -26.208580 1.800000 0.000000 0.000000
435000 33 C -223.180466 36.120834 -27.506443 2.150000 0.000000 0.000000
435000 34 P -226.695663 32.737675 -29.594723 2.110000 -1.000000 0.000000
435000 35 S -227.654327 36.208630 -30.595188 1.800000 0.000000 0.000000
435000 36 U -224.540848 36.711502 -32.088432 2.150000 0.000000 0.000000
435000 37 P -229.089096 35.395245 -33.989765 2.110000 -1.000000 0.000000
440000 1 P -211.419525 49.197647 -38.814381 2.110000 -1.000000 1.000000
440000 2 S -214.929504 48.413593 -39.332111 1.800000 0.000000 0.000000
440000 3 G -214.645996 45.203804 -38.205128 2.150000 0.000000 0.000000
440000 4 P -214.371933 50.146999 -36.068169 2.110000 -1.000000 0.000000
440000 5 S -217.911407 49.612701 -34.982815 1.800000 0.000000 0.000000
440000 6 G -218.374069 46.487465 -33.978279 2.150000 0.000000 0.000000
440000 7 P -216.847198 50.741348 -31.413418 2.110000 -1.000000 0.000000
440000 8 S -219.137848 48.850346 -28.879284 1.800000 0.000000 0.000000
440000 9 G -217.731644 45.715446 -29.834480 2.150000 0.000000 0.000000
440000 10 P -217.076462 50.077843 -26.223406 2.110000 -1.000000 0.000000
440000 11 S -218.276260 48.063927 -23.337610 1.800000 0.000000 0.000000
440000 12 C -217.632187 44.653408 -24.268551 2.150000 0.000000 0.000000
440000 13 P -215.196838 50.220039 -22.812672 2.110000 -1.000000 0.000000
440000 14 S -213.278351 48.221832 -20.234116 1.800000 0.000000 0.000000
440000 15 G -212.544830 45.772743 -22.894260 2.150000 0.000000 0.000000
440000 16 P -210.234863 50.421951 -20.840322 2.110000 -1.000000 0.000000
440000 17 S -207.106857 48.249496 -20.230370 1.800000 0.000000 0.000000
440000 18 C -208.386551 46.079723 -17.927343 2.150000 0.000000 0.000000
440000 19 P -206.938934 45.073593 -22.402308 2.110000 -1.000000 0.000000
440000 20 S -207.120560 42.077354 -19.935492 1.800000 0.000000 0.000000
440000 21 A -210.581314 41.554474 -19.157921 2.150000 0.000000 0.000000
440000 22 P -206.869095 39.615208 -22.877728 2.110000 -1.000000 0.000000
440000 23 S -208.010406 36.694000 -20.707211 1.800000 0.000000 0.000000
440000 24 A -211.269699 36.944214 -19.742229 2.150000 0.000000 0.000000
440000 25 P -207.486618 35.503254 -24.254812 2.110000 -1.000000 0.000000
440000 26 S -211.091629 34.210762 -23.369164 1.800000 0.000000 0.000000
440000 27 G -213.221390 36.973110 -23.446156 2.150000 0.000000 0.000000
440000 28 P -211.922134 33.120930 -26.864883 2.110000 -1.000000 0.000000
440000 29 S -215.548538 34.464344 -26.336708 1.800000 0.000000 0.000000
440000 30 C -214.852097 37.640549 -27.250082 2.150000 0.000000 0.000000
440000 31 P -216.270370 33.192402 -30.069639 2.110000 -1.000000 0.000000
440000 32 S -219.354675 35.124195 -29.907438 1.800000 0.000000 0.000000
440000 33 C -217.884750 38.056450 -30.620800 2.150000 0.000000 0.000000
440000 34 P -219.389618 33.296806 -33.395500 2.110000 -1.000000 0.000000
440000 35 S -221.497757 35.779320 -35.595264 1.800000 0.000000 0.000000
440000 36 U -218.597961 37.910660 -35.351799 2.150000 0.000000 0.000000
440000 37 P -220.922729 35.056625 -39.141926 2.110000 -1.000000 0.000000
445000 1 P -205.929504 44.615410 -35.338913 2.110000 -1.000000 1.000000
445000 2 S -208.787109 46.813915 -36.602654 1.800000 0.000000 0.000000
445000 3 G -211.275848 44.806026 -35.490837 2.150000 0.000000 0.000000
445000 4 P -208.804703 49.130238 -33.695068 2.110000 -1.000000 0.000000
445000 5 S -212.543915 49.221432 -33.741440 1.800000 0.000000 0.000000
445000 6 G -214.287018 46.508644 -32.593117 2.150000 0.000000 0.000000
445000 7 P -212.807281 51.397968 -30.638153 2.110000 -1.000000 0.000000
445000 8 S -216.210831 50.854431 -28.940170 1.800000 0.000000 0.000000
445000 9 G -216.508972 47.747826 -27.527790 2.150000 0.000000 0.000000
445000 10 P -214.589996 53.226059 -26.348585 2.110000 -1.000000 0.000000
445000 11 S -216.577087 52.204163 -23.373386 1.800000 0.000000 0.000000
445000 12 C -215.313354 48.941803 -23.085972 2.150000 0.000000 0.000000
445000 13 P -213.547546 53.520901 -21.097574 2.110000 -1.000000 0.000000
445000 14 S -213.531464 50.594746 -18.566576 1.800000 0.000000 0.000000
445000 15 G -212.440186 47.812870 -20.255913 2.150000 0.000000 0.000000
445000 16 P -210.127228 51.897713 -18.241985 2.110000 -1.000000 0.000000
445000 17 S -208.575974 49.975044 -15.346005 1.800000 0.000000 0.000000
445000 18 C -211.740387 50.109573 -14.098882 2.150000 0.000000 0.000000
445000 19 P -208.230576 46.623066 -17.302364 2.110000 -1.000000 0.000000
445000 20 S -205.687256 44.468639 -15.332195 1.800000 0.000000 0.000000
445000 21 A -207.939301 43.938259 -12.716482 2.150000 0.000000 0.000000
445000 22 P -206.234146 41.314575 -17.386011 2.110000 -1.000000 0.000000
445000 23 S -209.714859 40.145245 -16.000772 1.800000 0.000000 0.000000
445000 24 A -211.089615 42.588078 -18.098063 2.150000 0.000000 0.000000
445000 25 P -209.797562 37.046700 -18.598969 2.110000 -1.000000 0.000000
445000 26 S -213.432755 37.652824 -18.762459 1.800000 0.000000 0.000000
445000 27 G -213.213638 40.442085 -20.708952 2.150000 0.000000 0.000000
445000 28 P -214.505280 35.348251 -21.468739 2.110000 -1.000000 0.000000
445000 29 S -217.767960 37.181938 -22.276493 1.800000 0.000000 0.000000
445000 30 C -216.198029 39.332718 -24.521551 2.150000 0.000000 0.000000
445000 31 P -218.081924 35.054642 -25.188494 2.110000 -1.000000 0.000000
445000 32 S -219.911301 37.144489 -27.671082 1.800000 0.000000 0.000000
445000 33 C -217.171860 39.402451 -28.490898 2.150000 0.000000 0.000000
445000 34 P -219.080841 34.774033 -30.305042 2.110000 -1.000000 0.000000
445000 35 S -220.366714 36.728176 -33.428059 1.800000 0.000000 0.000000
445000 36 U -219.043076 40.083904 -34.482071 2.150000 0.000000 0.000000
445000 37 P -218.505280 34.849648 -36.089661 2.110000 -1.000000 0.000000
450000 1 P -201.867859 47.336117 -44.646053 2.110000 -1.000000 1.000000
450000 2 S -205.122482 49.284496 -44.176659 1.800000 0.000000 0.000000
450000 3 G -207.355576 46.607052 -44.210526 2.150000 0.000000 0.000000
450000 4 P -205.985352 51.513973 -41.193115 2.110000 -1.000000 0.000000
450000 5 S -209.767258 50.972782 -40.967728 1.800000 0.000000 0.000000
450000 6 G -209.396957 47.881134 -39.349613 2.150000 0.000000 0.000000
450000 7 P -209.221039 53.191925 -37.794807 2.110000 -1.000000 0.000000
450000 8 S -212.304169 52.187248 -35.781506 1.800000 0.000000 0.000000
450000 9 G -211.160934 49.089916 -34.671692 2.150000 0.000000 0.000000
450000 10 P -211.552658 54.265972 -32.735577 2.110000 -1.000000 0.000000
450000 11 S -213.277176 51.908257 -30.193600 1.800000 0.000000 0.000000
450000 12 C -212.757721 48.520634 -30.910633 2.150000 0.000000 0.000000
450000 13 P -211.020477 52.916275 -27.217581 2.110000 -1.000000 0.000000
450000 14 S -212.139297 49.725014 -25.448717 1.800000 0.000000 0.000000
450000 15 G -209.875412 47.670616 -27.064722 2.150000 0.000000 0.000000
450000 16 P -209.046814 50.882286 -23.198957 2.110000 -1.000000 0.000000
450000 17 S -206.735184 47.727272 -22.888012 1.800000 0.000000 0.000000
450000 18 C -204.793396 49.706146 -20.667015 2.150000 0.000000 0.000000
450000 19 P -204.601212 47.226734 -25.941076 2.110000 -1.000000 0.000000
450000 20 S -203.716949 43.391602 -25.733063 1.800000 0.000000 0.000000
450000 21 A -207.107697 41.792561 -25.635521 2.150000 0.000000 0.000000
450000 22 P -202.290802 42.318817 -29.224590 2.110000 -1.000000 0.000000
450000 23 S -204.169128 39.102989 -29.234835 1.800000 0.000000 0.000000
450000 24 A -202.997421 36.984097 -26.465509 2.150000 0.000000 0.000000
450000 25 P -205.572418 36.468414 -31.609234 2.110000 -1.000000 0.000000
450000 26 S -209.014191 36.970135 -30.089373 1.800000 0.000000 0.000000
450000 27 G -209.620483 40.168961 -31.337223 2.150000 0.000000 0.000000
450000 28 P -210.719406 35.277771 -33.164917 2.110000 -1.000000 0.000000
450000 29 S -213.825134 37.317085 -33.164673 1.800000 0.000000 0.000000
450000 30 C -213.506439 40.517708 -34.019089 2.150000 0.000000 0.000000
450000 31 P -215.103424 35.623257 -36.464428 2.110000 -1.000000 0.000000
450000 32 S -216.709427 38.318569 -38.515381 1.800000 0.000000 0.000000
450000 33 C -213.799866 40.195404 -38.547508 2.150000 0.000000 0.000000
450000 34 P -216.525162 36.556385 -41.937595 2.110000 -1.000000 0.000000
450000 35 S -217.194321 39.272655 -44.506348 1.800000 0.000000 0.000000
450000 36 U -214.654510 41.350735 -43.230385 2.150000 0.000000 0.000000
450000 37 P -215.567200 37.618450 -47.450268 2.110000 -1.000000 0.000000
455000 1 P -202.475372 47.837109 -35.439850 2.110000 -1.000000 1.000000
455000 2 S -202.710709 48.534813 -39.335491 1.800000 0.000000 0.000000
455000 3 G -205.414963 47.138058 -41.025539 2.150000 0.000000 0.000000
455000 4 P -203.840515 51.836926 -37.945465 2.110000 -1.000000 0.000000
455000 5 S -207.377975 52.208866 -39.328083 1.800000 0.000000 0.000000
455000 6 G -208.445572 49.032116 -38.322876 2.150000 0.000000 0.000000
455000 7 P -207.747375 54.597660 -36.385204 2.110000 -1.000000 0.000000
455000 8 S -211.536682 53.956959 -36.091499 1.800000 0.000000 0.000000
455000 9 G -211.277603 50.479828 -35.298889 2.150000 0.000000 0.000000
455000 10 P -210.935410 55.454433 -32.571255 2.110000 -1.000000 0.000000
455000 11 S -213.529312 53.123413 -31.033850 1.800000 0.000000 0.000000
455000 12 C -211.158936 50.672516 -31.433182 2.150000 0.000000 0.000000
455000 13 P -212.691147 53.899380 -27.684744 2.110000 -1.000000 0.000000
455000 14 S -213.413528 50.712612 -25.979734 1.800000 0.000000 0.000000
455000 15 G -216.260010 52.077999 -24.567608 2.150000 0.000000 0.000000
455000 16 P -211.641174 52.314167 -23.190201 2.110000 -1.000000 0.000000
455000 17 S -210.941315 49.413181 -20.914818 1.800000 0.000000 0.000000
455000 18 C -207.781921 49.932941 -19.305187 2.150000 0.000000 0.000000
455000 19 P -209.140015 48.468227 -24.000944 2.110000 -1.000000 0.000000
455000 20 S -208.642334 45.072956 -22.492033 1.800000 0.000000 0.000000
455000 21 A -211.992828 43.814995 -23.005938 2.150000 0.000000 0.000000
455000 22 P -206.833893 43.529789 -25.633476 2.110000 -1.000000 0.000000
455000 23 S -207.966141 39.949921 -24.993784 1.800000 0.000000 0.000000
455000 24 A -210.722275 41.457298 -25.965725 2.150000 0.000000 0.000000
455000 25 P -207.916641 37.597996 -27.854633 2.110000 -1.000000 0.000000
455000 26 S -211.229324 38.769386 -29.245367 1.800000 0.000000 0.000000
455000 27 G -210.100433 41.628849 -30.797300 2.150000 0.000000 0.000000
455000 28 P -212.328964 37.052277 -32.562286 2.110000 -1.000000 0.000000
455000 29 S -215.309494 39.334328 -33.014816 1.800000 0.000000 0.000000
455000 30 C -213.665726 41.930832 -34.392712 2.150000 0.000000 0.000000
455000 31 P -215.496948 37.775135 -36.402279 2.110000 -1.000000 0.000000
455000 32 S -216.702759 40.190075 -39.009029 1.800000 0.000000 0.000000
455000 33 C -213.705338 41.961052 -39.084385 2.150000 0.000000 0.000000
455000 34 P -216.233505 38.569748 -42.410469 2.110000 -1.000000 0.000000
455000 35 S -215.154190 41.367886 -44.966450 1.800000 0.000000 0.000000
455000 36 U -211.777206 41.264675 -43.692574 2.150000 0.000000 0.000000
455000 37 P -214.421463 38.075954 -46.367020 2.110000 -1.000000 0.000000
460000 1 P -204.932983 44.404106 -39.174080 2.110000 -1.000000 1.000000
460000 2 S -206.568558 46.301762 -41.722210 1.800000 0.000000 0.000000
460000 3 G -209.456665 44.360188 -41.343845 2.150000 0.000000 0.000000
460000 4 P -207.147476 48.875839 -38.907372 2.110000 -1.000000 0.000000
460000 5 S -210.478821 49.944778 -40.597980 1.800000 0.000000 0.000000
460000 6 G -212.060257 47.447620 -38.917583 2.150000 0.000000 0.000000
460000 7 P -211.986588 52.472927 -37.873383 2.110000 -1.000000 0.000000
460000 8 S -215.603455 51.155182 -37.956589 1.800000 0.000000 0.000000
460000 9 G -215.768845 48.621220 -35.945560 2.150000 0.000000 0.000000
460000 10 P -214.520493 53.078465 -34.899734 2.110000 -1.000000 0.000000
460000 11 S -218.053802 52.017796 -33.772446 1.800000 0.000000 0.000000
460000 12 C -218.713654 48.639904 -32.812759 2.150000 0.000000 0.000000
460000 13 P -217.381500 52.554466 -30.132746 2.110000 -1.000000 0.000000
460000 14 S -217.123734 49.033043 -28.705894 1.800000 0.000000 0.000000
460000 15 G -214.207550 48.066074 -30.412094 2.150000 0.000000 0.000000
460000 16 P -215.802246 51.407761 -26.108200 2.110000 -1.000000 0.000000
460000 17 S -213.942856 49.152836 -23.531784 1.800000 0.000000 0.000000
460000 18 C -216.619736 47.508312 -21.907419 2.150000 0.000000 0.000000
460000 19 P -212.489929 47.360703 -26.587225 2.110000 -1.000000 0.000000
460000 20 S -212.848526 44.314503 -24.406364 1.800000 0.000000 0.000000
460000 21 A -216.011261 43.396893 -23.165850 2.150000 0.000000 0.000000
460000 22 P -212.362762 41.457176 -26.874043 2.110000 -1.000000 0.000000
460000 23 S -214.810608 38.689056 -25.874477 1.800000 0.000000 0.000000
460000 24 A -217.817001 39.914860 -27.184626 2.150000 0.000000 0.000000
460000 25 P -213.432892 36.646385 -28.682302 2.110000 -1.000000 0.000000
460000 26 S -216.998550 36.633842 -30.334589 1.800000 0.000000 0.000000
460000 27 G -216.402313 39.800583 -31.852928 2.150000 0.000000 0.000000
460000 28 P -216.517532 35.170227 -33.782780 2.110000 -1.000000 0.000000
460000 29 S -219.693726 37.245262 -34.557831 1.800000 0.000000 0.000000
460000 30 C -217.369476 39.603008 -35.543961 2.150000 0.000000 0.000000
460000 31 P -220.462692 36.259171 -38.154728 2.110000 -1.000000 0.000000
460000 32 S -221.699615 39.697857 -39.381680 1.800000 0.000000 0.000000
460000 33 C -218.657715 41.167950 -39.787827 2.150000 0.000000 0.000000
460000 34 P -222.121292 38.839809 -42.942196 2.110000 -1.000000 0.000000
460000 35 S -221.011765 42.051754 -44.572662 1.800000 0.000000 0.000000
460000 36 U -217.569305 42.701359 -45.006100 2.150000 0.000000 0.000000
460000 37 P -220.604538 39.986710 -47.911686 2.110000 -1.000000 0.000000
465000 1 P -205.995422 46.740135 -53.748585 2.110000 -1.000000 1.000000
465000 2 S -208.672592 48.766567 -55.300396 1.800000 0.000000 0.000000
465000 3 G -211.865829 47.375721 -54.742020 2.150000 0.000000 0.000000
465000 4 P -209.100784 50.501114 -52.009113 2.110000 -1.000000 0.000000
465000 5 S -212.577072 51.860405 -52.705791 1.800000 0.000000 0.000000
465000 6 G -215.074173 49.606663 -51.401981 2.150000 0.000000 0.000000
465000 7 P -212.154205 53.294746 -49.205772 2.110000 -1.000000 0.000000
465000 8 S -215.605270 52.240124 -48.235825 1.800000 0.000000 0.000000
465000 9 G -214.725510 49.360966 -46.883026 2.150000 0.000000 0.000000
465000 10 P -215.536453 53.594959 -44.517433 2.110000 -1.000000 0.000000
465000 11 S -218.212784 52.005215 -42.404427 1.800000 0.000000 0.000000
465000 12 C -216.471573 49.242447 -42.722927 2.150000 0.000000 0.000000
465000 13 P -216.519653 53.306931 -39.269367 2.110000 -1.000000 0.000000
465000 14 S -218.116821 50.661156 -36.926670 1.800000 0.000000 0.000000
465000 15 G -216.746841 47.847435 -38.774563 2.150000 0.000000 0.000000
465000 16 P -215.744354 51.569004 -33.877598 2.110000 -1.000000 0.000000
465000 17 S -214.362595 48.197266 -33.199932 1.800000 0.000000 0.000000
465000 18 C -211.547455 49.916290 -31.554068 2.150000 0.000000 0.000000
465000 19 P -213.231293 46.829205 -36.612095 2.110000 -1.000000 0.000000
465000 20 S -212.796921 43.609924 -34.613132 1.800000 0.000000 0.000000
465000 21 A -216.201904 43.106628 -34.594810 2.150000 0.000000 0.000000
465000 22 P -211.679047 41.282902 -37.317226 2.110000 -1.000000 0.000000
465000 23 S -214.367371 38.711193 -36.362198 1.800000 0.000000 0.000000
465000 24 A -216.948547 40.630817 -37.827225 2.150000 0.000000 0.000000
465000 25 P -213.457123 36.260960 -39.345280 2.110000 -1.000000 0.000000
465000 26 S -216.757217 37.274708 -40.724049 1.800000 0.000000 0.000000
465000 27 G -215.209076 40.228439 -41.691349 2.150000 0.000000 0.000000
465000 28 P -216.739273 35.842964 -44.239220 2.110000 -1.000000 0.000000
465000 29 S -219.617920 37.924458 -45.650635 1.800000 0.000000 0.000000
465000 30 C -218.086838 41.161335 -45.431519 2.150000 0.000000 0.000000
465000 31 P -219.710007 36.477406 -49.192799 2.110000 -1.000000 0.000000
465000 32 S -222.028839 39.263996 -50.211399 1.800000 0.000000 0.000000
465000 33 C -219.998260 42.266048 -50.464191 2.150000 0.000000 0.000000
465000 34 P -221.525116 37.633778 -53.662876 2.110000 -1.000000 0.000000
465000 35 S -222.310837 40.835388 -55.282047 1.800000 0.000000 0.000000
465000 36 U -219.365463 42.771915 -54.829708 2.150000 0.000000 0.000000
465000 37 P -221.985062 39.597908 -59.005924 2.110000 -1.000000 0.000000
470000 1 P -209.600922 46.240406 -53.458328 2.110000 -1.000000 1.000000
470000 2 S -210.044388 49.302486 -55.865551 1.800000 0.000000 0.000000
470000 3 G -212.977539 47.815136 -56.613960 2.150000 0.000000 0.000000
470000 4 P -209.821945 50.684803 -52.288273 2.110000 -1.000000 0.000000
470000 5 S -212.940689 52.677658 -52.576504 1.800000 0.000000 0.000000
470000 6 G -215.005432 50.006721 -53.781498 2.150000 0.000000 0.000000
470000 7 P -213.727661 53.504734 -49.339542 2.110000 -1.000000 0.000000
470000 8 S -217.379120 52.964127 -48.168835 1.800000 0.000000 0.000000
470000 9 G -218.606400 49.823494 -48.809181 2.150000 0.000000 0.000000
470000 10 P -217.399384 53.661415 -44.276398 2.110000 -1.000000 0.000000
470000 11 S -219.967484 50.825161 -43.784149 1.800000 0.000000 0.000000
470000 12 C -217.650970 48.355476 -44.913532 2.150000 0.000000 0.000000
470000 13 P -218.087082 51.264244 -40.338219 2.110000 -1.000000 0.000000
470000 14 S -217.713211 47.397800 -41.031677 1.800000 0.000000 0.000000
470000 15 G -220.905029 47.395081 -39.651520 2.150000 0.000000 0.000000
470000 16 P -215.032364 46.839340 -37.997936 2.110000 -1.000000 0.000000
470000 17 S -212.792343 44.147976 -39.712719 1.800000 0.000000 0.000000
470000 18 C -214.861267 41.148418 -40.069145 2.150000 0.000000 0.000000
470000 19 P -212.334274 44.733364 -43.519794 2.110000 -1.000000 0.000000
470000 20 S -210.952515 41.474659 -44.586071 1.800000 0.000000 0.000000
470000 21 A -213.438171 38.901463 -44.066238 2.150000 0.000000 0.000000
470000 22 P -211.837204 41.088310 -48.216484 2.110000 -1.000000 0.000000
470000 23 S -212.517639 37.545017 -48.803329 1.800000 0.000000 0.000000
470000 24 A -214.502487 35.857632 -46.390087 2.150000 0.000000 0.000000
470000 25 P -214.545029 36.676006 -51.794426 2.110000 -1.000000 0.000000
470000 26 S -217.908371 37.494713 -50.330173 1.800000 0.000000 0.000000
470000 27 G -218.749924 40.765854 -50.259335 2.150000 0.000000 0.000000
470000 28 P -219.024765 37.154716 -54.096676 2.110000 -1.000000 0.000000
470000 29 S -222.149063 39.309353 -53.484356 1.800000 0.000000 0.000000
470000 30 C -221.606277 42.441353 -52.200047 2.150000 0.000000 0.000000
470000 31 P -224.186539 40.238605 -56.532532 2.110000 -1.000000 0.000000
470000 32 S -225.361389 43.525772 -55.091900 1.800000 0.000000 0.000000
470000 33 C -222.370621 45.374378 -55.188896 2.150000 0.000000 0.000000
470000 34 P -226.185928 43.998535 -58.866192 2.110000 -1.000000 0.000000
470000 35 S -225.220016 47.749752 -58.500134 1.800000 0.000000 0.000000
470000 36 U -221.888901 48.973133 -58.869778 2.150000 0.000000 0.000000
470000 37 P -225.754669 48.131645 -62.264622 2.110000 -1.000000 0.000000
475000 1 P -218.799042 49.229568 -42.005337 2.110000 -1.000000 1.000000
475000 2 S -221.536560 51.900539 -42.651997 1.800000 0.000000 0.000000
475000 3 G -224.295914 50.119148 -41.498600 2.150000 0.000000 0.000000
475000 4 P -220.795731 52.991581 -39.050529 2.110000 -1.000000 0.000000
475000 5 S -224.406281 53.226940 -38.108337 1.800000 0.000000 0.000000
475000 6 G -223.974228 49.802471 -37.230392 2.150000 0.000000 0.000000
475000 7 P -222.762390 53.405087 -34.794765 2.110000 -1.000000 0.000000
475000 8 S -225.562607 52.676899 -32.206959 1.800000 0.000000 0.000000
475000 9 G -226.380173 49.079365 -32.498886 2.150000 0.000000 0.000000
475000 10 P -222.690903 52.746147 -29.736586 2.110000 -1.000000 0.000000
475000 11 S -223.308868 50.086132 -27.126377 1.800000 0.000000 0.000000
475000 12 C -222.057098 47.642708 -29.345953 2.150000 0.000000 0.000000
475000 13 P -220.408569 50.861423 -24.984858 2.110000 -1.000000 0.000000
475000 14 S -220.499756 47.182800 -23.872208 1.800000 0.000000 0.000000
475000 15 G -219.895508 45.470924 -26.682716 2.150000 0.000000 0.000000
475000 16 P -216.810959 47.301517 -22.875881 2.110000 -1.000000 0.000000
475000 17 S -215.965652 43.475430 -23.215752 1.800000 0.000000 0.000000
475000 18 C -218.936020 42.286915 -21.722504 2.150000 0.000000 0.000000
475000 19 P -216.407135 42.963497 -26.737204 2.110000 -1.000000 0.000000
475000 20 S -216.992615 39.247971 -27.155922 1.800000 0.000000 0.000000
475000 21 A -219.948151 38.939152 -25.622528 2.150000 0.000000 0.000000
475000 22 P -217.723587 39.071526 -31.065847 2.110000 -1.000000 0.000000
475000 23 S -218.563766 35.380138 -30.728861 1.800000 0.000000 0.000000
475000 24 A -220.799515 35.213318 -28.075581 2.150000 0.000000 0.000000
475000 25 P -220.396561 34.904556 -33.973118 2.110000 -1.000000 0.000000
475000 26 S -223.876358 35.977264 -32.644123 1.800000 0.000000 0.000000
475000 27 G -223.172882 39.108814 -32.928829 2.150000 0.000000 0.000000
475000 28 P -226.126328 35.596542 -35.545177 2.110000 -1.000000 0.000000
475000 29 S -229.140701 37.238163 -33.946033 1.800000 0.000000 0.000000
475000 30 C -227.743561 40.557110 -33.383514 2.150000 0.000000 0.000000
475000 31 P -230.332184 37.376408 -37.450161 2.110000 -1.000000 0.000000
475000 32 S -232.437057 40.450840 -36.357349 1.800000 0.000000 0.000000
475000 33 C -229.500610 42.344616 -36.597519 2.150000 0.000000 0.000000
475000 34 P -233.308853 39.873619 -40.239349 2.110000 -1.000000 0.000000
475000 35 S -234.507401 43.452473 -40.886143 1.800000 0.000000 0.000000
475000 36 U -231.995407 45.629395 -40.695213 2.150000 0.000000 0.000000
475000 37 P -234.719315 43.593384 -44.677856 2.110000 -1.000000 0.000000
480000 1 P -218.543854 49.560310 -39.836620 2.110000 -1.000000 1.000000
480000 2 S -220.226440 52.824028 -38.783665 1.800000 0.000000 0.000000
480000 3 G -223.331207 51.346680 -38.112961 2.150000 0.000000 0.000000
480000 4 P -218.518463 54.069443 -35.920399 2.110000 -1.000000 0.000000
480000 5 S -221.964035 55.567478 -34.947742 1.800000 0.000000 0.000000
480000 6 G -223.318832 52.501736 -33.659237 2.150000 0.000000 0.000000
480000 7 P -220.737076 56.809822 -31.457876 2.110000 -1.000000 0.000000
480000 8 S -223.428604 56.710579 -28.739523 1.800000 0.000000 0.000000
480000 9 G -224.222076 53.571007 -27.749847 2.150000 0.000000 0.000000
480000 10 P -220.073395 57.280003 -26.703409 2.110000 -1.000000 0.000000
480000 11 S -221.030853 55.907288 -23.293608 1.800000 0.000000 0.000000
480000 12 C -222.339676 52.538265 -23.233625 2.150000 0.000000 0.000000
480000 13 P -217.663696 56.386124 -22.039232 2.110000 -1.000000 0.000000
480000 14 S -218.070679 52.659294 -21.299387 1.800000 0.000000 0.000000
480000 15 G -218.025208 51.229321 -24.518251 2.150000 0.000000 0.000000
480000 16 P -214.388382 52.553905 -20.011026 2.110000 -1.000000 0.000000
480000 17 S -214.229813 48.864906 -18.993862 1.800000 0.000000 0.000000
480000 18 C -210.875778 48.590721 -19.053091 2.150000 0.000000 0.000000
480000 19 P -214.114243 46.916592 -22.256756 2.110000 -1.000000 0.000000
480000 20 S -214.522064 43.455444 -20.738047 1.800000 0.000000 0.000000
480000 21 A -211.136765 42.927231 -19.652891 2.150000 0.000000 0.000000
480000 22 P -214.927399 42.454891 -24.436892 2.110000 -1.000000 0.000000
480000 23 S -217.741013 40.372147 -22.673180 1.800000 0.000000 0.000000
480000 24 A -219.345398 42.958797 -20.880522 2.150000 0.000000 0.000000
480000 25 P -220.262833 39.046043 -25.104782 2.110000 -1.000000 0.000000
480000 26 S -223.251053 40.468006 -23.387173 1.800000 0.000000 0.000000
480000 27 G -222.098526 43.787014 -23.876442 2.150000 0.000000 0.000000
480000 28 P -225.732117 39.677402 -25.957275 2.110000 -1.000000 0.000000
480000 29 S -227.893494 42.431400 -24.734806 1.800000 0.000000 0.000000
480000 30 C -225.701874 44.767941 -26.009344 2.150000 0.000000 0.000000
480000 31 P -230.479858 42.012291 -27.500858 2.110000 -1.000000 0.000000
480000 32 S -230.989853 45.614182 -26.801828 1.800000 0.000000 0.000000
480000 33 C -228.314911 47.246407 -28.109861 2.150000 0.000000 0.000000
480000 34 P -233.428802 46.440582 -29.598614 2.110000 -1.000000 0.000000
480000 35 S -232.301559 50.062660 -29.893942 1.800000 0.000000 0.000000
480000 36 U -230.207214 49.247795 -32.631195 2.150000 0.000000 0.000000
480000 37 P -234.195374 51.560940 -32.888618 2.110000 -1.000000 0.000000
485000 1 P -215.825165 47.111088 -40.812027 2.110000 -1.000000 1.000000
485000 2 S -218.326584 49.623230 -42.310638 1.800000 0.000000 0.000000
485000 3 G -220.878708 47.642471 -40.636208 2.150000 0.000000 0.000000
485000 4 P -217.787338 52.302307 -39.490330 2.110000 -1.000000 0.000000
485000 5 S -221.224579 53.296593 -38.125725 1.800000 0.000000 0.000000
485000 6 G -221.036362 49.958782 -37.125347 2.150000 0.000000 0.000000
485000 7 P -219.373810 55.088036 -35.325871 2.110000 -1.000000 0.000000
485000 8 S -221.433319 54.556522 -32.096775 1.800000 0.000000 0.000000
485000 9 G -221.165054 51.038570 -32.062019 2.150000 0.000000 0.000000
485000 10 P -219.291733 55.562019 -29.213284 2.110000 -1.000000 0.000000
485000 11 S -221.516632 53.799137 -26.601267 1.800000 0.000000 0.000000
485000 12 C -221.455475 50.823994 -28.402142 2.150000 0.000000 0.000000
485000 13 P -217.745682 54.217972 -25.710047 2.110000 -1.000000 0.000000
485000 14 S -217.744354 51.152737 -23.472342 1.800000 0.000000 0.000000
485000 15 G -218.787354 48.872574 -25.980347 2.150000 0.000000 0.000000
485000 16 P -213.844772 50.742985 -24.115223 2.110000 -1.000000 0.000000
485000 17 S -213.054428 47.142391 -24.884991 1.800000 0.000000 0.000000
485000 18 C -209.775070 47.178146 -25.581015 2.150000 0.000000 0.000000
485000 19 P -214.746185 46.426052 -28.283920 2.110000 -1.000000 0.000000
485000 20 S -214.502655 42.623924 -27.777740 1.800000 0.000000 0.000000
485000 21 A -215.970932 42.575706 -24.629822 2.150000 0.000000 0.000000
485000 22 P -217.592316 41.832100 -30.398188 2.110000 -1.000000 0.000000
485000 23 S -217.632523 38.510063 -28.405972 1.800000 0.000000 0.000000
485000 24 A -219.277802 39.965530 -25.532415 2.150000 0.000000 0.000000
485000 25 P -220.726181 37.082863 -30.020658 2.110000 -1.000000 0.000000
485000 26 S -222.332092 39.162395 -27.152735 1.800000 0.000000 0.000000
485000 27 G -221.897614 41.766323 -29.342707 2.150000 0.000000 0.000000
485000 28 P -225.177856 37.637226 -29.121691 2.110000 -1.000000 0.000000
485000 29 S -227.173431 41.035622 -28.873415 1.800000 0.000000 0.000000
485000 30 C -225.031799 43.087109 -30.577085 2.150000 0.000000 0.000000
485000 31 P -229.654663 39.912731 -31.578865 2.110000 -1.000000 0.000000
485000 32 S -230.383408 43.443111 -32.658569 1.800000 0.000000 0.000000
485000 33 C -227.168716 43.528526 -34.227409 2.150000 0.000000 0.000000
485000 34 P -232.796768 42.778706 -35.788559 2.110000 -1.000000 0.000000
485000 35 S -232.501984 46.300552 -37.003922 1.800000 0.000000 0.000000
485000 36 U -229.390106 45.823151 -38.341431 2.150000 0.000000 0.000000
485000 37 P -234.945633 44.925262 -39.751347 2.110000 -1.000000 0.000000
490000 1 P -224.257736 52.802345 -40.742695 2.110000 -1.000000 1.000000
490000 2 S -227.542160 54.641991 -41.166073 1.800000 0.000000 0.000000
490000 3 G -230.106293 53.991158 -38.999451 2.150000 0.000000 0.000000
490000 4 P -226.103607 56.162037 -38.089108 2.110000 -1.000000 0.000000
490000 5 S -229.117416 57.603878 -36.225727 1.800000 0.000000 0.000000
490000 6 G -231.256653 55.116886 -35.388035 2.150000 0.000000 0.000000
490000 7 P -228.296310 58.605373 -32.681999 2.110000 -1.000000 0.000000
490000 8 S -231.586960 58.229740 -31.071333 1.800000 0.000000 0.000000
490000 9 G -231.329346 54.877033 -30.831657 2.150000 0.000000 0.000000
490000 10 P -229.809555 59.010693 -27.852650 2.110000 -1.000000 0.000000
490000 11 S -232.439911 57.168873 -25.575499 1.800000 0.000000 0.000000
490000 12 C -231.695358 53.966702 -26.513929 2.150000 0.000000 0.000000
490000 13 P -228.938889 57.962090 -24.062834 2.110000 -1.000000 0.000000
490000 14 S -228.893204 54.692177 -22.089476 1.800000 0.000000 0.000000
490000 15 G -228.086746 52.555531 -24.817831 2.150000 0.000000 0.000000
490000 16 P -225.150955 54.921581 -21.492493 2.110000 -1.000000 0.000000
490000 17 S -222.774765 52.013485 -21.107454 1.800000 0.000000 0.000000
490000 18 C -225.575516 50.641602 -19.465132 2.150000 0.000000 0.000000
490000 19 P -222.941666 50.233879 -24.607466 2.110000 -1.000000 0.000000
490000 20 S -220.989960 47.107338 -23.478128 1.800000 0.000000 0.000000
490000 21 A -223.884033 46.405220 -21.416063 2.150000 0.000000 0.000000
490000 22 P -222.205963 45.381580 -26.932432 2.110000 -1.000000 0.000000
490000 23 S -224.188553 42.575779 -24.987751 1.800000 0.000000 0.000000
490000 24 A -226.572235 44.984230 -24.317585 2.150000 0.000000 0.000000
490000 25 P -225.538315 41.715496 -28.330793 2.110000 -1.000000 0.000000
490000 26 S -228.843796 41.784153 -26.440203 1.800000 0.000000 0.000000
490000 27 G -229.530960 45.239666 -26.857254 2.150000 0.000000 0.000000
490000 28 P -231.805054 41.202442 -29.216152 2.110000 -1.000000 0.000000
490000 29 S -234.540405 43.361786 -27.636625 1.800000 0.000000 0.000000
490000 30 C -233.343307 46.497200 -28.289654 2.150000 0.000000 0.000000
490000 31 P -236.434372 43.205757 -30.908100 2.110000 -1.000000 0.000000
490000 32 S -238.377258 46.555950 -30.699200 1.800000 0.000000 0.000000
490000 33 C -235.713669 48.409416 -31.999691 2.150000 0.000000 0.000000
490000 34 P -239.160934 44.704620 -33.893387 2.110000 -1.000000 0.000000
490000 35 S -240.386261 47.894924 -35.686161 1.800000 0.000000 0.000000
490000 36 U -237.079147 49.363953 -36.255329 2.150000 0.000000 0.000000
490000 37 P -240.376892 45.434441 -38.601547 2.110000 -1.000000 0.000000
495000 1 P -221.422241 48.565987 -34.132504 2.110000 -1.000000 1.000000
495000 2 S -223.867584 51.154007 -35.488533 1.800000 0.000000 0.000000
495000 3 G -226.501511 50.009392 -33.633316 2.150000 0.000000 0.000000
495000 4 P -222.785461 53.455357 -32.732796 2.110000 -1.000000 0.000000
495000 5 S -226.091217 55.447098 -32.302517 1.800000 0.000000 0.000000
495000 6 G -227.755798 52.755974 -30.843441 2.150000 0.000000 0.000000
495000 7 P -225.657806 57.570370 -29.047419 2.110000 -1.000000 0.000000
495000 8 S -228.794968 57.730492 -27.011614 1.800000 0.000000 0.000000
495000 9 G -228.275055 54.436787 -26.157057 2.150000 0.000000 0.000000
495000 10 P -227.698517 58.613922 -23.570354 2.110000 -1.000000 0.000000
495000 11 S -230.368347 57.173550 -21.449450 1.800000 0.000000 0.000000
495000 12 C -230.185547 53.908215 -21.779922 2.150000 0.000000 0.000000
495000 13 P -227.181335 58.374256 -19.598938 2.110000 -1.000000 0.000000
495000 14 S -227.193024 55.864471 -16.521753 1.800000 0.000000 0.000000
495000 15 G -226.181610 53.838299 -19.206467 2.150000 0.000000 0.000000
495000 16 P -223.648209 56.810982 -15.244455 2.110000 -1.000000 0.000000
495000 17 S -222.430206 53.235069 -14.792068 1.800000 0.000000 0.000000
495000 18 C -224.543533 53.483147 -12.153382 2.150000 0.000000 0.000000
495000 19 P -223.707214 50.585110 -17.470396 2.110000 -1.000000 0.000000
495000 20 S -222.677750 47.164101 -15.973737 1.800000 0.000000 0.000000
495000 21 A -225.406601 48.162716 -13.579463 2.150000 0.000000 0.000000
495000 22 P -224.607895 46.026516 -19.017395 2.110000 -1.000000 0.000000
495000 23 S -226.169586 42.723717 -17.925190 1.800000 0.000000 0.000000
495000 24 A -228.550446 42.191639 -15.518617 2.150000 0.000000 0.000000
495000 25 P -228.342148 40.668617 -20.530674 2.110000 -1.000000 0.000000
495000 26 S -231.756332 42.310452 -19.546068 1.800000 0.000000 0.000000
495000 27 G -229.688248 45.213753 -19.888451 2.150000 0.000000 0.000000
495000 28 P -233.984741 42.180996 -22.623123 2.110000 -1.000000 0.000000
495000 29 S -235.655502 45.616787 -21.997036 1.800000 0.000000 0.000000
495000 30 C -232.374191 46.739933 -23.459160 2.150000 0.000000 0.000000
495000 31 P -237.832413 45.151596 -25.355740 2.110000 -1.000000 0.000000
495000 32 S -238.118347 48.765877 -26.259470 1.800000 0.000000 0.000000
495000 33 C -234.772079 49.867561 -26.639645 2.150000 0.000000 0.000000
495000 34 P -240.005676 49.438751 -29.647419 2.110000 -1.000000 0.000000
495000 35 S -238.103775 52.678001 -30.220369 1.800000 0.000000 0.000000
495000 36 U -234.937347 51.584389 -30.756783 2.150000 0.000000 0.000000
495000 37 P -239.476593 53.557190 -33.686710 2.110000 -1.000000 0.000000
500000 1 P -228.093369 51.512009 -38.961159 2.110000 -1.000000 1.000000
500000 2 S -231.018204 53.890545 -38.185963 1.800000 0.000000 0.000000
500000 3 G -232.145386 51.744461 -35.822052 2.150000 0.000000 0.000000
500000 4 P -229.184006 56.276886 -35.598785 2.110000 -1.000000 0.000000
500000 5 S -232.019043 58.091152 -33.860435 1.800000 0.000000 0.000000
500000 6 G -232.720093 55.502300 -31.769096 2.150000 0.000000 0.000000
500000 7 P -230.561844 60.291183 -30.826653 2.110000 -1.000000 0.000000
500000 8 S -233.327560 60.613914 -28.169455 1.800000 0.000000 0.000000
500000 9 G -233.552170 56.840580 -28.023825 2.150000 0.000000 0.000000
500000 10 P -230.625595 61.398472 -25.783590 2.110000 -1.000000 0.000000
500000 11 S -232.234634 60.037354 -22.633022 1.800000 0.000000 0.000000
500000 12 C -231.691635 56.630714 -22.508512 2.150000 0.000000 0.000000
500000 13 P -229.105469 61.227638 -20.416824 2.110000 -1.000000 0.000000
500000 14 S -228.427994 57.679436 -19.375164 1.800000 0.000000 0.000000
500000 15 G -227.778305 55.435448 -22.148872 2.150000 0.000000 0.000000
500000 16 P -225.188171 59.542179 -18.120308 2.110000 -1.000000 0.000000
500000 17 S -222.990158 56.453903 -17.606947 1.800000 0.000000 0.000000
500000 18 C -225.372665 54.226547 -16.494093 2.150000 0.000000 0.000000
500000 19 P -223.616730 54.943741 -21.005617 2.110000 -1.000000 0.000000
500000 20 S -223.087738 51.351402 -20.051853 1.800000 0.000000 0.000000
500000 21 A -226.621353 51.140739 -19.290932 2.150000 0.000000 0.000000
500000 22 P -224.022354 49.047920 -22.876532 2.110000 -1.000000 0.000000
500000 23 S -224.294205 45.536518 -21.278679 1.800000 0.000000 0.000000
500000 24 A -225.754364 47.137508 -18.586573 2.150000 0.000000 0.000000
500000 25 P -226.473938 43.772873 -23.958149 2.110000 -1.000000 0.000000
500000 26 S -229.377167 44.717564 -21.477184 1.800000 0.000000 0.000000
500000 27 G -228.895401 48.078739 -22.418581 2.150000 0.000000 0.000000
500000 28 P -232.268417 43.408329 -23.537828 2.110000 -1.000000 0.000000
500000 29 S -234.436676 46.148804 -21.581703 1.800000 0.000000 0.000000
500000 30 C -233.684814 49.056129 -23.131783 2.150000 0.000000 0.000000
500000 31 P -237.575027 45.162045 -23.488800 2.110000 -1.000000 0.000000
500000 32 S -239.092239 48.491741 -24.206366 1.800000 0.000000 0.000000
500000 33 C -236.494141 49.864014 -26.344963 2.150000 0.000000 0.000000
500000 34 P -241.205658 46.707096 -26.678476 2.110000 -1.000000 0.000000
500000 35 S -241.756485 50.054878 -28.393003 1.800000 0.000000 0.000000
500000 36 U -238.931580 50.429249 -30.174433 2.150000 0.000000 0.000000
500000 37 P -243.099152 47.110649 -30.555864 2.110000 -1.000000 0.000000
