380000 1 P -207.315582 31.586704 -111.937614 2.110000 -1.000000 1.000000
380000 2 S -209.456299 28.370594 -112.241074 1.800000 0.000000 0.000000
380000 3 G -207.341370 25.937063 -111.175652 2.150000 0.000000 0.000000
380000 4 P -211.408981 30.537676 -109.825073 2.110000 -1.000000 0.000000
380000 5 S -213.346924 27.728014 -108.402786 1.800000 0.000000 0.000000
380000 6 G -210.639786 25.710815 -107.388695 2.150000 0.000000 0.000000
380000 7 P -213.914154 30.329828 -105.815392 2.110000 -1.000000 0.000000
380000 8 S -213.976761 27.900488 -103.074974 1.800000 0.000000 0.000000
380000 9 G -210.981415 25.928570 -103.247482 2.150000 0.000000 0.000000
380000 10 P -213.550217 31.622034 -102.213387 2.110000 -1.000000 0.000000
380000 11 S -211.320648 31.470037 -99.217659 1.800000 0.000000 0.000000
380000 12 C -209.173141 29.776783 -101.555489 2.150000 0.000000 0.000000
380000 13 P -211.236099 35.274193 -99.609550 2.110000 -1.000000 0.000000
380000 14 S -207.665466 36.061501 -98.379738 1.800000 0.000000 0.000000
380000 15 G -206.153519 34.703178 -101.346329 2.150000 0.000000 0.000000
380000 16 P -206.759277 39.373581 -100.052658 2.110000 -1.000000 0.000000
380000 17 S -202.946472 38.768555 -99.986755 1.800000 0.000000 0.000000
380000 18 C -203.043930 35.633186 -98.081238 2.150000 0.000000 0.000000
380000 19 P -203.656357 37.514988 -103.443764 2.110000 -1.000000 0.000000
380000 20 S -199.744247 37.758591 -103.474998 1.800000 0.000000 0.000000
380000 21 A -198.868378 36.145500 -100.522316 2.150000 0.000000 0.000000
380000 22 P -199.640137 34.748814 -106.012222 2.110000 -1.000000 0.000000
380000 23 S -196.540588 33.286518 -104.400688 1.800000 0.000000 0.000000
380000 24 A -197.914948 32.097973 -101.355904 2.150000 0.000000 0.000000
380000 25 P -195.989243 29.632666 -105.288857 2.110000 -1.000000 0.000000
380000 26 S -197.271698 27.802830 -102.350853 1.800000 0.000000 0.000000
380000 27 G -200.314529 28.638391 -103.336090 2.150000 0.000000 0.000000
380000 28 P -196.829147 24.152388 -102.547958 2.110000 -1.000000 0.000000
380000 29 S -199.536270 23.547251 -99.957169 1.800000 0.000000 0.000000
380000 30 C -202.860687 24.053192 -100.273750 2.150000 0.000000 0.000000
380000 31 P -199.324509 20.234550 -101.777969 2.110000 -1.000000 0.000000
380000 32 S -202.773056 18.907619 -100.819527 1.800000 0.000000 0.000000
380000 33 C -204.707962 20.883682 -103.072853 2.150000 0.000000 0.000000
380000 34 P -201.766602 15.730121 -103.297714 2.110000 -1.000000 0.000000
380000 35 S -205.162720 15.742702 -105.099312 1.800000 0.000000 0.000000
380000 36 U -204.682281 18.344814 -107.454521 2.150000 0.000000 0.000000
380000 37 P -203.475464 12.974132 -107.106049 2.110000 -1.000000 0.000000
385000 1 P -216.870560 34.877171 -111.398727 2.110000 -1.000000 1.000000
385000 2 S -218.317703 32.414803 -108.809029 1.800000 0.000000 0.000000
385000 3 G -215.318649 30.877411 -107.489975 2.150000 0.000000 0.000000
385000 4 P -217.835297 35.819271 -107.186630 2.110000 -1.000000 0.000000
385000 5 S -217.928101 34.308014 -103.581528 1.800000 0.000000 0.000000
385000 6 G -214.964050 33.182972 -102.831841 2.150000 0.000000 0.000000
385000 7 P -216.625168 37.766071 -102.422516 2.110000 -1.000000 0.000000
385000 8 S -214.182831 37.695427 -99.505280 1.800000 0.000000 0.000000
385000 9 G -211.509918 35.735561 -100.735962 2.150000 0.000000 0.000000
385000 10 P -213.142868 41.279724 -99.807121 2.110000 -1.000000 0.000000
385000 11 S -209.774979 41.589931 -97.945747 1.800000 0.000000 0.000000
385000 12 C -208.239670 39.454987 -100.351791 2.150000 0.000000 0.000000
385000 13 P -210.255905 44.813335 -99.833710 2.110000 -1.000000 0.000000
385000 14 S -207.209747 44.611706 -102.017250 1.800000 0.000000 0.000000
385000 15 G -208.553085 41.629547 -103.486244 2.150000 0.000000 0.000000
385000 16 P -208.948013 47.140362 -103.861847 2.110000 -1.000000 0.000000
385000 17 S -205.521133 47.835205 -105.461426 1.800000 0.000000 0.000000
385000 18 C -205.976715 48.418621 -109.017708 2.150000 0.000000 0.000000
385000 19 P -204.227661 44.221752 -106.535591 2.110000 -1.000000 0.000000
385000 20 S -200.481125 44.914158 -107.131447 1.800000 0.000000 0.000000
385000 21 A -200.411652 45.990322 -103.716484 2.150000 0.000000 0.000000
385000 22 P -200.253784 41.016369 -107.307419 2.110000 -1.000000 0.000000
385000 23 S -196.401016 40.910938 -107.047173 1.800000 0.000000 0.000000
385000 24 A -196.055237 40.871429 -103.545822 2.150000 0.000000 0.000000
385000 25 P -196.964600 37.025356 -107.350677 2.110000 -1.000000 0.000000
385000 26 S -196.786148 36.208984 -103.697090 1.800000 0.000000 0.000000
385000 27 G -199.731232 38.111034 -103.271294 2.150000 0.000000 0.000000
385000 28 P -198.305344 32.712967 -103.828606 2.110000 -1.000000 0.000000
385000 29 S -199.756058 33.169426 -100.286781 1.800000 0.000000 0.000000
385000 30 C -202.808258 34.568466 -101.229149 2.150000 0.000000 0.000000
385000 31 P -201.452545 29.717615 -99.833824 2.110000 -1.000000 0.000000
385000 32 S -204.217667 31.270206 -97.623505 1.800000 0.000000 0.000000
385000 33 C -206.717377 32.252766 -99.725479 2.150000 0.000000 0.000000
385000 34 P -205.669449 27.725035 -98.111298 2.110000 -1.000000 0.000000
385000 35 S -209.177185 28.531445 -97.132820 1.800000 0.000000 0.000000
385000 36 U -209.934097 30.126247 -100.164268 2.150000 0.000000 0.000000
385000 37 P -209.692886 25.081861 -98.569305 2.110000 -1.000000 0.000000
390000 1 P -213.263412 38.917515 -109.277740 2.110000 -1.000000 1.000000
390000 2 S -214.956543 36.924561 -106.742874 1.800000 0.000000 0.000000
390000 3 G -211.798447 35.616009 -105.985779 2.150000 0.000000 0.000000
390000 4 P -214.646652 39.395798 -103.814384 2.110000 -1.000000 0.000000
390000 5 S -214.284805 37.192177 -100.742447 1.800000 0.000000 0.000000
390000 6 G -210.836716 37.257072 -100.710014 2.150000 0.000000 0.000000
390000 7 P -213.649277 40.767635 -99.469978 2.110000 -1.000000 0.000000
390000 8 S -211.641357 40.581814 -96.292358 1.800000 0.000000 0.000000
390000 9 G -208.805389 39.747780 -98.109047 2.150000 0.000000 0.000000
390000 10 P -211.135330 44.334373 -97.120903 2.110000 -1.000000 0.000000
390000 11 S -207.600281 44.752983 -95.724892 1.800000 0.000000 0.000000
390000 12 C -205.525955 42.826542 -97.776756 2.150000 0.000000 0.000000
390000 13 P -207.951447 47.913338 -97.702492 2.110000 -1.000000 0.000000
390000 14 S -204.146896 48.395866 -98.326653 1.800000 0.000000 0.000000
390000 15 G -204.672638 45.665634 -100.361160 2.150000 0.000000 0.000000
390000 16 P -206.509354 51.124657 -99.873528 2.110000 -1.000000 0.000000
390000 17 S -203.861069 51.958031 -102.456108 1.800000 0.000000 0.000000
390000 18 C -201.234726 52.209686 -99.821884 2.150000 0.000000 0.000000
390000 19 P -202.965622 48.904423 -104.526909 2.110000 -1.000000 0.000000
390000 20 S -199.709167 50.601501 -105.372002 1.800000 0.000000 0.000000
390000 21 A -197.692459 50.539272 -102.522583 2.150000 0.000000 0.000000
390000 22 P -198.948608 46.922661 -106.893021 2.110000 -1.000000 0.000000
390000 23 S -195.261917 46.521141 -107.362465 1.800000 0.000000 0.000000
390000 24 A -194.336563 48.379147 -104.494278 2.150000 0.000000 0.000000
390000 25 P -194.813049 42.723328 -106.882538 2.110000 -1.000000 0.000000
390000 26 S -194.906372 43.138660 -103.089684 1.800000 0.000000 0.000000
390000 27 G -198.402313 43.758774 -102.745575 2.150000 0.000000 0.000000
390000 28 P -194.971634 39.281219 -102.255302 2.110000 -1.000000 0.000000
390000 29 S -196.741959 39.317619 -98.942032 1.800000 0.000000 0.000000
390000 30 C -199.794769 40.844856 -99.637848 2.150000 0.000000 0.000000
390000 31 P -197.181992 35.507092 -99.226952 2.110000 -1.000000 0.000000
390000 32 S -199.695618 35.358395 -96.526009 1.800000 0.000000 0.000000
390000 33 C -202.199478 37.444466 -97.999298 2.150000 0.000000 0.000000
390000 34 P -201.259872 32.069866 -97.617584 2.110000 -1.000000 0.000000
390000 35 S -204.925003 32.709663 -96.557632 1.800000 0.000000 0.000000
390000 36 U -205.249405 34.248634 -99.624039 2.150000 0.000000 0.000000
390000 37 P -205.089203 29.178862 -98.297493 2.110000 -1.000000 0.000000
395000 1 P -214.611099 43.831005 -107.171532 2.110000 -1.000000 1.000000
395000 2 S -216.479202 41.374943 -104.869392 1.800000 0.000000 0.000000
395000 3 G -213.382553 39.795963 -104.303429 2.150000 0.000000 0.000000
395000 4 P -216.604736 43.904682 -101.700966 2.110000 -1.000000 0.000000
395000 5 S -216.743423 41.371098 -98.891319 1.800000 0.000000 0.000000
395000 6 G -213.277527 40.349693 -98.880157 2.150000 0.000000 0.000000
395000 7 P -215.567032 43.917587 -96.205368 2.110000 -1.000000 0.000000
395000 8 S -213.510651 41.438736 -94.135155 1.800000 0.000000 0.000000
395000 9 G -210.622192 41.452213 -96.083611 2.150000 0.000000 0.000000
395000 10 P -212.201630 44.790386 -92.359001 2.110000 -1.000000 0.000000
395000 11 S -208.591614 44.585228 -91.433746 1.800000 0.000000 0.000000
395000 12 C -207.209167 44.827953 -94.503876 2.150000 0.000000 0.000000
395000 13 P -208.876999 48.342232 -91.961067 2.110000 -1.000000 0.000000
395000 14 S -205.665680 48.960583 -94.007912 1.800000 0.000000 0.000000
395000 15 G -205.989777 48.537701 -97.385254 2.150000 0.000000 0.000000
395000 16 P -207.385651 52.595875 -94.637100 2.110000 -1.000000 0.000000
395000 17 S -205.768616 53.767765 -97.987747 1.800000 0.000000 0.000000
395000 18 C -202.558075 52.586464 -97.192947 2.150000 0.000000 0.000000
395000 19 P -206.538834 50.949081 -100.368332 2.110000 -1.000000 0.000000
395000 20 S -203.981567 52.355568 -102.705765 1.800000 0.000000 0.000000
395000 21 A -201.206177 51.505356 -100.796227 2.150000 0.000000 0.000000
395000 22 P -204.196396 48.804638 -104.080292 2.110000 -1.000000 0.000000
395000 23 S -200.680206 48.162193 -105.005348 1.800000 0.000000 0.000000
395000 24 A -199.922729 47.359035 -101.737221 2.150000 0.000000 0.000000
395000 25 P -199.792099 44.627262 -106.482910 2.110000 -1.000000 0.000000
395000 26 S -198.993225 42.889523 -103.213295 1.800000 0.000000 0.000000
395000 27 G -201.416763 43.820953 -101.024216 2.150000 0.000000 0.000000
395000 28 P -199.479996 39.315556 -104.315529 2.110000 -1.000000 0.000000
395000 29 S -200.157837 37.891014 -101.068100 1.800000 0.000000 0.000000
395000 30 C -203.009644 39.186474 -99.766869 2.150000 0.000000 0.000000
395000 31 P -200.829437 34.108963 -101.434059 2.110000 -1.000000 0.000000
395000 32 S -202.469330 34.561054 -98.042625 1.800000 0.000000 0.000000
395000 33 C -205.360443 36.560493 -98.701782 2.150000 0.000000 0.000000
395000 34 P -204.037537 31.043114 -98.223335 2.110000 -1.000000 0.000000
395000 35 S -207.369324 31.898787 -96.723480 1.800000 0.000000 0.000000
395000 36 U -208.771973 34.717720 -98.301735 2.150000 0.000000 0.000000
395000 37 P -209.053848 28.712679 -98.334084 2.110000 -1.000000 0.000000
400000 1 P -218.145218 34.572094 -108.942474 2.110000 -1.000000 1.000000
400000 2 S -218.219955 32.893814 -105.554100 1.800000 0.000000 0.000000
400000 3 G -214.667526 32.387112 -105.909676 2.150000 0.000000 0.000000
400000 4 P -218.125778 35.592464 -102.921776 2.110000 -1.000000 0.000000
400000 5 S -216.606796 33.916172 -99.776291 1.800000 0.000000 0.000000
400000 6 G -213.372040 33.727554 -101.315994 2.150000 0.000000 0.000000
400000 7 P -216.940918 37.436085 -98.222099 2.110000 -1.000000 0.000000
400000 8 S -214.339401 36.893505 -95.518906 1.800000 0.000000 0.000000
400000 9 G -211.846695 36.513824 -97.718849 2.150000 0.000000 0.000000
400000 10 P -215.051987 40.736320 -94.936455 2.110000 -1.000000 0.000000
400000 11 S -211.799286 42.022602 -93.656136 1.800000 0.000000 0.000000
400000 12 C -210.170593 41.672958 -96.729172 2.150000 0.000000 0.000000
400000 13 P -213.211746 45.372505 -93.982857 2.110000 -1.000000 0.000000
400000 14 S -209.929352 46.749592 -95.078369 1.800000 0.000000 0.000000
400000 15 G -209.831177 45.481018 -98.257080 2.150000 0.000000 0.000000
400000 16 P -210.859131 50.308002 -96.196533 2.110000 -1.000000 0.000000
400000 17 S -208.253845 51.438660 -98.719002 1.800000 0.000000 0.000000
400000 18 C -206.484055 49.029873 -97.250397 2.150000 0.000000 0.000000
400000 19 P -208.511261 49.126682 -101.588867 2.110000 -1.000000 0.000000
400000 20 S -204.811493 49.771530 -101.992447 1.800000 0.000000 0.000000
400000 21 A -203.657043 47.160267 -99.844032 2.150000 0.000000 0.000000
400000 22 P -205.005341 47.392696 -104.880577 2.110000 -1.000000 0.000000
400000 23 S -201.348831 46.083080 -105.012024 1.800000 0.000000 0.000000
400000 24 A -199.000214 48.330906 -105.986145 2.150000 0.000000 0.000000
400000 25 P -201.223328 43.102543 -107.208359 2.110000 -1.000000 0.000000
400000 26 S -200.501266 41.434135 -103.972733 1.800000 0.000000 0.000000
400000 27 G -203.479736 41.744274 -102.446991 2.150000 0.000000 0.000000
400000 28 P -200.109039 37.819096 -104.823212 2.110000 -1.000000 0.000000
400000 29 S -199.973495 35.953316 -101.655907 1.800000 0.000000 0.000000
400000 30 C -203.398849 36.027836 -101.477066 2.150000 0.000000 0.000000
400000 31 P -199.745255 32.723114 -103.743927 2.110000 -1.000000 0.000000
400000 32 S -201.379944 30.272713 -101.500122 1.800000 0.000000 0.000000
400000 33 C -204.627304 31.518143 -101.865089 2.150000 0.000000 0.000000
400000 34 P -201.796570 27.465454 -103.867767 2.110000 -1.000000 0.000000
400000 35 S -204.985138 25.824238 -102.500595 1.800000 0.000000 0.000000
400000 36 U -206.964767 28.677853 -103.072586 2.150000 0.000000 0.000000
400000 37 P -205.108124 24.369238 -106.146255 2.110000 -1.000000 0.000000
405000 1 P -220.030228 39.498482 -111.850281 2.110000 -1.000000 1.000000
405000 2 S -218.850159 36.599411 -109.902649 1.800000 0.000000 0.000000
405000 3 G -215.564438 35.867138 -110.798004 2.150000 0.000000 0.000000
405000 4 P -218.724701 38.423283 -106.547600 2.110000 -1.000000 0.000000
405000 5 S -216.577515 35.639767 -105.289932 1.800000 0.000000 0.000000
405000 6 G -213.767441 35.861458 -107.054771 2.150000 0.000000 0.000000
405000 7 P -216.714096 38.002831 -102.218727 2.110000 -1.000000 0.000000
405000 8 S -213.263138 37.179909 -101.044678 1.800000 0.000000 0.000000
405000 9 G -211.085403 38.271740 -103.523918 2.150000 0.000000 0.000000
405000 10 P -213.938919 40.472702 -99.240562 2.110000 -1.000000 0.000000
405000 11 S -210.131210 40.766624 -98.402855 1.800000 0.000000 0.000000
405000 12 C -208.100235 40.063412 -101.129959 2.150000 0.000000 0.000000
405000 13 P -210.181976 44.843311 -97.631401 2.110000 -1.000000 0.000000
405000 14 S -206.804214 45.433887 -99.469292 1.800000 0.000000 0.000000
405000 15 G -208.264450 44.971149 -102.701668 2.150000 0.000000 0.000000
405000 16 P -206.748871 49.231575 -99.605675 2.110000 -1.000000 0.000000
405000 17 S -204.171677 49.378410 -102.541199 1.800000 0.000000 0.000000
405000 18 C -204.201157 52.824261 -102.325317 2.150000 0.000000 0.000000
405000 19 P -205.373688 49.449558 -105.996002 2.110000 -1.000000 0.000000
405000 20 S -202.317963 51.367916 -107.361008 1.800000 0.000000 0.000000
405000 21 A -199.666977 49.017841 -106.487312 2.150000 0.000000 0.000000
405000 22 P -203.337372 49.656101 -110.513962 2.110000 -1.000000 0.000000
405000 23 S -201.194794 46.767326 -109.577530 1.800000 0.000000 0.000000
405000 24 A -203.748993 44.707104 -108.585175 2.150000 0.000000 0.000000
405000 25 P -202.030411 44.781761 -112.498032 2.110000 -1.000000 0.000000
405000 26 S -200.846252 42.020214 -110.136024 1.800000 0.000000 0.000000
405000 27 G -204.039200 40.578075 -109.000710 2.150000 0.000000 0.000000
405000 28 P -201.273224 39.542374 -113.299522 2.110000 -1.000000 0.000000
405000 29 S -201.691635 36.375961 -111.135704 1.800000 0.000000 0.000000
405000 30 C -205.073242 36.863407 -110.093918 2.150000 0.000000 0.000000
405000 31 P -201.894363 34.388260 -114.516777 2.110000 -1.000000 0.000000
405000 32 S -204.737686 31.953405 -113.589012 1.800000 0.000000 0.000000
405000 33 C -207.650528 33.817532 -113.446434 2.150000 0.000000 0.000000
405000 34 P -204.248917 31.203869 -117.348465 2.110000 -1.000000 0.000000
405000 35 S -207.762161 29.720854 -117.989151 1.800000 0.000000 0.000000
405000 36 U -210.261200 31.325516 -116.337372 2.150000 0.000000 0.000000
405000 37 P -207.247711 30.589840 -121.670448 2.110000 -1.000000 0.000000
410000 1 P -214.772064 45.168728 -114.428558 2.110000 -1.000000 1.000000
410000 2 S -216.567078 42.073063 -112.921799 1.800000 0.000000 0.000000
410000 3 G -213.542511 40.413551 -112.659050 2.150000 0.000000 0.000000
410000 4 P -217.122940 43.574665 -109.394218 2.110000 -1.000000 0.000000
410000 5 S -216.611496 40.254501 -107.735695 1.800000 0.000000 0.000000
410000 6 G -212.967178 40.173828 -107.973297 2.150000 0.000000 0.000000
410000 7 P -215.982437 41.812275 -104.214241 2.110000 -1.000000 0.000000
410000 8 S -213.271469 39.981415 -102.233719 1.800000 0.000000 0.000000
410000 9 G -210.678558 39.803551 -104.465881 2.150000 0.000000 0.000000
410000 10 P -212.767639 43.468685 -100.766289 2.110000 -1.000000 0.000000
410000 11 S -209.243546 42.871353 -99.459824 1.800000 0.000000 0.000000
410000 12 C -206.836578 43.533348 -101.950760 2.150000 0.000000 0.000000
410000 13 P -209.514206 46.898952 -99.003067 2.110000 -1.000000 0.000000
410000 14 S -205.995361 47.738934 -100.263680 1.800000 0.000000 0.000000
410000 15 G -208.013016 47.387379 -102.956367 2.150000 0.000000 0.000000
410000 16 P -206.841141 51.398556 -100.241867 2.110000 -1.000000 0.000000
410000 17 S -203.260422 51.809792 -101.883392 1.800000 0.000000 0.000000
410000 18 C -202.040710 48.449326 -100.891235 2.150000 0.000000 0.000000
410000 19 P -204.959763 50.091503 -104.798553 2.110000 -1.000000 0.000000
410000 20 S -202.279984 50.249626 -107.343552 1.800000 0.000000 0.000000
410000 21 A -201.788635 46.982956 -105.892990 2.150000 0.000000 0.000000
410000 22 P -202.951950 47.891659 -110.313316 2.110000 -1.000000 0.000000
410000 23 S -199.429001 46.411610 -110.464767 1.800000 0.000000 0.000000
410000 24 A -199.347198 44.295044 -107.929535 2.150000 0.000000 0.000000
410000 25 P -198.906342 43.570393 -113.048286 2.110000 -1.000000 0.000000
410000 26 S -198.640091 40.999207 -110.359741 1.800000 0.000000 0.000000
410000 27 G -201.785690 41.403450 -109.142799 2.150000 0.000000 0.000000
410000 28 P -199.372528 37.768879 -112.132393 2.110000 -1.000000 0.000000
410000 29 S -200.440399 35.459988 -109.313904 1.800000 0.000000 0.000000
410000 30 C -203.183472 37.385921 -108.591927 2.150000 0.000000 0.000000
410000 31 P -201.700211 32.649540 -111.678139 2.110000 -1.000000 0.000000
410000 32 S -204.658981 31.427395 -109.543236 1.800000 0.000000 0.000000
410000 33 C -206.690460 34.188728 -110.034325 2.150000 0.000000 0.000000
410000 34 P -205.306351 29.510551 -112.793816 2.110000 -1.000000 0.000000
410000 35 S -209.002274 29.132162 -111.738731 1.800000 0.000000 0.000000
410000 36 U -209.676300 32.464680 -112.172966 2.150000 0.000000 0.000000
410000 37 P -209.648087 27.808134 -115.181190 2.110000 -1.000000 0.000000
415000 1 P -203.132309 42.654305 -124.212601 2.110000 -1.000000 1.000000
415000 2 S -205.225281 40.361282 -121.772667 1.800000 0.000000 0.000000
415000 3 G -202.716965 38.542450 -120.342102 2.150000 0.000000 0.000000
415000 4 P -205.655121 43.340420 -119.391113 2.110000 -1.000000 0.000000
415000 5 S -207.095261 41.466442 -116.298950 1.800000 0.000000 0.000000
415000 6 G -204.124954 40.179264 -115.461426 2.150000 0.000000 0.000000
415000 7 P -207.812531 44.207130 -113.694321 2.110000 -1.000000 0.000000
415000 8 S -207.430069 42.324669 -110.566986 1.800000 0.000000 0.000000
415000 9 G -204.161362 42.317989 -111.469254 2.150000 0.000000 0.000000
415000 10 P -207.931015 45.316479 -108.382698 2.110000 -1.000000 0.000000
415000 11 S -205.405823 43.915970 -105.748581 1.800000 0.000000 0.000000
415000 12 C -202.319763 44.725174 -107.250137 2.150000 0.000000 0.000000
415000 13 P -206.116150 47.388309 -105.045822 2.110000 -1.000000 0.000000
415000 14 S -202.560913 47.988560 -105.796371 1.800000 0.000000 0.000000
415000 15 G -203.768951 48.627125 -108.999809 2.150000 0.000000 0.000000
415000 16 P -202.646866 51.867039 -105.507004 2.110000 -1.000000 0.000000
415000 17 S -199.112000 53.097023 -106.317680 1.800000 0.000000 0.000000
415000 18 C -196.923645 50.728382 -104.925354 2.150000 0.000000 0.000000
415000 19 P -198.540436 50.442741 -109.135674 2.110000 -1.000000 0.000000
415000 20 S -194.755157 50.533192 -109.502602 1.800000 0.000000 0.000000
415000 21 A -194.378311 48.256920 -106.774117 2.150000 0.000000 0.000000
415000 22 P -194.856644 47.839699 -112.027649 2.110000 -1.000000 0.000000
415000 23 S -191.121323 48.023293 -111.949562 1.800000 0.000000 0.000000
415000 24 A -189.379166 48.350151 -108.929245 2.150000 0.000000 0.000000
415000 25 P -189.951477 44.600925 -113.365952 2.110000 -1.000000 0.000000
415000 26 S -190.429184 43.398987 -109.750931 1.800000 0.000000 0.000000
415000 27 G -193.779755 44.234638 -109.393852 2.150000 0.000000 0.000000
415000 28 P -190.494690 39.493679 -110.479065 2.110000 -1.000000 0.000000
415000 29 S -192.965317 38.138241 -107.838669 1.800000 0.000000 0.000000
415000 30 C -195.804749 39.820667 -108.478271 2.150000 0.000000 0.000000
415000 31 P -192.817673 34.940281 -109.712387 2.110000 -1.000000 0.000000
415000 32 S -196.027435 33.027393 -110.162987 1.800000 0.000000 0.000000
415000 33 C -197.305435 34.818119 -112.797302 2.150000 0.000000 0.000000
415000 34 P -194.600525 30.513083 -112.694481 2.110000 -1.000000 0.000000
415000 35 S -198.343201 30.116323 -112.484116 1.800000 0.000000 0.000000
415000 36 U -198.759583 32.417988 -115.251465 2.150000 0.000000 0.000000
415000 37 P -196.662689 28.554308 -115.609512 2.110000 -1.000000 0.000000
420000 1 P -201.886398 41.363564 -123.904404 2.110000 -1.000000 1.000000
420000 2 S -203.429886 38.123756 -122.825401 1.800000 0.000000 0.000000
420000 3 G -200.779404 37.649578 -120.583595 2.150000 0.000000 0.000000
420000 4 P -205.342850 40.705540 -120.722687 2.110000 -1.000000 0.000000
420000 5 S -206.181778 39.159218 -117.361229 1.800000 0.000000 0.000000
420000 6 G -202.907089 39.691555 -116.362236 2.150000 0.000000 0.000000
420000 7 P -207.439575 42.561069 -116.607414 2.110000 -1.000000 0.000000
420000 8 S -207.060165 42.601093 -112.995209 1.800000 0.000000 0.000000
420000 9 G -203.942383 43.975792 -112.357994 2.150000 0.000000 0.000000
420000 10 P -208.405762 46.297440 -112.211807 2.110000 -1.000000 0.000000
420000 11 S -206.497406 46.804115 -108.954628 1.800000 0.000000 0.000000
420000 12 C -203.076508 47.007038 -109.677956 2.150000 0.000000 0.000000
420000 13 P -207.163849 50.504715 -110.271805 2.110000 -1.000000 0.000000
420000 14 S -203.882126 51.863255 -109.062805 1.800000 0.000000 0.000000
420000 15 G -203.000610 50.015205 -111.999046 2.150000 0.000000 0.000000
420000 16 P -204.016586 55.402225 -110.828995 2.110000 -1.000000 0.000000
420000 17 S -200.340179 55.957687 -110.246597 1.800000 0.000000 0.000000
420000 18 C -199.108795 57.726387 -112.810425 2.150000 0.000000 0.000000
420000 19 P -198.996902 52.670025 -111.652626 2.110000 -1.000000 0.000000
420000 20 S -196.614639 54.188335 -114.100555 1.800000 0.000000 0.000000
420000 21 A -194.622681 53.036861 -111.333611 2.150000 0.000000 0.000000
420000 22 P -195.840103 50.572304 -115.486969 2.110000 -1.000000 0.000000
420000 23 S -192.021240 50.900105 -115.677277 1.800000 0.000000 0.000000
420000 24 A -190.735062 51.933811 -112.629913 2.150000 0.000000 0.000000
420000 25 P -190.804031 47.567738 -115.433655 2.110000 -1.000000 0.000000
420000 26 S -191.159058 47.593277 -111.542114 1.800000 0.000000 0.000000
420000 27 G -194.780411 47.688156 -111.659935 2.150000 0.000000 0.000000
420000 28 P -190.166931 44.195152 -111.187744 2.110000 -1.000000 0.000000
420000 29 S -192.449203 43.839294 -108.103737 1.800000 0.000000 0.000000
420000 30 C -195.569412 43.120159 -109.377426 2.150000 0.000000 0.000000
420000 31 P -191.169754 40.325817 -109.331505 2.110000 -1.000000 0.000000
420000 32 S -193.695175 37.774796 -108.205132 1.800000 0.000000 0.000000
420000 33 C -196.711716 38.306736 -110.217979 2.150000 0.000000 0.000000
420000 34 P -192.406235 34.868347 -110.375832 2.110000 -1.000000 0.000000
420000 35 S -195.515106 32.668381 -110.469276 1.800000 0.000000 0.000000
420000 36 U -197.183090 34.257763 -112.996071 2.150000 0.000000 0.000000
420000 37 P -193.303925 31.319569 -113.493279 2.110000 -1.000000 0.000000
425000 1 P -204.957321 40.616623 -118.799133 2.110000 -1.000000 1.000000
425000 2 S -207.156540 38.694092 -116.278664 1.800000 0.000000 0.000000
425000 3 G -204.522507 38.451931 -113.738800 2.150000 0.000000 0.000000
425000 4 P -208.964981 41.705379 -114.682755 2.110000 -1.000000 0.000000
425000 5 S -210.159714 40.562065 -111.140739 1.800000 0.000000 0.000000
425000 6 G -206.662430 40.498600 -110.460754 2.150000 0.000000 0.000000
425000 7 P -211.074554 43.873135 -109.518715 2.110000 -1.000000 0.000000
425000 8 S -210.169373 42.737045 -105.967705 1.800000 0.000000 0.000000
425000 9 G -206.759430 42.631592 -105.961014 2.150000 0.000000 0.000000
425000 10 P -210.166336 46.500355 -105.485687 2.110000 -1.000000 0.000000
425000 11 S -207.006653 47.274239 -103.442696 1.800000 0.000000 0.000000
425000 12 C -205.349945 46.922852 -106.390594 2.150000 0.000000 0.000000
425000 13 P -206.359772 50.951790 -104.461060 2.110000 -1.000000 0.000000
425000 14 S -202.578476 51.263168 -104.504189 1.800000 0.000000 0.000000
425000 15 G -202.012558 49.037064 -107.107834 2.150000 0.000000 0.000000
425000 16 P -204.349045 54.185013 -105.869270 2.110000 -1.000000 0.000000
425000 17 S -202.157623 55.235401 -108.754791 1.800000 0.000000 0.000000
425000 18 C -199.600174 54.701515 -106.324799 2.150000 0.000000 0.000000
425000 19 P -201.218582 52.044838 -110.978531 2.110000 -1.000000 0.000000
425000 20 S -198.766449 53.438797 -113.495071 1.800000 0.000000 0.000000
425000 21 A -197.608383 54.666843 -110.473259 2.150000 0.000000 0.000000
425000 22 P -197.805527 49.874420 -113.977486 2.110000 -1.000000 0.000000
425000 23 S -194.208939 50.108059 -112.767021 1.800000 0.000000 0.000000
425000 24 A -193.591278 50.124058 -109.186157 2.150000 0.000000 0.000000
425000 25 P -192.822754 46.410522 -112.182716 2.110000 -1.000000 0.000000
425000 26 S -193.742340 46.685440 -108.536407 1.800000 0.000000 0.000000
425000 27 G -196.839325 45.493351 -109.473526 2.150000 0.000000 0.000000
425000 28 P -192.790558 43.409889 -107.289833 2.110000 -1.000000 0.000000
425000 29 S -194.884552 43.849903 -104.310448 1.800000 0.000000 0.000000
425000 30 C -197.744232 42.967186 -106.375153 2.150000 0.000000 0.000000
425000 31 P -194.929779 40.296814 -102.908028 2.110000 -1.000000 0.000000
425000 32 S -198.525131 40.170830 -101.516327 1.800000 0.000000 0.000000
425000 33 C -199.340515 39.504276 -104.993736 2.150000 0.000000 0.000000
425000 34 P -198.927887 36.306232 -100.920998 2.110000 -1.000000 0.000000
425000 35 S -202.570312 36.465927 -101.927383 1.800000 0.000000 0.000000
425000 36 U -202.756256 37.148483 -105.334991 2.150000 0.000000 0.000000
425000 37 P -201.579971 32.735546 -101.741226 2.110000 -1.000000 0.000000
430000 1 P -202.187363 43.419220 -118.845673 2.110000 -1.000000 1.000000
430000 2 S -205.048798 41.800182 -116.809509 1.800000 0.000000 0.000000
430000 3 G -203.289703 41.372974 -113.904289 2.150000 0.000000 0.000000
430000 4 P -206.489029 45.083397 -115.837753 2.110000 -1.000000 0.000000
430000 5 S -207.666794 44.815411 -112.191772 1.800000 0.000000 0.000000
430000 6 G -204.508362 44.831684 -110.833092 2.150000 0.000000 0.000000
430000 7 P -208.292923 48.670856 -111.501556 2.110000 -1.000000 0.000000
430000 8 S -207.061188 48.660244 -107.851044 1.800000 0.000000 0.000000
430000 9 G -203.578537 48.440651 -108.689644 2.150000 0.000000 0.000000
430000 10 P -206.998703 52.364227 -107.353065 2.110000 -1.000000 0.000000
430000 11 S -204.663239 53.155708 -104.244713 1.800000 0.000000 0.000000
430000 12 C -202.260056 51.485050 -106.303787 2.150000 0.000000 0.000000
430000 13 P -205.658997 56.282639 -106.063019 2.110000 -1.000000 0.000000
430000 14 S -202.423843 57.860134 -105.806450 1.800000 0.000000 0.000000
430000 15 G -200.324936 55.952831 -107.609238 2.150000 0.000000 0.000000
430000 16 P -203.525467 60.357876 -108.413971 2.110000 -1.000000 0.000000
430000 17 S -200.046555 61.886578 -109.429375 1.800000 0.000000 0.000000
430000 18 C -198.046265 61.004452 -106.890305 2.150000 0.000000 0.000000
430000 19 P -199.756927 59.127316 -112.175484 2.110000 -1.000000 0.000000
430000 20 S -195.837250 59.572887 -112.073280 1.800000 0.000000 0.000000
430000 21 A -196.136703 58.106678 -108.857597 2.150000 0.000000 0.000000
430000 22 P -194.430405 56.273144 -113.319000 2.110000 -1.000000 0.000000
430000 23 S -191.027496 55.785175 -111.699890 1.800000 0.000000 0.000000
430000 24 A -191.340256 55.871769 -108.282814 2.150000 0.000000 0.000000
430000 25 P -189.513855 52.531784 -111.852028 2.110000 -1.000000 0.000000
430000 26 S -189.961914 51.949013 -108.226929 1.800000 0.000000 0.000000
430000 27 G -193.497238 51.914928 -108.494095 2.150000 0.000000 0.000000
430000 28 P -189.675446 48.168503 -107.146698 2.110000 -1.000000 0.000000
430000 29 S -192.411072 48.761257 -104.615372 1.800000 0.000000 0.000000
430000 30 C -195.410095 49.581123 -105.858223 2.150000 0.000000 0.000000
430000 31 P -192.801483 44.877926 -104.018959 2.110000 -1.000000 0.000000
430000 32 S -196.193237 44.730984 -102.190147 1.800000 0.000000 0.000000
430000 33 C -198.032806 44.490723 -105.073967 2.150000 0.000000 0.000000
430000 34 P -196.063644 40.901299 -102.363861 2.110000 -1.000000 0.000000
430000 35 S -199.641937 39.541798 -102.430809 1.800000 0.000000 0.000000
430000 36 U -200.942276 41.125076 -105.212891 2.150000 0.000000 0.000000
430000 37 P -199.301575 35.902931 -103.598541 2.110000 -1.000000 0.000000
435000 1 P -201.777115 38.802948 -114.651443 2.110000 -1.000000 1.000000
435000 2 S -204.220505 36.933594 -112.450424 1.800000 0.000000 0.000000
435000 3 G -202.672150 36.250519 -109.293114 2.150000 0.000000 0.000000
435000 4 P -205.479630 40.525108 -112.295280 2.110000 -1.000000 0.000000
435000 5 S -206.577835 40.091740 -108.700317 1.800000 0.000000 0.000000
435000 6 G -203.167709 40.497387 -108.038254 2.150000 0.000000 0.000000
435000 7 P -207.217865 43.909344 -109.344566 2.110000 -1.000000 0.000000
435000 8 S -206.086899 45.170033 -105.863480 1.800000 0.000000 0.000000
435000 9 G -202.718277 45.634090 -106.427246 2.150000 0.000000 0.000000
435000 10 P -205.997604 48.937168 -105.976807 2.110000 -1.000000 0.000000
435000 11 S -203.970306 49.795437 -103.110870 1.800000 0.000000 0.000000
435000 12 C -201.079636 48.120857 -103.367378 2.150000 0.000000 0.000000
435000 13 P -203.921219 53.111912 -105.543243 2.110000 -1.000000 0.000000
435000 14 S -200.151428 54.020641 -104.872665 1.800000 0.000000 0.000000
435000 15 G -199.363892 51.175282 -106.461517 2.150000 0.000000 0.000000
435000 16 P -201.115753 56.674011 -107.583977 2.110000 -1.000000 0.000000
435000 17 S -197.703201 56.505657 -109.428139 1.800000 0.000000 0.000000
435000 18 C -198.454163 57.574295 -112.656914 2.150000 0.000000 0.000000
435000 19 P -197.866623 52.743336 -109.672302 2.110000 -1.000000 0.000000
435000 20 S -194.833191 53.217880 -111.909378 1.800000 0.000000 0.000000
435000 21 A -192.165604 54.699974 -110.244125 2.150000 0.000000 0.000000
435000 22 P -193.787689 49.526489 -111.684326 2.110000 -1.000000 0.000000
435000 23 S -190.068222 50.033974 -111.341293 1.800000 0.000000 0.000000
435000 24 A -191.027878 50.817993 -108.162994 2.150000 0.000000 0.000000
435000 25 P -189.312881 46.287445 -110.431808 2.110000 -1.000000 0.000000
435000 26 S -189.333771 46.987164 -106.789398 1.800000 0.000000 0.000000
435000 27 G -192.494949 48.282753 -105.496384 2.150000 0.000000 0.000000
435000 28 P -189.239761 43.975849 -104.324493 2.110000 -1.000000 0.000000
435000 29 S -191.650299 45.542843 -101.902672 1.800000 0.000000 0.000000
435000 30 C -194.482086 44.766697 -103.667816 2.150000 0.000000 0.000000
435000 31 P -192.629105 42.778301 -99.111664 2.110000 -1.000000 0.000000
435000 32 S -196.387070 43.131104 -98.481766 1.800000 0.000000 0.000000
435000 33 C -197.617172 41.831699 -101.408943 2.150000 0.000000 0.000000
435000 34 P -196.442825 39.685204 -96.916718 2.110000 -1.000000 0.000000
435000 35 S -200.038559 38.592964 -97.523575 1.800000 0.000000 0.000000
435000 36 U -200.494293 38.519619 -100.800224 2.150000 0.000000 0.000000
435000 37 P -198.684052 34.970757 -97.080170 2.110000 -1.000000 0.000000
440000 1 P -196.855942 41.588490 -118.921249 2.110000 -1.000000 1.000000
440000 2 S -199.387238 39.451397 -117.271133 1.800000 0.000000 0.000000
440000 3 G -197.403046 39.691357 -114.531563 2.150000 0.000000 0.000000
440000 4 P -201.826904 42.187828 -116.007652 2.110000 -1.000000 0.000000
440000 5 S -203.630524 40.207062 -113.394745 1.800000 0.000000 0.000000
440000 6 G -200.187347 40.941776 -112.180786 2.150000 0.000000 0.000000
440000 7 P -205.269836 43.495941 -112.117165 2.110000 -1.000000 0.000000
440000 8 S -205.633408 43.114048 -108.329079 1.800000 0.000000 0.000000
440000 9 G -202.350601 44.310925 -107.576683 2.150000 0.000000 0.000000
440000 10 P -206.903442 46.743191 -108.654915 2.110000 -1.000000 0.000000
440000 11 S -205.002945 48.829269 -106.138535 1.800000 0.000000 0.000000
440000 12 C -201.569031 48.638233 -106.359810 2.150000 0.000000 0.000000
440000 13 P -205.855576 51.682919 -108.595222 2.110000 -1.000000 0.000000
440000 14 S -202.656937 53.392422 -107.579109 1.800000 0.000000 0.000000
440000 15 G -199.809738 52.088730 -108.910812 2.150000 0.000000 0.000000
440000 16 P -202.787704 56.256462 -110.368813 2.110000 -1.000000 0.000000
440000 17 S -199.077377 56.182461 -111.125542 1.800000 0.000000 0.000000
440000 18 C -199.035355 58.076962 -114.146515 2.150000 0.000000 0.000000
440000 19 P -197.512711 52.897846 -112.117584 2.110000 -1.000000 0.000000
440000 20 S -193.901260 54.093304 -111.125252 1.800000 0.000000 0.000000
440000 21 A -195.525284 53.059498 -108.154968 2.150000 0.000000 0.000000
440000 22 P -192.627151 50.357067 -111.414436 2.110000 -1.000000 0.000000
440000 23 S -189.392365 51.160091 -109.269424 1.800000 0.000000 0.000000
440000 24 A -191.063248 51.476055 -106.306198 2.150000 0.000000 0.000000
440000 25 P -188.009216 47.636189 -108.529602 2.110000 -1.000000 0.000000
440000 26 S -189.540482 47.600716 -105.077728 1.800000 0.000000 0.000000
440000 27 G -192.864731 47.295277 -106.258354 2.150000 0.000000 0.000000
440000 28 P -189.080856 44.304657 -103.584030 2.110000 -1.000000 0.000000
440000 29 S -192.044342 43.954926 -101.228027 1.800000 0.000000 0.000000
440000 30 C -194.285782 44.064949 -103.759407 2.150000 0.000000 0.000000
440000 31 P -191.143707 40.454998 -101.239876 2.110000 -1.000000 0.000000
440000 32 S -194.743637 39.280563 -101.141678 1.800000 0.000000 0.000000
440000 33 C -195.518448 39.797249 -104.376663 2.150000 0.000000 0.000000
440000 34 P -192.615875 36.336044 -101.733597 2.110000 -1.000000 0.000000
440000 35 S -195.219772 34.392982 -103.740944 1.800000 0.000000 0.000000
440000 36 U -195.091843 35.241421 -106.959763 2.150000 0.000000 0.000000
440000 37 P -192.725784 31.931852 -105.237328 2.110000 -1.000000 0.000000
445000 1 P -202.640686 34.835800 -118.852051 2.110000 -1.000000 1.000000
445000 2 S -204.079620 34.458496 -115.260391 1.800000 0.000000 0.000000
445000 3 G -201.016098 34.877346 -113.916740 2.150000 0.000000 0.000000
445000 4 P -204.627029 38.047169 -116.519966 2.110000 -1.000000 0.000000
445000 5 S -205.301010 39.890041 -113.178558 1.800000 0.000000 0.000000
445000 6 G -202.034790 40.190495 -112.031342 2.150000 0.000000 0.000000
445000 7 P -206.082123 43.347137 -114.570892 2.110000 -1.000000 0.000000
445000 8 S -205.835846 46.180687 -112.009178 1.800000 0.000000 0.000000
445000 9 G -202.506165 46.811131 -111.553696 2.150000 0.000000 0.000000
445000 10 P -205.911926 49.463341 -114.111069 2.110000 -1.000000 0.000000
445000 11 S -203.703918 51.089123 -111.527481 1.800000 0.000000 0.000000
445000 12 C -201.270554 49.817970 -114.072662 2.150000 0.000000 0.000000
445000 13 P -204.364502 54.391487 -113.267555 2.110000 -1.000000 0.000000
445000 14 S -201.004303 55.937088 -113.796196 1.800000 0.000000 0.000000
445000 15 G -199.941162 53.735439 -116.112617 2.150000 0.000000 0.000000
445000 16 P -202.058594 58.399582 -116.379807 2.110000 -1.000000 0.000000
445000 17 S -198.298981 58.826515 -116.667511 1.800000 0.000000 0.000000
445000 18 C -198.088364 60.370285 -119.643280 2.150000 0.000000 0.000000
445000 19 P -196.847076 55.464455 -118.006775 2.110000 -1.000000 0.000000
445000 20 S -193.148605 56.434532 -118.270500 1.800000 0.000000 0.000000
445000 21 A -191.816788 57.598629 -115.386414 2.150000 0.000000 0.000000
445000 22 P -192.690948 52.731808 -118.127197 2.110000 -1.000000 0.000000
445000 23 S -189.000275 52.997684 -116.796349 1.800000 0.000000 0.000000
445000 24 A -189.582565 54.319748 -113.641037 2.150000 0.000000 0.000000
445000 25 P -187.740143 50.009514 -115.148582 2.110000 -1.000000 0.000000
445000 26 S -189.252121 51.004299 -111.824242 1.800000 0.000000 0.000000
445000 27 G -192.000549 49.341675 -112.878403 2.150000 0.000000 0.000000
445000 28 P -188.773865 48.076893 -109.250465 2.110000 -1.000000 0.000000
445000 29 S -191.615387 47.740299 -106.776215 1.800000 0.000000 0.000000
445000 30 C -194.059998 46.608067 -109.101486 2.150000 0.000000 0.000000
445000 31 P -190.687592 44.207233 -105.553383 2.110000 -1.000000 0.000000
445000 32 S -194.168045 43.680275 -103.947136 1.800000 0.000000 0.000000
445000 33 C -194.997498 42.684052 -106.974365 2.150000 0.000000 0.000000
445000 34 P -193.116898 40.019009 -103.459457 2.110000 -1.000000 0.000000
445000 35 S -196.286133 38.121689 -103.153046 1.800000 0.000000 0.000000
445000 36 U -197.083130 37.541088 -106.246941 2.150000 0.000000 0.000000
445000 37 P -194.103302 35.055893 -103.388863 2.110000 -1.000000 0.000000
450000 1 P -203.160553 38.098423 -116.953575 2.110000 -1.000000 1.000000
450000 2 S -204.580566 36.575283 -113.870361 1.800000 0.000000 0.000000
450000 3 G -203.015015 38.098530 -110.998894 2.150000 0.000000 0.000000
450000 4 P -206.868317 39.870644 -114.017395 2.110000 -1.000000 0.000000
450000 5 S -206.997131 40.740265 -110.406693 1.800000 0.000000 0.000000
450000 6 G -203.701294 41.755222 -109.511559 2.150000 0.000000 0.000000
450000 7 P -208.463089 44.123524 -111.347847 2.110000 -1.000000 0.000000
450000 8 S -207.030807 45.830334 -108.077881 1.800000 0.000000 0.000000
450000 9 G -203.618958 45.712074 -108.453384 2.150000 0.000000 0.000000
450000 10 P -207.237854 49.609165 -108.793961 2.110000 -1.000000 0.000000
450000 11 S -204.542877 50.290287 -105.911095 1.800000 0.000000 0.000000
450000 12 C -201.974182 49.447933 -108.099655 2.150000 0.000000 0.000000
450000 13 P -204.886429 53.861031 -106.921593 2.110000 -1.000000 0.000000
450000 14 S -201.188248 54.445572 -105.944183 1.800000 0.000000 0.000000
450000 15 G -199.840744 52.606659 -108.677330 2.150000 0.000000 0.000000
450000 16 P -202.108414 57.629875 -107.961456 2.110000 -1.000000 0.000000
450000 17 S -199.272476 57.836060 -110.680641 1.800000 0.000000 0.000000
450000 18 C -199.195786 60.399719 -112.821182 2.150000 0.000000 0.000000
450000 19 P -199.723053 54.518143 -112.795151 2.110000 -1.000000 0.000000
450000 20 S -195.901016 54.967087 -113.725739 1.800000 0.000000 0.000000
450000 21 A -194.335968 53.964329 -110.720619 2.150000 0.000000 0.000000
450000 22 P -195.066879 51.936966 -115.772743 2.110000 -1.000000 0.000000
450000 23 S -191.452286 51.358307 -114.940285 1.800000 0.000000 0.000000
450000 24 A -191.226776 51.135761 -111.382767 2.150000 0.000000 0.000000
450000 25 P -190.840897 47.681122 -115.607574 2.110000 -1.000000 0.000000
450000 26 S -190.355774 47.628044 -111.805428 1.800000 0.000000 0.000000
450000 27 G -193.684097 47.701649 -110.892807 2.150000 0.000000 0.000000
450000 28 P -189.904114 44.185165 -110.213486 2.110000 -1.000000 0.000000
450000 29 S -191.214722 45.398003 -106.703705 1.800000 0.000000 0.000000
450000 30 C -194.485291 45.097382 -108.247734 2.150000 0.000000 0.000000
450000 31 P -190.696838 42.252529 -104.555305 2.110000 -1.000000 0.000000
450000 32 S -193.743088 41.514309 -102.500000 1.800000 0.000000 0.000000
450000 33 C -196.066406 40.603550 -104.883362 2.150000 0.000000 0.000000
450000 34 P -192.523636 37.764614 -101.905922 2.110000 -1.000000 0.000000
450000 35 S -196.081192 36.416912 -101.282799 1.800000 0.000000 0.000000
450000 36 U -197.175842 36.327114 -104.749184 2.150000 0.000000 0.000000
450000 37 P -195.197510 32.652775 -101.003487 2.110000 -1.000000 0.000000
455000 1 P -202.827652 32.767155 -115.892906 2.110000 -1.000000 1.000000
455000 2 S -204.486755 32.829468 -112.322144 1.800000 0.000000 0.000000
455000 3 G -201.532104 33.869381 -111.036957 2.150000 0.000000 0.000000
455000 4 P -206.230484 36.190590 -113.649231 2.110000 -1.000000 0.000000
455000 5 S -206.118484 38.021763 -110.325928 1.800000 0.000000 0.000000
455000 6 G -202.700378 38.417187 -109.383453 2.150000 0.000000 0.000000
455000 7 P -207.146133 41.731239 -111.231750 2.110000 -1.000000 0.000000
455000 8 S -205.531906 43.869682 -108.499115 1.800000 0.000000 0.000000
455000 9 G -202.193863 43.444592 -109.473564 2.150000 0.000000 0.000000
455000 10 P -206.253799 47.680447 -109.060921 2.110000 -1.000000 0.000000
455000 11 S -203.410599 48.994831 -107.084641 1.800000 0.000000 0.000000
455000 12 C -200.315887 48.184387 -108.916519 2.150000 0.000000 0.000000
455000 13 P -203.701767 52.315662 -108.805191 2.110000 -1.000000 0.000000
455000 14 S -199.937073 53.056751 -107.698471 1.800000 0.000000 0.000000
455000 15 G -199.425339 51.653625 -110.832756 2.150000 0.000000 0.000000
455000 16 P -199.694382 56.261032 -109.740990 2.110000 -1.000000 0.000000
455000 17 S -195.932739 55.721588 -110.844673 1.800000 0.000000 0.000000
455000 18 C -197.244614 57.038673 -113.584099 2.150000 0.000000 0.000000
455000 19 P -195.868729 52.929005 -113.256111 2.110000 -1.000000 0.000000
455000 20 S -192.744095 53.640060 -115.273270 1.800000 0.000000 0.000000
455000 21 A -189.674561 52.785736 -113.626732 2.150000 0.000000 0.000000
455000 22 P -193.796173 49.904701 -116.102455 2.110000 -1.000000 0.000000
455000 23 S -191.354675 49.133015 -118.665627 1.800000 0.000000 0.000000
455000 24 A -188.723724 50.008358 -116.668266 2.150000 0.000000 0.000000
455000 25 P -190.567764 45.589642 -117.773895 2.110000 -1.000000 0.000000
455000 26 S -189.661118 46.726624 -114.321274 1.800000 0.000000 0.000000
455000 27 G -192.841324 46.930489 -113.048904 2.150000 0.000000 0.000000
455000 28 P -188.570908 43.541988 -112.659645 2.110000 -1.000000 0.000000
455000 29 S -190.002350 44.921471 -109.635551 1.800000 0.000000 0.000000
455000 30 C -192.943588 43.614014 -110.175774 2.150000 0.000000 0.000000
455000 31 P -189.438004 41.800560 -107.494247 2.110000 -1.000000 0.000000
455000 32 S -192.223526 42.020081 -104.941528 1.800000 0.000000 0.000000
455000 33 C -194.378876 40.418575 -107.440010 2.150000 0.000000 0.000000
455000 34 P -191.522842 38.438698 -103.054642 2.110000 -1.000000 0.000000
455000 35 S -195.010849 38.526585 -101.622078 1.800000 0.000000 0.000000
455000 36 U -195.835693 37.695919 -104.897690 2.150000 0.000000 0.000000
455000 37 P -195.121323 34.906136 -100.738846 2.110000 -1.000000 0.000000
460000 1 P -201.132202 28.561335 -101.356659 2.110000 -1.000000 1.000000
460000 2 S -201.762207 29.647045 -97.742119 1.800000 0.000000 0.000000
460000 3 G -198.986084 31.832546 -97.962463 2.150000 0.000000 0.000000
460000 4 P -203.509796 33.033161 -98.565178 2.110000 -1.000000 0.000000
460000 5 S -202.792221 34.627087 -95.051987 1.800000 0.000000 0.000000
460000 6 G -199.498062 35.052227 -94.868080 2.150000 0.000000 0.000000
460000 7 P -204.425735 37.850201 -96.405022 2.110000 -1.000000 0.000000
460000 8 S -202.418549 40.369217 -94.149719 1.800000 0.000000 0.000000
460000 9 G -198.893631 40.171383 -94.376793 2.150000 0.000000 0.000000
460000 10 P -203.715866 43.611305 -95.404701 2.110000 -1.000000 0.000000
460000 11 S -200.940353 46.014698 -94.669044 1.800000 0.000000 0.000000
460000 12 C -199.214798 44.681690 -97.397461 2.150000 0.000000 0.000000
460000 13 P -202.008484 48.924568 -97.181183 2.110000 -1.000000 0.000000
460000 14 S -199.688995 51.577625 -98.443550 1.800000 0.000000 0.000000
460000 15 G -197.890945 49.445740 -100.699326 2.150000 0.000000 0.000000
460000 16 P -202.011597 53.362991 -100.775612 2.110000 -1.000000 0.000000
460000 17 S -200.113495 53.328571 -103.900566 1.800000 0.000000 0.000000
460000 18 C -202.481506 53.932991 -106.466576 2.150000 0.000000 0.000000
460000 19 P -199.233826 49.704109 -104.997658 2.110000 -1.000000 0.000000
460000 20 S -195.832794 51.106834 -106.363129 1.800000 0.000000 0.000000
460000 21 A -193.171310 52.434326 -104.375610 2.150000 0.000000 0.000000
460000 22 P -194.956787 47.574070 -106.784584 2.110000 -1.000000 0.000000
460000 23 S -191.394455 47.893951 -108.105263 1.800000 0.000000 0.000000
460000 24 A -189.586365 50.082935 -106.044731 2.150000 0.000000 0.000000
460000 25 P -189.532227 44.550533 -107.282852 2.110000 -1.000000 0.000000
460000 26 S -188.662384 45.278210 -103.702003 1.800000 0.000000 0.000000
460000 27 G -191.863739 45.763725 -102.599449 2.150000 0.000000 0.000000
460000 28 P -188.139282 41.669125 -102.833977 2.110000 -1.000000 0.000000
460000 29 S -188.734222 43.747375 -99.591774 1.800000 0.000000 0.000000
460000 30 C -191.967194 43.039810 -99.020416 2.150000 0.000000 0.000000
460000 31 P -187.353928 40.827206 -97.540733 2.110000 -1.000000 0.000000
460000 32 S -189.257431 41.577129 -94.343018 1.800000 0.000000 0.000000
460000 33 C -192.439926 40.700680 -95.465439 2.150000 0.000000 0.000000
460000 34 P -188.375137 38.466156 -92.038780 2.110000 -1.000000 0.000000
460000 35 S -192.105942 38.221600 -90.908875 1.800000 0.000000 0.000000
460000 36 U -192.395264 36.386703 -93.771980 2.150000 0.000000 0.000000
460000 37 P -190.792892 34.955177 -89.323730 2.110000 -1.000000 0.000000
465000 1 P -199.837265 38.477608 -111.003616 2.110000 -1.000000 1.000000
465000 2 S -200.699326 38.088879 -107.199097 1.800000 0.000000 0.000000
465000 3 G -197.775986 39.218292 -105.827698 2.150000 0.000000 0.000000
465000 4 P -202.044785 41.757576 -106.835625 2.110000 -1.000000 0.000000
465000 5 S -201.825043 41.936943 -103.095032 1.800000 0.000000 0.000000
465000 6 G -198.367432 42.558647 -102.394302 2.150000 0.000000 0.000000
465000 7 P -203.060852 45.215801 -103.999908 2.110000 -1.000000 0.000000
465000 8 S -201.009964 47.104362 -101.485252 1.800000 0.000000 0.000000
465000 9 G -197.705048 47.601994 -102.109169 2.150000 0.000000 0.000000
465000 10 P -202.464447 50.020229 -103.502518 2.110000 -1.000000 0.000000
465000 11 S -199.741989 52.445068 -102.554863 1.800000 0.000000 0.000000
465000 12 C -197.460373 50.918510 -104.572639 2.150000 0.000000 0.000000
465000 13 P -202.143677 53.884300 -104.828629 2.110000 -1.000000 0.000000
465000 14 S -199.713547 56.436447 -106.833221 1.800000 0.000000 0.000000
465000 15 G -197.694885 53.758327 -106.729362 2.150000 0.000000 0.000000
465000 16 P -202.203583 56.599106 -109.639847 2.110000 -1.000000 0.000000
465000 17 S -199.830170 57.448978 -112.601692 1.800000 0.000000 0.000000
465000 18 C -197.817444 58.944103 -110.552681 2.150000 0.000000 0.000000
465000 19 P -198.313431 54.036575 -111.842636 2.110000 -1.000000 0.000000
465000 20 S -195.598633 54.179432 -114.605545 1.800000 0.000000 0.000000
465000 21 A -193.392075 56.689606 -113.721672 2.150000 0.000000 0.000000
465000 22 P -193.886169 50.742439 -114.524651 2.110000 -1.000000 0.000000
465000 23 S -190.816498 51.335411 -116.717522 1.800000 0.000000 0.000000
465000 24 A -190.266403 53.669678 -114.103249 2.150000 0.000000 0.000000
465000 25 P -188.244659 49.359146 -114.704063 2.110000 -1.000000 0.000000
465000 26 S -187.480347 51.336323 -111.609070 1.800000 0.000000 0.000000
465000 27 G -190.642395 50.503990 -110.366272 2.150000 0.000000 0.000000
465000 28 P -185.808701 48.737633 -109.729332 2.110000 -1.000000 0.000000
465000 29 S -186.767578 49.425819 -105.980110 1.800000 0.000000 0.000000
465000 30 C -189.957031 48.294704 -106.798698 2.150000 0.000000 0.000000
465000 31 P -185.036057 46.411217 -104.497658 2.110000 -1.000000 0.000000
465000 32 S -186.789276 46.181969 -100.942436 1.800000 0.000000 0.000000
465000 33 C -190.127808 45.678947 -101.798843 2.150000 0.000000 0.000000
465000 34 P -185.166641 42.711964 -101.021866 2.110000 -1.000000 0.000000
465000 35 S -187.633438 40.458244 -99.196129 1.800000 0.000000 0.000000
465000 36 U -190.615387 40.454300 -101.355812 2.150000 0.000000 0.000000
465000 37 P -186.271988 37.062012 -99.976334 2.110000 -1.000000 0.000000
470000 1 P -197.159515 38.145069 -112.335960 2.110000 -1.000000 1.000000
470000 2 S -199.244522 39.155777 -109.267952 1.800000 0.000000 0.000000
470000 3 G -197.047821 40.113651 -106.837250 2.150000 0.000000 0.000000
470000 4 P -200.780426 42.142128 -110.453285 2.110000 -1.000000 0.000000
470000 5 S -201.025024 43.132050 -106.738914 1.800000 0.000000 0.000000
470000 6 G -197.897217 44.422554 -106.987701 2.150000 0.000000 0.000000
470000 7 P -202.361679 46.742081 -105.879875 2.110000 -1.000000 0.000000
470000 8 S -200.970612 47.111683 -102.395828 1.800000 0.000000 0.000000
470000 9 G -197.976791 47.476521 -104.363914 2.150000 0.000000 0.000000
470000 10 P -202.190598 50.454697 -103.048309 2.110000 -1.000000 0.000000
470000 11 S -200.221558 53.060810 -101.104012 1.800000 0.000000 0.000000
470000 12 C -198.023575 53.482941 -103.565140 2.150000 0.000000 0.000000
470000 13 P -202.720779 54.349503 -103.967247 2.110000 -1.000000 0.000000
470000 14 S -199.765350 55.539566 -105.810005 1.800000 0.000000 0.000000
470000 15 G -199.383636 53.090557 -108.253845 2.150000 0.000000 0.000000
470000 16 P -202.202179 55.983215 -108.548302 2.110000 -1.000000 0.000000
470000 17 S -199.630661 57.944221 -110.606705 1.800000 0.000000 0.000000
470000 18 C -198.141617 60.176769 -108.556107 2.150000 0.000000 0.000000
470000 19 P -196.975128 55.321110 -111.009682 2.110000 -1.000000 0.000000
470000 20 S -195.036591 57.495777 -113.544418 1.800000 0.000000 0.000000
470000 21 A -194.332840 59.787659 -111.131378 2.150000 0.000000 0.000000
470000 22 P -191.562912 55.830593 -114.015121 2.110000 -1.000000 0.000000
470000 23 S -189.646286 58.320484 -112.086090 1.800000 0.000000 0.000000
470000 24 A -188.376953 60.286613 -114.870087 2.150000 0.000000 0.000000
470000 25 P -186.777435 55.590225 -111.511703 2.110000 -1.000000 0.000000
470000 26 S -186.705078 55.816097 -107.651413 1.800000 0.000000 0.000000
470000 27 G -190.196747 55.815506 -107.288254 2.150000 0.000000 0.000000
470000 28 P -185.309509 52.534081 -106.547409 2.110000 -1.000000 0.000000
470000 29 S -187.080261 53.400513 -103.219818 1.800000 0.000000 0.000000
470000 30 C -190.052307 51.949726 -104.137436 2.150000 0.000000 0.000000
470000 31 P -186.603760 49.751965 -101.709030 2.110000 -1.000000 0.000000
470000 32 S -189.949356 51.097717 -100.480881 1.800000 0.000000 0.000000
470000 33 C -192.739563 50.350632 -102.249100 2.150000 0.000000 0.000000
470000 34 P -190.542892 48.170025 -98.229324 2.110000 -1.000000 0.000000
470000 35 S -194.403214 47.821484 -98.114449 1.800000 0.000000 0.000000
470000 36 U -195.681351 46.412823 -101.098824 2.150000 0.000000 0.000000
470000 37 P -195.422485 44.571655 -96.292015 2.110000 -1.000000 0.000000
475000 1 P -201.404282 33.030308 -109.128227 2.110000 -1.000000 1.000000
475000 2 S -200.983932 32.561546 -105.396965 1.800000 0.000000 0.000000
475000 3 G -197.651337 33.448807 -104.929283 2.150000 0.000000 0.000000
475000 4 P -202.231232 36.334446 -105.298538 2.110000 -1.000000 0.000000
475000 5 S -200.502640 37.231407 -101.974785 1.800000 0.000000 0.000000
475000 6 G -197.321320 37.575859 -103.278786 2.150000 0.000000 0.000000
475000 7 P -201.709518 40.615917 -103.308601 2.110000 -1.000000 0.000000
475000 8 S -199.763031 43.461052 -101.894363 1.800000 0.000000 0.000000
475000 9 G -196.804993 43.363083 -103.754913 2.150000 0.000000 0.000000
475000 10 P -201.541275 46.334652 -103.848984 2.110000 -1.000000 0.000000
475000 11 S -198.463120 48.564777 -103.282402 1.800000 0.000000 0.000000
475000 12 C -196.286850 46.880672 -105.446808 2.150000 0.000000 0.000000
475000 13 P -200.848083 50.037720 -105.861809 2.110000 -1.000000 0.000000
475000 14 S -198.335358 50.938885 -108.416855 1.800000 0.000000 0.000000
475000 15 G -197.241669 47.862572 -109.456322 2.150000 0.000000 0.000000
475000 16 P -200.768692 51.914032 -111.082230 2.110000 -1.000000 0.000000
475000 17 S -198.016357 51.846989 -113.676437 1.800000 0.000000 0.000000
475000 18 C -195.774048 53.086262 -111.226952 2.150000 0.000000 0.000000
475000 19 P -197.037842 48.210281 -114.022400 2.110000 -1.000000 0.000000
475000 20 S -193.357086 48.573284 -115.051140 1.800000 0.000000 0.000000
475000 21 A -191.735397 50.471233 -112.774155 2.150000 0.000000 0.000000
475000 22 P -191.165802 45.326656 -114.823853 2.110000 -1.000000 0.000000
475000 23 S -187.528030 46.499325 -115.074272 1.800000 0.000000 0.000000
475000 24 A -187.071442 48.056488 -111.889694 2.150000 0.000000 0.000000
475000 25 P -185.657242 43.501270 -113.833549 2.110000 -1.000000 0.000000
475000 26 S -185.554214 44.533871 -110.012901 1.800000 0.000000 0.000000
475000 27 G -188.826248 43.795494 -108.992516 2.150000 0.000000 0.000000
475000 28 P -183.891769 41.343159 -108.672165 2.110000 -1.000000 0.000000
475000 29 S -184.488937 41.939365 -104.966965 1.800000 0.000000 0.000000
475000 30 C -187.852859 41.776150 -104.556717 2.150000 0.000000 0.000000
475000 31 P -183.355255 38.365891 -104.482552 2.110000 -1.000000 0.000000
475000 32 S -185.470886 36.433323 -101.980286 1.800000 0.000000 0.000000
475000 33 C -188.428894 36.459431 -104.295082 2.150000 0.000000 0.000000
475000 34 P -183.859512 32.907284 -102.679031 2.110000 -1.000000 0.000000
475000 35 S -186.689651 31.075277 -100.692078 1.800000 0.000000 0.000000
475000 36 U -188.958023 31.233358 -103.246162 2.150000 0.000000 0.000000
475000 37 P -185.532684 27.672031 -101.996956 2.110000 -1.000000 0.000000
480000 1 P -201.172821 33.798275 -121.597572 2.110000 -1.000000 1.000000
480000 2 S -202.221375 31.494520 -118.682159 1.800000 0.000000 0.000000
480000 3 G -198.935577 31.071770 -117.100182 2.150000 0.000000 0.000000
480000 4 P -203.807129 34.523529 -117.201004 2.110000 -1.000000 0.000000
480000 5 S -202.782913 34.106934 -113.563210 1.800000 0.000000 0.000000
480000 6 G -199.360672 34.408352 -112.902252 2.150000 0.000000 0.000000
480000 7 P -203.255600 37.777679 -113.022949 2.110000 -1.000000 0.000000
480000 8 S -201.321442 38.250797 -109.722832 1.800000 0.000000 0.000000
480000 9 G -198.184875 38.195274 -111.514214 2.150000 0.000000 0.000000
480000 10 P -202.326385 41.885036 -110.622543 2.110000 -1.000000 0.000000
480000 11 S -199.249390 43.789967 -110.071114 1.800000 0.000000 0.000000
480000 12 C -198.230820 42.431026 -113.145020 2.150000 0.000000 0.000000
480000 13 P -200.197510 46.881477 -112.349556 2.110000 -1.000000 0.000000
480000 14 S -197.060120 48.324364 -113.666786 1.800000 0.000000 0.000000
480000 15 G -197.013489 45.719826 -116.161026 2.150000 0.000000 0.000000
480000 16 P -199.628174 50.353378 -115.623917 2.110000 -1.000000 0.000000
480000 17 S -198.046326 51.598255 -118.757042 1.800000 0.000000 0.000000
480000 18 C -195.591507 53.100704 -116.942230 2.150000 0.000000 0.000000
480000 19 P -197.494507 48.037819 -119.453339 2.110000 -1.000000 0.000000
480000 20 S -194.219955 48.444649 -121.298744 1.800000 0.000000 0.000000
480000 21 A -191.919357 49.773777 -118.909698 2.150000 0.000000 0.000000
480000 22 P -193.102783 44.939037 -120.887421 2.110000 -1.000000 0.000000
480000 23 S -189.875565 45.510086 -122.748779 1.800000 0.000000 0.000000
480000 24 A -188.355301 47.913002 -120.927681 2.150000 0.000000 0.000000
480000 25 P -187.815094 42.763565 -121.654922 2.110000 -1.000000 0.000000
480000 26 S -187.304871 44.436607 -118.380905 1.800000 0.000000 0.000000
480000 27 G -190.513321 43.198116 -117.941605 2.150000 0.000000 0.000000
480000 28 P -186.262222 40.924667 -117.859352 2.110000 -1.000000 0.000000
480000 29 S -186.704025 40.871140 -114.071045 1.800000 0.000000 0.000000
480000 30 C -189.655060 41.211540 -112.401848 2.150000 0.000000 0.000000
480000 31 P -186.104584 37.523380 -113.140259 2.110000 -1.000000 0.000000
480000 32 S -188.384491 37.951218 -110.150009 1.800000 0.000000 0.000000
480000 33 C -191.105682 37.032272 -112.193825 2.150000 0.000000 0.000000
480000 34 P -187.466873 34.248459 -109.501007 2.110000 -1.000000 0.000000
480000 35 S -190.564362 32.314186 -108.334404 1.800000 0.000000 0.000000
480000 36 U -192.194061 32.138042 -111.440300 2.150000 0.000000 0.000000
480000 37 P -190.230026 28.520979 -107.934410 2.110000 -1.000000 0.000000
485000 1 P -198.574570 31.911722 -117.314804 2.110000 -1.000000 1.000000
485000 2 S -200.683548 32.022625 -114.285248 1.800000 0.000000 0.000000
485000 3 G -198.083069 33.155422 -112.337715 2.150000 0.000000 0.000000
485000 4 P -202.135422 35.465061 -115.222527 2.110000 -1.000000 0.000000
485000 5 S -202.602066 36.467098 -111.658615 1.800000 0.000000 0.000000
485000 6 G -199.241440 36.659435 -111.268974 2.150000 0.000000 0.000000
485000 7 P -203.590881 39.745522 -113.324051 2.110000 -1.000000 0.000000
485000 8 S -202.519211 40.995945 -109.837936 1.800000 0.000000 0.000000
485000 9 G -199.050858 41.349964 -109.651588 2.150000 0.000000 0.000000
485000 10 P -203.079849 44.361855 -111.585274 2.110000 -1.000000 0.000000
485000 11 S -199.883209 46.063423 -110.280319 1.800000 0.000000 0.000000
485000 12 C -197.545700 44.424774 -112.372147 2.150000 0.000000 0.000000
485000 13 P -201.093979 48.504414 -113.298439 2.110000 -1.000000 0.000000
485000 14 S -197.475952 49.144577 -114.131004 1.800000 0.000000 0.000000
485000 15 G -196.581833 46.361053 -115.750191 2.150000 0.000000 0.000000
485000 16 P -198.702423 50.818077 -117.497772 2.110000 -1.000000 0.000000
485000 17 S -195.587646 51.926571 -119.541702 1.800000 0.000000 0.000000
485000 18 C -197.266006 52.660435 -122.703918 2.150000 0.000000 0.000000
485000 19 P -194.726700 48.112190 -119.305161 2.110000 -1.000000 0.000000
485000 20 S -191.136978 48.146534 -120.159088 1.800000 0.000000 0.000000
485000 21 A -191.175812 48.677132 -116.598137 2.150000 0.000000 0.000000
485000 22 P -190.565018 44.105621 -119.725655 2.110000 -1.000000 0.000000
485000 23 S -186.837753 43.332657 -120.830406 1.800000 0.000000 0.000000
485000 24 A -185.395325 45.813362 -118.646187 2.150000 0.000000 0.000000
485000 25 P -186.308578 40.146164 -118.767387 2.110000 -1.000000 0.000000
485000 26 S -185.876312 42.438129 -115.714165 1.800000 0.000000 0.000000
485000 27 G -189.260422 42.964664 -114.932854 2.150000 0.000000 0.000000
485000 28 P -185.731949 39.675079 -113.134811 2.110000 -1.000000 0.000000
485000 29 S -186.788727 41.813808 -110.186157 1.800000 0.000000 0.000000
485000 30 C -190.312149 41.619091 -110.340111 2.150000 0.000000 0.000000
485000 31 P -186.545807 39.365913 -107.259186 2.110000 -1.000000 0.000000
485000 32 S -189.302124 40.948807 -105.325485 1.800000 0.000000 0.000000
485000 33 C -191.345413 38.651917 -107.128250 2.150000 0.000000 0.000000
485000 34 P -189.397614 37.963264 -102.763077 2.110000 -1.000000 0.000000
485000 35 S -192.780289 37.031853 -101.801437 1.800000 0.000000 0.000000
485000 36 U -194.009476 36.615288 -105.294571 2.150000 0.000000 0.000000
485000 37 P -191.956772 33.655045 -100.933846 2.110000 -1.000000 0.000000
490000 1 P -192.259552 40.499649 -124.491814 2.110000 -1.000000 1.000000
490000 2 S -194.086945 38.839493 -121.625389 1.800000 0.000000 0.000000
490000 3 G -192.508270 38.010357 -118.655365 2.150000 0.000000 0.000000
490000 4 P -195.537537 42.298725 -120.725006 2.110000 -1.000000 0.000000
490000 5 S -196.137878 40.476070 -117.398445 1.800000 0.000000 0.000000
490000 6 G -192.925308 40.816029 -116.040337 2.150000 0.000000 0.000000
490000 7 P -197.385529 44.052208 -117.316513 2.110000 -1.000000 0.000000
490000 8 S -195.675217 44.907124 -114.141464 1.800000 0.000000 0.000000
490000 9 G -192.499100 44.367371 -115.764801 2.150000 0.000000 0.000000
490000 10 P -196.323013 48.510525 -115.292252 2.110000 -1.000000 0.000000
490000 11 S -193.363617 50.325825 -113.790306 1.800000 0.000000 0.000000
490000 12 C -190.747101 48.768566 -115.348419 2.150000 0.000000 0.000000
490000 13 P -194.933548 52.841370 -116.560005 2.110000 -1.000000 0.000000
490000 14 S -191.642944 52.123245 -118.412338 1.800000 0.000000 0.000000
490000 15 G -193.117722 49.148083 -119.086357 2.150000 0.000000 0.000000
490000 16 P -192.749298 54.040043 -121.682083 2.110000 -1.000000 0.000000
490000 17 S -190.186569 52.499786 -123.891716 1.800000 0.000000 0.000000
490000 18 C -191.683731 52.147385 -126.900879 2.150000 0.000000 0.000000
490000 19 P -191.202682 48.814701 -123.319633 2.110000 -1.000000 0.000000
490000 20 S -187.650436 48.984421 -124.545937 1.800000 0.000000 0.000000
490000 21 A -186.004959 50.139454 -121.597313 2.150000 0.000000 0.000000
490000 22 P -187.682587 45.374783 -123.685158 2.110000 -1.000000 0.000000
490000 23 S -184.124542 45.420475 -125.054306 1.800000 0.000000 0.000000
490000 24 A -182.673920 47.552650 -122.782791 2.150000 0.000000 0.000000
490000 25 P -182.934540 41.906219 -124.017380 2.110000 -1.000000 0.000000
490000 26 S -181.267197 43.592262 -120.924019 1.800000 0.000000 0.000000
490000 27 G -183.492447 44.741772 -118.518227 2.150000 0.000000 0.000000
490000 28 P -179.558029 41.396820 -118.454971 2.110000 -1.000000 0.000000
490000 29 S -180.436890 42.445202 -114.972221 1.800000 0.000000 0.000000
490000 30 C -183.900314 41.825932 -115.612480 2.150000 0.000000 0.000000
490000 31 P -179.033173 39.025848 -114.168205 2.110000 -1.000000 0.000000
490000 32 S -181.890076 37.200481 -112.385551 1.800000 0.000000 0.000000
490000 33 C -185.108688 36.934704 -113.205917 2.150000 0.000000 0.000000
490000 34 P -181.028458 33.470184 -112.334587 2.110000 -1.000000 0.000000
490000 35 S -184.616028 32.610737 -111.175751 1.800000 0.000000 0.000000
490000 36 U -185.646576 32.810635 -114.596710 2.150000 0.000000 0.000000
490000 37 P -183.302185 29.126921 -112.159554 2.110000 -1.000000 0.000000
495000 1 P -196.391663 38.080414 -124.034813 2.110000 -1.000000 1.000000
495000 2 S -195.835968 35.853050 -120.881241 1.800000 0.000000 0.000000
495000 3 G -192.972122 38.048607 -120.899277 2.150000 0.000000 0.000000
495000 4 P -197.602524 38.844631 -119.023994 2.110000 -1.000000 0.000000
495000 5 S -195.499161 38.491249 -115.742981 1.800000 0.000000 0.000000
495000 6 G -192.323456 38.261356 -116.744637 2.150000 0.000000 0.000000
495000 7 P -196.691452 42.101154 -115.535255 2.110000 -1.000000 0.000000
495000 8 S -193.551041 43.146503 -113.665924 1.800000 0.000000 0.000000
495000 9 G -191.124207 42.401638 -116.079842 2.150000 0.000000 0.000000
495000 10 P -195.171692 46.513542 -114.720558 2.110000 -1.000000 0.000000
495000 11 S -191.629395 47.763618 -114.838509 1.800000 0.000000 0.000000
495000 12 C -191.129120 46.080647 -117.886467 2.150000 0.000000 0.000000
495000 13 P -193.959961 50.644398 -116.216225 2.110000 -1.000000 0.000000
495000 14 S -191.135071 52.103336 -118.229866 1.800000 0.000000 0.000000
495000 15 G -192.055893 49.232121 -120.064613 2.150000 0.000000 0.000000
495000 16 P -194.325424 54.236919 -118.932472 2.110000 -1.000000 0.000000
495000 17 S -193.943344 55.572235 -122.368507 1.800000 0.000000 0.000000
495000 18 C -190.769089 55.215900 -120.979057 2.150000 0.000000 0.000000
495000 19 P -194.535614 51.990543 -123.651711 2.110000 -1.000000 0.000000
495000 20 S -192.620819 52.703842 -126.873360 1.800000 0.000000 0.000000
495000 21 A -189.470093 53.435223 -125.383308 2.150000 0.000000 0.000000
495000 22 P -191.633560 49.134892 -128.135788 2.110000 -1.000000 0.000000
495000 23 S -188.925369 50.709999 -130.228378 1.800000 0.000000 0.000000
495000 24 A -191.265869 51.772755 -132.636230 2.150000 0.000000 0.000000
495000 25 P -187.097885 47.529648 -131.218384 2.110000 -1.000000 0.000000
495000 26 S -185.135178 48.471153 -128.059128 1.800000 0.000000 0.000000
495000 27 G -187.986496 46.834179 -126.163475 2.150000 0.000000 0.000000
495000 28 P -183.195953 45.247318 -127.413322 2.110000 -1.000000 0.000000
495000 29 S -182.407059 46.172287 -123.755875 1.800000 0.000000 0.000000
495000 30 C -185.497406 46.077034 -122.205650 2.150000 0.000000 0.000000
495000 31 P -180.723358 43.437286 -121.945702 2.110000 -1.000000 0.000000
495000 32 S -181.616364 43.382732 -118.363258 1.800000 0.000000 0.000000
495000 33 C -184.463074 41.935921 -119.678917 2.150000 0.000000 0.000000
495000 34 P -179.643478 40.047909 -117.710381 2.110000 -1.000000 0.000000
495000 35 S -181.816269 38.017326 -115.365234 1.800000 0.000000 0.000000
495000 36 U -185.016098 38.204144 -116.646935 2.150000 0.000000 0.000000
495000 37 P -180.839233 34.127342 -115.452217 2.110000 -1.000000 0.000000
500000 1 P -197.903198 42.016964 -126.635719 2.110000 -1.000000 1.000000
500000 2 S -196.072311 39.114548 -125.008018 1.800000 0.000000 0.000000
500000 3 G -192.874588 40.743523 -125.190376 2.150000 0.000000 0.000000
500000 4 P -197.267700 41.268337 -122.100769 2.110000 -1.000000 0.000000
500000 5 S -194.590408 40.223152 -119.294350 1.800000 0.000000 0.000000
500000 6 G -191.603790 41.579990 -120.076538 2.150000 0.000000 0.000000
500000 7 P -195.151581 43.523617 -117.269127 2.110000 -1.000000 0.000000
500000 8 S -192.018341 45.244629 -116.087570 1.800000 0.000000 0.000000
500000 9 G -190.905579 45.151249 -119.349648 2.150000 0.000000 0.000000
500000 10 P -193.990631 48.524712 -115.604691 2.110000 -1.000000 0.000000
500000 11 S -190.526337 50.095211 -115.982407 1.800000 0.000000 0.000000
500000 12 C -190.211868 49.189377 -119.203148 2.150000 0.000000 0.000000
500000 13 P -193.137344 52.756039 -116.264915 2.110000 -1.000000 0.000000
500000 14 S -191.953827 54.731171 -119.291214 1.800000 0.000000 0.000000
500000 15 G -193.025299 52.393417 -121.634964 2.150000 0.000000 0.000000
500000 16 P -195.382431 56.543316 -119.458618 2.110000 -1.000000 0.000000
500000 17 S -195.977631 58.240944 -123.109024 1.800000 0.000000 0.000000
500000 18 C -192.539093 57.451355 -122.991432 2.150000 0.000000 0.000000
500000 19 P -195.713608 55.495216 -125.727798 2.110000 -1.000000 0.000000
500000 20 S -194.453522 57.557941 -128.494537 1.800000 0.000000 0.000000
500000 21 A -191.783493 58.853649 -126.773590 2.150000 0.000000 0.000000
500000 22 P -192.795059 54.626389 -130.179932 2.110000 -1.000000 0.000000
500000 23 S -189.158524 55.726780 -130.047501 1.800000 0.000000 0.000000
500000 24 A -188.338165 55.372540 -126.659042 2.150000 0.000000 0.000000
500000 25 P -188.198563 52.695541 -132.116196 2.110000 -1.000000 0.000000
500000 26 S -185.223999 51.767849 -130.066772 1.800000 0.000000 0.000000
500000 27 G -187.171921 51.120491 -127.305984 2.150000 0.000000 0.000000
500000 28 P -183.074799 48.693455 -129.942719 2.110000 -1.000000 0.000000
500000 29 S -181.622742 48.821648 -126.333496 1.800000 0.000000 0.000000
500000 30 C -185.009476 48.168663 -125.877731 2.150000 0.000000 0.000000
500000 31 P -179.921768 45.311943 -125.976425 2.110000 -1.000000 0.000000
500000 32 S -180.051468 45.216202 -122.343742 1.800000 0.000000 0.000000
500000 33 C -183.616821 44.962513 -122.475075 2.150000 0.000000 0.000000
500000 34 P -179.763947 41.442799 -121.619576 2.110000 -1.000000 0.000000
500000 35 S -182.258423 41.747864 -118.758255 1.800000 0.000000 0.000000
500000 36 U -185.571915 42.314957 -119.784676 2.150000 0.000000 0.000000
500000 37 P -183.266953 38.385368 -117.336838 2.110000 -1.000000 0.000000
