380000 1 P -183.715240 56.158901 -113.113106 2.110000 -1.000000 1.000000
380000 2 S -185.772186 53.436607 -111.562408 1.800000 0.000000 0.000000
380000 3 G -184.391479 54.171375 -108.154999 2.150000 0.000000 0.000000
380000 4 P -188.114471 56.252678 -111.572342 2.110000 -1.000000 0.000000
380000 5 S -190.626297 55.574883 -108.731354 1.800000 0.000000 0.000000
380000 6 G -188.052063 55.428215 -106.420525 2.150000 0.000000 0.000000
380000 7 P -189.888824 59.276318 -109.427322 2.110000 -1.000000 0.000000
380000 8 S -191.936615 59.767838 -106.157906 1.800000 0.000000 0.000000
380000 9 G -189.413696 59.879295 -103.776268 2.150000 0.000000 0.000000
380000 10 P -190.984802 63.342213 -106.527145 2.110000 -1.000000 0.000000
380000 11 S -190.639420 64.273293 -102.769905 1.800000 0.000000 0.000000
380000 12 C -187.737915 62.583942 -101.661049 2.150000 0.000000 0.000000
380000 13 P -189.314346 67.600777 -104.257408 2.110000 -1.000000 0.000000
380000 14 S -188.462433 68.690880 -100.798584 1.800000 0.000000 0.000000
380000 15 G -185.382736 67.158501 -100.124878 2.150000 0.000000 0.000000
380000 16 P -187.470291 71.779694 -102.726868 2.110000 -1.000000 0.000000
380000 17 S -183.826233 72.196213 -101.728622 1.800000 0.000000 0.000000
380000 18 C -182.538101 74.305756 -104.452431 2.150000 0.000000 0.000000
380000 19 P -182.641449 69.146271 -103.198006 2.110000 -1.000000 0.000000
380000 20 S -179.223694 70.155411 -101.800644 1.800000 0.000000 0.000000
380000 21 A -179.987732 69.138519 -98.499451 2.150000 0.000000 0.000000
380000 22 P -178.292358 66.458099 -101.817955 2.110000 -1.000000 0.000000
380000 23 S -174.986938 66.839088 -100.041679 1.800000 0.000000 0.000000
380000 24 A -175.707520 68.224579 -96.789040 2.150000 0.000000 0.000000
380000 25 P -174.005539 63.180779 -99.013489 2.110000 -1.000000 0.000000
380000 26 S -176.635712 63.180313 -96.509666 1.800000 0.000000 0.000000
380000 27 G -179.248199 63.661167 -98.839577 2.150000 0.000000 0.000000
380000 28 P -177.416702 59.608372 -96.203346 2.110000 -1.000000 0.000000
380000 29 S -180.846786 60.516674 -95.077965 1.800000 0.000000 0.000000
380000 30 C -182.548584 59.813892 -98.025002 2.150000 0.000000 0.000000
380000 31 P -181.305008 56.987049 -94.388710 2.110000 -1.000000 0.000000
380000 32 S -185.000702 56.260445 -94.439835 1.800000 0.000000 0.000000
380000 33 C -186.370621 57.679493 -97.670830 2.150000 0.000000 0.000000
380000 34 P -185.570282 52.510555 -94.349075 2.110000 -1.000000 0.000000
380000 35 S -188.565277 53.011375 -96.871727 1.800000 0.000000 0.000000
380000 36 U -187.035995 53.983490 -99.793617 2.150000 0.000000 0.000000
380000 37 P -189.266418 49.567356 -98.428650 2.110000 -1.000000 0.000000
385000 1 P -180.754456 61.230911 -111.436554 2.110000 -1.000000 1.000000
385000 2 S -183.960327 59.229782 -111.380142 1.800000 0.000000 0.000000
385000 3 G -184.341873 58.326458 -108.005684 2.150000 0.000000 0.000000
385000 4 P -185.405167 62.828568 -111.598610 2.110000 -1.000000 0.000000
385000 5 S -188.080505 62.715816 -109.061882 1.800000 0.000000 0.000000
385000 6 G -186.393372 62.450863 -106.022903 2.150000 0.000000 0.000000
385000 7 P -188.073029 66.500580 -109.466606 2.110000 -1.000000 0.000000
385000 8 S -189.145630 67.223595 -105.853622 1.800000 0.000000 0.000000
385000 9 G -186.483124 65.967712 -103.908272 2.150000 0.000000 0.000000
385000 10 P -188.441635 71.197823 -105.877289 2.110000 -1.000000 0.000000
385000 11 S -186.874847 71.761337 -102.371078 1.800000 0.000000 0.000000
385000 12 C -183.751175 69.798805 -102.587868 2.150000 0.000000 0.000000
385000 13 P -185.885864 75.231285 -103.856552 2.110000 -1.000000 0.000000
385000 14 S -182.385880 74.294640 -102.809761 1.800000 0.000000 0.000000
385000 15 G -183.104874 75.386360 -99.443588 2.150000 0.000000 0.000000
385000 16 P -180.214508 76.983078 -104.462914 2.110000 -1.000000 0.000000
385000 17 S -177.465210 74.860809 -103.003471 1.800000 0.000000 0.000000
385000 18 C -178.864273 75.099930 -99.741096 2.150000 0.000000 0.000000
385000 19 P -178.031113 71.193718 -103.451874 2.110000 -1.000000 0.000000
385000 20 S -174.372833 71.085266 -102.171440 1.800000 0.000000 0.000000
385000 21 A -175.327423 71.720993 -98.707649 2.150000 0.000000 0.000000
385000 22 P -173.994736 67.377625 -102.165382 2.110000 -1.000000 0.000000
385000 23 S -172.254990 67.186142 -98.792534 1.800000 0.000000 0.000000
385000 24 A -169.347260 66.687325 -100.776093 2.150000 0.000000 0.000000
385000 25 P -172.524323 63.377441 -98.356728 2.110000 -1.000000 0.000000
385000 26 S -175.882401 63.362484 -96.553375 1.800000 0.000000 0.000000
385000 27 G -178.369049 63.693840 -99.117546 2.150000 0.000000 0.000000
385000 28 P -176.901917 59.760712 -96.235077 2.110000 -1.000000 0.000000
385000 29 S -180.455475 60.384575 -94.991829 1.800000 0.000000 0.000000
385000 30 C -181.864853 60.445797 -98.178703 2.150000 0.000000 0.000000
385000 31 P -181.455002 56.723804 -94.621811 2.110000 -1.000000 0.000000
385000 32 S -185.178391 56.795464 -95.084572 1.800000 0.000000 0.000000
385000 33 C -185.730164 57.969315 -98.310677 2.150000 0.000000 0.000000
385000 34 P -185.177338 53.190178 -95.219193 2.110000 -1.000000 0.000000
385000 35 S -187.550644 52.855064 -97.840179 1.800000 0.000000 0.000000
385000 36 U -186.264450 54.752640 -100.524605 2.150000 0.000000 0.000000
385000 37 P -186.555588 49.345387 -98.690201 2.110000 -1.000000 0.000000
390000 1 P -187.252884 60.782959 -108.615349 2.110000 -1.000000 1.000000
390000 2 S -190.351929 60.547138 -106.267830 1.800000 0.000000 0.000000
390000 3 G -188.400024 59.885376 -103.522415 2.150000 0.000000 0.000000
390000 4 P -191.071045 64.502724 -105.671608 2.110000 -1.000000 0.000000
390000 5 S -193.447983 64.080132 -102.658165 1.800000 0.000000 0.000000
390000 6 G -190.954285 63.122536 -100.624077 2.150000 0.000000 0.000000
390000 7 P -193.085617 68.132393 -102.977913 2.110000 -1.000000 0.000000
390000 8 S -193.686264 69.705276 -99.620125 1.800000 0.000000 0.000000
390000 9 G -191.136337 68.346191 -97.879066 2.150000 0.000000 0.000000
390000 10 P -192.624115 73.350937 -100.740204 2.110000 -1.000000 0.000000
390000 11 S -191.402191 73.990532 -97.487587 1.800000 0.000000 0.000000
390000 12 C -188.756683 71.945099 -97.807587 2.150000 0.000000 0.000000
390000 13 P -189.708160 77.183578 -98.835480 2.110000 -1.000000 0.000000
390000 14 S -186.617325 76.802277 -96.647194 1.800000 0.000000 0.000000
390000 15 G -184.667557 74.772079 -98.507019 2.150000 0.000000 0.000000
390000 16 P -184.420212 79.254715 -98.219154 2.110000 -1.000000 0.000000
390000 17 S -181.164734 78.615555 -96.485779 1.800000 0.000000 0.000000
390000 18 C -181.625412 80.002579 -93.277840 2.150000 0.000000 0.000000
390000 19 P -180.629364 74.809250 -96.840332 2.110000 -1.000000 0.000000
390000 20 S -177.941513 76.231552 -94.633202 1.800000 0.000000 0.000000
390000 21 A -179.833679 76.755241 -91.842987 2.150000 0.000000 0.000000
390000 22 P -177.933228 72.566269 -93.491272 2.110000 -1.000000 0.000000
390000 23 S -177.587936 72.636803 -89.552162 1.800000 0.000000 0.000000
390000 24 A -181.017975 73.487183 -89.344116 2.150000 0.000000 0.000000
390000 25 P -177.845337 68.958572 -89.774643 2.110000 -1.000000 0.000000
390000 26 S -181.405869 68.825409 -88.170959 1.800000 0.000000 0.000000
390000 27 G -182.878525 68.926102 -91.286064 2.150000 0.000000 0.000000
390000 28 P -181.841553 64.967903 -87.881935 2.110000 -1.000000 0.000000
390000 29 S -185.484528 63.863304 -88.097290 1.800000 0.000000 0.000000
390000 30 C -186.164062 64.418541 -91.623055 2.150000 0.000000 0.000000
390000 31 P -185.120758 60.047710 -88.168678 2.110000 -1.000000 0.000000
390000 32 S -188.387497 59.303017 -89.889496 1.800000 0.000000 0.000000
390000 33 C -186.965012 60.516647 -92.932480 2.150000 0.000000 0.000000
390000 34 P -186.717377 55.893600 -90.217735 2.110000 -1.000000 0.000000
390000 35 S -189.199341 54.054489 -92.631485 1.800000 0.000000 0.000000
390000 36 U -188.166504 56.256657 -95.166039 2.150000 0.000000 0.000000
390000 37 P -186.086273 52.420631 -91.836929 2.110000 -1.000000 0.000000
395000 1 P -174.559525 65.915009 -105.241684 2.110000 -1.000000 1.000000
395000 2 S -177.900223 64.870056 -106.274391 1.800000 0.000000 0.000000
395000 3 G -178.993713 63.451298 -103.246346 2.150000 0.000000 0.000000
395000 4 P -179.472839 68.270195 -106.091118 2.110000 -1.000000 0.000000
395000 5 S -183.086624 66.911659 -105.986282 1.800000 0.000000 0.000000
395000 6 G -182.852936 65.893410 -102.685150 2.150000 0.000000 0.000000
395000 7 P -184.570679 70.233543 -105.545151 2.110000 -1.000000 0.000000
395000 8 S -187.327835 69.587021 -102.987946 1.800000 0.000000 0.000000
395000 9 G -185.042740 68.515839 -100.636353 2.150000 0.000000 0.000000
395000 10 P -186.748123 73.117073 -102.786331 2.110000 -1.000000 0.000000
395000 11 S -188.033600 73.834747 -99.153275 1.800000 0.000000 0.000000
395000 12 C -185.475906 72.245026 -97.541718 2.150000 0.000000 0.000000
395000 13 P -186.037537 76.898277 -100.149551 2.110000 -1.000000 0.000000
395000 14 S -183.451752 77.522949 -97.622658 1.800000 0.000000 0.000000
395000 15 G -181.618042 74.687721 -98.051300 2.150000 0.000000 0.000000
395000 16 P -180.965912 79.764565 -99.181740 2.110000 -1.000000 0.000000
395000 17 S -177.928375 78.803757 -97.165230 1.800000 0.000000 0.000000
395000 18 C -178.935150 78.703308 -93.944931 2.150000 0.000000 0.000000
395000 19 P -176.701447 75.436157 -97.703087 2.110000 -1.000000 0.000000
395000 20 S -174.887848 75.249046 -94.346130 1.800000 0.000000 0.000000
395000 21 A -178.290222 74.697624 -93.580292 2.150000 0.000000 0.000000
395000 22 P -174.360001 71.483002 -94.542610 2.110000 -1.000000 0.000000
395000 23 S -174.722244 71.517151 -90.554474 1.800000 0.000000 0.000000
395000 24 A -178.130997 72.165802 -89.765488 2.150000 0.000000 0.000000
395000 25 P -175.056732 67.822121 -90.244591 2.110000 -1.000000 0.000000
395000 26 S -178.508224 67.776817 -88.637634 1.800000 0.000000 0.000000
395000 27 G -180.554871 69.276161 -91.110497 2.150000 0.000000 0.000000
395000 28 P -178.841660 63.704037 -89.121048 2.110000 -1.000000 0.000000
395000 29 S -182.646805 63.722042 -89.877197 1.800000 0.000000 0.000000
395000 30 C -181.786774 65.046722 -93.055511 2.150000 0.000000 0.000000
395000 31 P -182.367081 59.928196 -90.276810 2.110000 -1.000000 0.000000
395000 32 S -184.771835 58.778431 -92.966782 1.800000 0.000000 0.000000
395000 33 C -183.079208 59.881126 -95.836891 2.150000 0.000000 0.000000
395000 34 P -183.137405 55.333439 -92.743324 2.110000 -1.000000 0.000000
395000 35 S -183.344940 53.727299 -96.297684 1.800000 0.000000 0.000000
395000 36 U -181.633759 56.255142 -98.246254 2.150000 0.000000 0.000000
395000 37 P -180.807327 51.222004 -95.386086 2.110000 -1.000000 0.000000
400000 1 P -178.600952 62.720459 -105.231674 2.110000 -1.000000 1.000000
400000 2 S -181.864029 60.663719 -106.136185 1.800000 0.000000 0.000000
400000 3 G -182.162064 60.430359 -102.506134 2.150000 0.000000 0.000000
400000 4 P -182.983765 64.159210 -106.732040 2.110000 -1.000000 0.000000
400000 5 S -186.752106 64.148071 -106.880005 1.800000 0.000000 0.000000
400000 6 G -188.034775 63.611183 -103.709984 2.150000 0.000000 0.000000
400000 7 P -186.336853 67.934563 -107.066330 2.110000 -1.000000 0.000000
400000 8 S -189.462738 67.941383 -104.918457 1.800000 0.000000 0.000000
400000 9 G -187.265167 67.246521 -102.156693 2.150000 0.000000 0.000000
400000 10 P -188.825638 71.931763 -105.070648 2.110000 -1.000000 0.000000
400000 11 S -189.839676 72.787430 -101.431465 1.800000 0.000000 0.000000
400000 12 C -187.314240 71.118584 -100.006592 2.150000 0.000000 0.000000
400000 13 P -188.096802 75.888115 -102.655998 2.110000 -1.000000 0.000000
400000 14 S -186.817581 76.876839 -99.401131 1.800000 0.000000 0.000000
400000 15 G -184.457855 74.419106 -99.662224 2.150000 0.000000 0.000000
400000 16 P -184.637543 80.223366 -99.603394 2.110000 -1.000000 0.000000
400000 17 S -182.415634 79.596550 -96.507500 1.800000 0.000000 0.000000
400000 18 C -180.179459 81.813095 -98.015572 2.150000 0.000000 0.000000
400000 19 P -180.476822 76.259384 -97.209999 2.110000 -1.000000 0.000000
400000 20 S -178.704346 76.811653 -93.864960 1.800000 0.000000 0.000000
400000 21 A -181.280457 77.070702 -91.865166 2.150000 0.000000 0.000000
400000 22 P -178.378143 72.932549 -93.272621 2.110000 -1.000000 0.000000
400000 23 S -179.168304 71.995346 -89.721405 1.800000 0.000000 0.000000
400000 24 A -182.257309 73.559013 -89.107498 2.150000 0.000000 0.000000
400000 25 P -179.192703 68.283279 -89.592804 2.110000 -1.000000 0.000000
400000 26 S -182.806747 67.570862 -89.013145 1.800000 0.000000 0.000000
400000 27 G -184.244324 68.084984 -92.249229 2.150000 0.000000 0.000000
400000 28 P -184.613129 64.047890 -88.991684 2.110000 -1.000000 0.000000
400000 29 S -188.322754 64.898422 -89.759933 1.800000 0.000000 0.000000
400000 30 C -187.878052 65.402184 -93.113350 2.150000 0.000000 0.000000
400000 31 P -189.663971 61.299023 -90.568672 2.110000 -1.000000 0.000000
400000 32 S -192.770111 62.328739 -92.684387 1.800000 0.000000 0.000000
400000 33 C -191.023376 64.031860 -95.392227 2.150000 0.000000 0.000000
400000 34 P -192.065430 58.500374 -92.616905 2.110000 -1.000000 0.000000
400000 35 S -192.518280 58.938156 -96.414040 1.800000 0.000000 0.000000
400000 36 U -189.392899 60.598019 -96.840202 2.150000 0.000000 0.000000
400000 37 P -191.183578 55.412285 -96.160851 2.110000 -1.000000 0.000000
405000 1 P -176.181320 70.552917 -103.533669 2.110000 -1.000000 1.000000
405000 2 S -177.108368 67.592148 -105.738106 1.800000 0.000000 0.000000
405000 3 G -179.630707 66.263824 -104.149590 2.150000 0.000000 0.000000
405000 4 P -179.361221 70.384026 -106.805336 2.110000 -1.000000 0.000000
405000 5 S -182.560028 68.441032 -106.883675 1.800000 0.000000 0.000000
405000 6 G -182.477142 68.542999 -103.468933 2.150000 0.000000 0.000000
405000 7 P -184.459244 71.616730 -107.296425 2.110000 -1.000000 0.000000
405000 8 S -187.756409 70.620514 -105.472313 1.800000 0.000000 0.000000
405000 9 G -186.104095 70.103569 -102.453445 2.150000 0.000000 0.000000
405000 10 P -188.018188 74.287704 -104.995995 2.110000 -1.000000 0.000000
405000 11 S -190.619247 73.990929 -102.336296 1.800000 0.000000 0.000000
405000 12 C -188.511093 73.401855 -99.788239 2.150000 0.000000 0.000000
405000 13 P -189.017197 77.474823 -102.123085 2.110000 -1.000000 0.000000
405000 14 S -188.544769 78.776390 -98.602646 1.800000 0.000000 0.000000
405000 15 G -186.315079 76.560135 -97.606865 2.150000 0.000000 0.000000
405000 16 P -186.038620 80.597740 -100.842308 2.110000 -1.000000 0.000000
405000 17 S -182.876801 80.524895 -98.867020 1.800000 0.000000 0.000000
405000 18 C -184.697830 81.534012 -95.975021 2.150000 0.000000 0.000000
405000 19 P -182.635361 76.624290 -98.639397 2.110000 -1.000000 0.000000
405000 20 S -180.960892 76.824249 -95.242149 1.800000 0.000000 0.000000
405000 21 A -177.689392 77.758430 -94.801483 2.150000 0.000000 0.000000
405000 22 P -180.815125 73.271683 -94.591179 2.110000 -1.000000 0.000000
405000 23 S -179.724731 74.040871 -90.957787 1.800000 0.000000 0.000000
405000 24 A -182.865936 75.606010 -90.937408 2.150000 0.000000 0.000000
405000 25 P -179.786102 70.674866 -89.593201 2.110000 -1.000000 0.000000
405000 26 S -183.481613 71.165726 -88.756378 1.800000 0.000000 0.000000
405000 27 G -185.269531 72.557793 -91.343208 2.150000 0.000000 0.000000
405000 28 P -183.478775 67.134491 -88.946152 2.110000 -1.000000 0.000000
405000 29 S -187.004257 67.165169 -90.401230 1.800000 0.000000 0.000000
405000 30 C -186.151505 68.223625 -93.619629 2.150000 0.000000 0.000000
405000 31 P -186.585373 63.244781 -91.014732 2.110000 -1.000000 0.000000
405000 32 S -188.110413 63.165226 -94.473000 1.800000 0.000000 0.000000
405000 33 C -184.898270 63.821205 -95.815224 2.150000 0.000000 0.000000
405000 34 P -187.217224 59.531437 -94.489288 2.110000 -1.000000 0.000000
405000 35 S -187.850891 59.231544 -98.176285 1.800000 0.000000 0.000000
405000 36 U -184.595993 60.773239 -98.561127 2.150000 0.000000 0.000000
405000 37 P -186.402298 55.757244 -98.724365 2.110000 -1.000000 0.000000
410000 1 P -176.398315 66.733749 -105.202576 2.110000 -1.000000 1.000000
410000 2 S -178.855942 64.632118 -107.318275 1.800000 0.000000 0.000000
410000 3 G -180.990295 64.185478 -104.471565 2.150000 0.000000 0.000000
410000 4 P -180.767715 67.960854 -107.842957 2.110000 -1.000000 0.000000
410000 5 S -184.062881 66.618607 -108.418510 1.800000 0.000000 0.000000
410000 6 G -185.878235 65.969833 -105.585014 2.150000 0.000000 0.000000
410000 7 P -184.838303 70.346024 -108.603951 2.110000 -1.000000 0.000000
410000 8 S -188.542114 69.467606 -107.767868 1.800000 0.000000 0.000000
410000 9 G -188.751846 68.957886 -104.332275 2.150000 0.000000 0.000000
410000 10 P -187.940247 73.279488 -107.241875 2.110000 -1.000000 0.000000
410000 11 S -190.254288 74.291786 -104.240112 1.800000 0.000000 0.000000
410000 12 C -189.841248 73.334305 -101.093567 2.150000 0.000000 0.000000
410000 13 P -188.207657 77.682465 -104.087418 2.110000 -1.000000 0.000000
410000 14 S -187.779480 78.058449 -100.267052 1.800000 0.000000 0.000000
410000 15 G -185.908508 75.101105 -99.777756 2.150000 0.000000 0.000000
410000 16 P -185.066025 80.614998 -101.044952 2.110000 -1.000000 0.000000
410000 17 S -183.047974 80.347466 -97.648514 1.800000 0.000000 0.000000
410000 18 C -185.033020 80.816040 -94.979424 2.150000 0.000000 0.000000
410000 19 P -181.898514 76.810158 -97.747162 2.110000 -1.000000 0.000000
410000 20 S -179.516434 76.550529 -94.795624 1.800000 0.000000 0.000000
410000 21 A -180.552292 78.474861 -91.977432 2.150000 0.000000 0.000000
410000 22 P -181.012650 73.136765 -93.870895 2.110000 -1.000000 0.000000
410000 23 S -180.216812 73.399361 -90.186913 1.800000 0.000000 0.000000
410000 24 A -182.888718 74.300369 -88.151917 2.150000 0.000000 0.000000
410000 25 P -181.905289 70.100960 -90.063034 2.110000 -1.000000 0.000000
410000 26 S -185.524094 71.164726 -89.778877 1.800000 0.000000 0.000000
410000 27 G -186.015930 72.079224 -93.234398 2.150000 0.000000 0.000000
410000 28 P -186.654495 67.481323 -90.544098 2.110000 -1.000000 0.000000
410000 29 S -189.970978 66.907082 -92.411224 1.800000 0.000000 0.000000
410000 30 C -188.424225 67.390358 -95.391136 2.150000 0.000000 0.000000
410000 31 P -189.897934 63.023571 -92.762825 2.110000 -1.000000 0.000000
410000 32 S -191.333160 61.236740 -95.722115 1.800000 0.000000 0.000000
410000 33 C -188.812073 62.801529 -97.706047 2.150000 0.000000 0.000000
410000 34 P -189.464676 57.790730 -95.665108 2.110000 -1.000000 0.000000
410000 35 S -188.784058 56.711662 -99.195992 1.800000 0.000000 0.000000
410000 36 U -185.693192 58.598427 -98.967392 2.150000 0.000000 0.000000
410000 37 P -186.769318 54.240307 -97.328156 2.110000 -1.000000 0.000000
415000 1 P -176.710785 59.556011 -103.330833 2.110000 -1.000000 1.000000
415000 2 S -180.006287 58.735260 -105.358391 1.800000 0.000000 0.000000
415000 3 G -181.437332 58.067249 -102.159805 2.150000 0.000000 0.000000
415000 4 P -181.314865 62.343960 -106.273026 2.110000 -1.000000 0.000000
415000 5 S -184.794434 60.778690 -106.437637 1.800000 0.000000 0.000000
415000 6 G -185.883133 59.348660 -103.462959 2.150000 0.000000 0.000000
415000 7 P -185.338394 64.626823 -106.592735 2.110000 -1.000000 0.000000
415000 8 S -188.704391 64.168251 -104.747551 1.800000 0.000000 0.000000
415000 9 G -187.760635 64.673958 -101.329643 2.150000 0.000000 0.000000
415000 10 P -188.864563 67.956078 -104.966774 2.110000 -1.000000 0.000000
415000 11 S -190.872055 68.655991 -101.772575 1.800000 0.000000 0.000000
415000 12 C -188.080765 68.559372 -99.629593 2.150000 0.000000 0.000000
415000 13 P -189.457520 72.210167 -102.272949 2.110000 -1.000000 0.000000
415000 14 S -189.034607 72.601387 -98.539375 1.800000 0.000000 0.000000
415000 15 G -191.767288 74.944275 -98.551308 2.150000 0.000000 0.000000
415000 16 P -186.854187 75.602928 -98.181030 2.110000 -1.000000 0.000000
415000 17 S -187.386230 75.301582 -94.366196 1.800000 0.000000 0.000000
415000 18 C -190.188354 73.289742 -94.618675 2.150000 0.000000 0.000000
415000 19 P -185.997116 71.954033 -93.461746 2.110000 -1.000000 0.000000
415000 20 S -183.435226 72.945938 -90.716835 1.800000 0.000000 0.000000
415000 21 A -185.855072 72.901756 -88.353973 2.150000 0.000000 0.000000
415000 22 P -182.348938 69.467255 -89.686722 2.110000 -1.000000 0.000000
415000 23 S -178.864471 68.591499 -91.276253 1.800000 0.000000 0.000000
415000 24 A -176.188553 69.523582 -89.288254 2.150000 0.000000 0.000000
415000 25 P -179.096970 64.876762 -89.895416 2.110000 -1.000000 0.000000
415000 26 S -182.892487 64.991287 -89.245239 1.800000 0.000000 0.000000
415000 27 G -183.613373 64.903984 -92.599442 2.150000 0.000000 0.000000
415000 28 P -183.767868 61.207905 -88.434303 2.110000 -1.000000 0.000000
415000 29 S -187.323181 61.006039 -89.807930 1.800000 0.000000 0.000000
415000 30 C -187.411041 62.705959 -92.850899 2.150000 0.000000 0.000000
415000 31 P -187.736710 57.274586 -89.776985 2.110000 -1.000000 0.000000
415000 32 S -190.324112 57.205265 -92.454636 1.800000 0.000000 0.000000
415000 33 C -187.980804 56.853561 -95.072723 2.150000 0.000000 0.000000
415000 34 P -189.895050 53.265175 -92.256157 2.110000 -1.000000 0.000000
415000 35 S -191.037704 53.188202 -95.777267 1.800000 0.000000 0.000000
415000 36 U -188.488342 54.007641 -97.909737 2.150000 0.000000 0.000000
415000 37 P -190.595230 49.504230 -96.902992 2.110000 -1.000000 0.000000
420000 1 P -175.821533 61.445766 -95.877586 2.110000 -1.000000 1.000000
420000 2 S -178.226212 58.868881 -97.399155 1.800000 0.000000 0.000000
420000 3 G -179.865234 59.867088 -94.512680 2.150000 0.000000 0.000000
420000 4 P -179.656769 61.650314 -99.453735 2.110000 -1.000000 0.000000
420000 5 S -183.305206 60.573479 -99.937576 1.800000 0.000000 0.000000
420000 6 G -184.813568 59.683155 -96.940735 2.150000 0.000000 0.000000
420000 7 P -185.183487 63.638096 -101.223564 2.110000 -1.000000 0.000000
420000 8 S -188.526672 62.627888 -100.216179 1.800000 0.000000 0.000000
420000 9 G -188.300385 62.036148 -96.702095 2.150000 0.000000 0.000000
420000 10 P -188.627640 66.243729 -100.938637 2.110000 -1.000000 0.000000
420000 11 S -191.247177 67.777145 -98.564606 1.800000 0.000000 0.000000
420000 12 C -189.320282 67.662872 -95.651375 2.150000 0.000000 0.000000
420000 13 P -189.785034 70.941757 -99.365051 2.110000 -1.000000 0.000000
420000 14 S -190.088043 72.850494 -96.157784 1.800000 0.000000 0.000000
420000 15 G -187.813873 70.894867 -94.423050 2.150000 0.000000 0.000000
420000 16 P -187.920212 76.017380 -96.942024 2.110000 -1.000000 0.000000
420000 17 S -186.156265 77.159401 -93.727257 1.800000 0.000000 0.000000
420000 18 C -189.461502 76.454102 -92.625107 2.150000 0.000000 0.000000
420000 19 P -184.742340 73.816551 -92.392624 2.110000 -1.000000 0.000000
420000 20 S -184.646469 74.385735 -88.725525 1.800000 0.000000 0.000000
420000 21 A -187.294922 75.641251 -86.886375 2.150000 0.000000 0.000000
420000 22 P -185.239853 70.788269 -87.995644 2.110000 -1.000000 0.000000
420000 23 S -182.872849 70.943108 -85.246010 1.800000 0.000000 0.000000
420000 24 A -184.673569 73.095230 -83.026146 2.150000 0.000000 0.000000
420000 25 P -182.856552 67.430191 -83.530563 2.110000 -1.000000 0.000000
420000 26 S -186.625809 67.307083 -83.561119 1.800000 0.000000 0.000000
420000 27 G -187.755585 67.560837 -86.832146 2.150000 0.000000 0.000000
420000 28 P -187.166794 63.886890 -82.761070 2.110000 -1.000000 0.000000
420000 29 S -190.393967 62.927647 -84.697876 1.800000 0.000000 0.000000
420000 30 C -188.365784 62.748989 -87.836441 2.150000 0.000000 0.000000
420000 31 P -190.339157 59.302261 -83.910706 2.110000 -1.000000 0.000000
420000 32 S -191.295959 57.535366 -87.137032 1.800000 0.000000 0.000000
420000 33 C -188.873825 59.257896 -88.925674 2.150000 0.000000 0.000000
420000 34 P -189.380127 55.048817 -85.009178 2.110000 -1.000000 0.000000
420000 35 S -187.881500 53.364685 -88.084099 1.800000 0.000000 0.000000
420000 36 U -185.844543 56.158623 -88.515022 2.150000 0.000000 0.000000
420000 37 P -185.481430 51.888416 -85.489929 2.110000 -1.000000 0.000000
425000 1 P -181.046478 54.709381 -100.616425 2.110000 -1.000000 1.000000
425000 2 S -184.278854 54.313286 -102.141083 1.800000 0.000000 0.000000
425000 3 G -185.703766 54.357914 -99.005234 2.150000 0.000000 0.000000
425000 4 P -184.532608 57.991673 -102.864006 2.110000 -1.000000 0.000000
425000 5 S -188.297455 57.504761 -102.448746 1.800000 0.000000 0.000000
425000 6 G -189.295059 57.245712 -99.078896 2.150000 0.000000 0.000000
425000 7 P -189.289093 61.037502 -102.310837 2.110000 -1.000000 0.000000
425000 8 S -192.265717 60.487118 -99.955696 1.800000 0.000000 0.000000
425000 9 G -190.235840 60.991325 -97.294395 2.150000 0.000000 0.000000
425000 10 P -191.967178 64.243568 -101.038414 2.110000 -1.000000 0.000000
425000 11 S -194.477844 65.545479 -98.697639 1.800000 0.000000 0.000000
425000 12 C -193.266663 64.109612 -95.782013 2.150000 0.000000 0.000000
425000 13 P -192.702744 68.862030 -99.574295 2.110000 -1.000000 0.000000
425000 14 S -192.506470 71.231514 -96.706329 1.800000 0.000000 0.000000
425000 15 G -190.141602 69.172157 -95.485931 2.150000 0.000000 0.000000
425000 16 P -189.821609 72.887627 -98.670036 2.110000 -1.000000 0.000000
425000 17 S -188.439026 74.874489 -95.488655 1.800000 0.000000 0.000000
425000 18 C -191.458511 74.181755 -93.969543 2.150000 0.000000 0.000000
425000 19 P -185.852158 72.339630 -94.275978 2.110000 -1.000000 0.000000
425000 20 S -185.833069 73.340401 -90.608162 1.800000 0.000000 0.000000
425000 21 A -183.720840 75.839607 -91.678535 2.150000 0.000000 0.000000
425000 22 P -183.928726 70.888893 -88.555496 2.110000 -1.000000 0.000000
425000 23 S -187.456497 70.516037 -86.982422 1.800000 0.000000 0.000000
425000 24 A -188.398499 68.736862 -89.877594 2.150000 0.000000 0.000000
425000 25 P -185.992371 67.514755 -85.006256 2.110000 -1.000000 0.000000
425000 26 S -189.393799 66.099136 -84.458649 1.800000 0.000000 0.000000
425000 27 G -190.660934 66.771957 -87.502052 2.150000 0.000000 0.000000
425000 28 P -188.717163 62.385784 -84.243706 2.110000 -1.000000 0.000000
425000 29 S -192.330109 62.404118 -85.493851 1.800000 0.000000 0.000000
425000 30 C -190.652512 62.901253 -88.615578 2.150000 0.000000 0.000000
425000 31 P -192.170654 58.669811 -85.637863 2.110000 -1.000000 0.000000
425000 32 S -194.673187 58.862015 -88.541122 1.800000 0.000000 0.000000
425000 33 C -192.127548 59.524536 -90.928474 2.150000 0.000000 0.000000
425000 34 P -193.467361 55.226131 -87.975090 2.110000 -1.000000 0.000000
425000 35 S -194.567230 54.310509 -91.380623 1.800000 0.000000 0.000000
425000 36 U -193.671524 55.643677 -94.294777 2.150000 0.000000 0.000000
425000 37 P -192.718964 51.051445 -91.452988 2.110000 -1.000000 0.000000
430000 1 P -183.305099 64.179672 -102.969444 2.110000 -1.000000 1.000000
430000 2 S -186.370850 62.430805 -104.145241 1.800000 0.000000 0.000000
430000 3 G -186.809479 60.929379 -100.986771 2.150000 0.000000 0.000000
430000 4 P -188.444122 65.894135 -103.869804 2.110000 -1.000000 0.000000
430000 5 S -192.003067 64.765709 -103.344139 1.800000 0.000000 0.000000
430000 6 G -192.032043 62.765430 -100.579109 2.150000 0.000000 0.000000
430000 7 P -192.156937 68.395233 -102.379601 2.110000 -1.000000 0.000000
430000 8 S -195.278534 68.218887 -100.334396 1.800000 0.000000 0.000000
430000 9 G -193.499741 66.718109 -97.656281 2.150000 0.000000 0.000000
430000 10 P -194.483978 71.695190 -99.492676 2.110000 -1.000000 0.000000
430000 11 S -196.011276 72.211082 -95.986092 1.800000 0.000000 0.000000
430000 12 C -193.309814 70.161896 -94.656784 2.150000 0.000000 0.000000
430000 13 P -193.916916 75.508110 -95.879395 2.110000 -1.000000 0.000000
430000 14 S -192.259872 74.136795 -92.568451 1.800000 0.000000 0.000000
430000 15 G -189.481018 72.666054 -94.242584 2.150000 0.000000 0.000000
430000 16 P -190.402557 76.957993 -94.161812 2.110000 -1.000000 0.000000
430000 17 S -188.181793 77.659508 -91.022438 1.800000 0.000000 0.000000
430000 18 C -190.046555 75.350945 -89.378036 2.150000 0.000000 0.000000
430000 19 P -185.812897 74.807159 -90.330856 2.110000 -1.000000 0.000000
430000 20 S -184.563187 75.957481 -87.015228 1.800000 0.000000 0.000000
430000 21 A -187.609680 75.408302 -85.253937 2.150000 0.000000 0.000000
430000 22 P -183.067688 72.421646 -87.155014 2.110000 -1.000000 0.000000
430000 23 S -184.891525 70.419449 -84.536850 1.800000 0.000000 0.000000
430000 24 A -188.148773 70.888824 -85.924492 2.150000 0.000000 0.000000
430000 25 P -184.564850 66.528778 -84.702705 2.110000 -1.000000 0.000000
430000 26 S -188.380783 65.506638 -84.862823 1.800000 0.000000 0.000000
430000 27 G -189.443710 66.178085 -88.096169 2.150000 0.000000 0.000000
430000 28 P -188.423828 61.846203 -85.564690 2.110000 -1.000000 0.000000
430000 29 S -191.735809 62.019909 -86.951630 1.800000 0.000000 0.000000
430000 30 C -190.911346 62.170235 -90.372826 2.150000 0.000000 0.000000
430000 31 P -190.429825 58.631001 -87.331924 2.110000 -1.000000 0.000000
430000 32 S -193.018875 56.985455 -89.799400 1.800000 0.000000 0.000000
430000 33 C -192.185410 58.834812 -92.575371 2.150000 0.000000 0.000000
430000 34 P -191.286224 53.613106 -90.224358 2.110000 -1.000000 0.000000
430000 35 S -192.721161 52.845013 -93.676079 1.800000 0.000000 0.000000
430000 36 U -191.014023 54.721424 -96.126060 2.150000 0.000000 0.000000
430000 37 P -190.969360 49.722130 -95.125114 2.110000 -1.000000 0.000000
435000 1 P -180.962906 64.342529 -102.093208 2.110000 -1.000000 1.000000
435000 2 S -184.358139 63.881012 -103.561867 1.800000 0.000000 0.000000
435000 3 G -185.499084 61.393349 -101.632065 2.150000 0.000000 0.000000
435000 4 P -186.603729 67.064209 -103.232735 2.110000 -1.000000 0.000000
435000 5 S -190.113464 65.224236 -103.294212 1.800000 0.000000 0.000000
435000 6 G -190.412445 63.514233 -100.110298 2.150000 0.000000 0.000000
435000 7 P -191.768860 68.338783 -102.478828 2.110000 -1.000000 0.000000
435000 8 S -195.066757 66.743256 -100.888977 1.800000 0.000000 0.000000
435000 9 G -193.539948 65.447563 -98.014847 2.150000 0.000000 0.000000
435000 10 P -195.572952 70.107574 -99.149330 2.110000 -1.000000 0.000000
435000 11 S -197.093689 69.242569 -95.960167 1.800000 0.000000 0.000000
435000 12 C -194.694092 67.428352 -94.414780 2.150000 0.000000 0.000000
435000 13 P -195.510880 72.431168 -94.225830 2.110000 -1.000000 0.000000
435000 14 S -193.931961 72.363663 -90.739197 1.800000 0.000000 0.000000
435000 15 G -191.394897 70.463837 -91.938004 2.150000 0.000000 0.000000
435000 16 P -192.931885 75.742661 -91.968712 2.110000 -1.000000 0.000000
435000 17 S -189.304001 75.393799 -90.562317 1.800000 0.000000 0.000000
435000 18 C -190.886261 74.405609 -87.751251 2.150000 0.000000 0.000000
435000 19 P -187.589417 72.501625 -91.964645 2.110000 -1.000000 0.000000
435000 20 S -186.050690 71.978706 -88.541725 1.800000 0.000000 0.000000
435000 21 A -188.677521 70.276245 -87.580467 2.150000 0.000000 0.000000
435000 22 P -184.808975 68.310600 -89.681793 2.110000 -1.000000 0.000000
435000 23 S -183.527603 67.510307 -86.130180 1.800000 0.000000 0.000000
435000 24 A -186.089584 68.222527 -83.886765 2.150000 0.000000 0.000000
435000 25 P -183.671585 63.728233 -86.299606 2.110000 -1.000000 0.000000
435000 26 S -187.457001 63.250954 -85.319862 1.800000 0.000000 0.000000
435000 27 G -188.673080 64.949112 -88.142494 2.150000 0.000000 0.000000
435000 28 P -188.124542 59.741581 -86.919533 2.110000 -1.000000 0.000000
435000 29 S -191.888687 60.501862 -87.193680 1.800000 0.000000 0.000000
435000 30 C -191.106201 62.388073 -89.817009 2.150000 0.000000 0.000000
435000 31 P -191.360168 56.832390 -88.236168 2.110000 -1.000000 0.000000
435000 32 S -194.228363 58.225468 -90.105759 1.800000 0.000000 0.000000
435000 33 C -192.588837 59.967289 -92.577919 2.150000 0.000000 0.000000
435000 34 P -194.009537 55.134987 -92.461761 2.110000 -1.000000 0.000000
435000 35 S -195.040955 55.729809 -96.180099 1.800000 0.000000 0.000000
435000 36 U -192.464752 57.820625 -96.814445 2.150000 0.000000 0.000000
435000 37 P -193.726898 52.402752 -96.955002 2.110000 -1.000000 0.000000
440000 1 P -183.017746 71.488571 -104.643700 2.110000 -1.000000 1.000000
440000 2 S -185.271942 69.176903 -106.646942 1.800000 0.000000 0.000000
440000 3 G -185.892075 66.955421 -104.110405 2.150000 0.000000 0.000000
440000 4 P -188.144058 71.308197 -105.819534 2.110000 -1.000000 0.000000
440000 5 S -191.308868 69.020988 -105.474312 1.800000 0.000000 0.000000
440000 6 G -190.507553 67.470238 -102.432724 2.150000 0.000000 0.000000
440000 7 P -193.061020 71.878792 -103.887848 2.110000 -1.000000 0.000000
440000 8 S -195.938736 70.452744 -101.615440 1.800000 0.000000 0.000000
440000 9 G -193.885925 68.493492 -99.581947 2.150000 0.000000 0.000000
440000 10 P -195.946365 73.578857 -99.453415 2.110000 -1.000000 0.000000
440000 11 S -196.703430 72.005646 -96.202133 1.800000 0.000000 0.000000
440000 12 C -194.358856 70.300827 -94.835526 2.150000 0.000000 0.000000
440000 13 P -195.731049 75.457779 -95.140472 2.110000 -1.000000 0.000000
440000 14 S -194.045990 74.210327 -92.037575 1.800000 0.000000 0.000000
440000 15 G -190.615295 73.243820 -92.444519 2.150000 0.000000 0.000000
440000 16 P -192.557648 77.781685 -92.032379 2.110000 -1.000000 0.000000
440000 17 S -189.287643 77.880943 -89.987831 1.800000 0.000000 0.000000
440000 18 C -188.113174 80.953346 -90.667877 2.150000 0.000000 0.000000
440000 19 P -187.448639 75.619003 -92.346458 2.110000 -1.000000 0.000000
440000 20 S -184.537125 74.999352 -90.134270 1.800000 0.000000 0.000000
440000 21 A -185.901077 73.902863 -87.340782 2.150000 0.000000 0.000000
440000 22 P -182.987015 71.983421 -92.039154 2.110000 -1.000000 0.000000
440000 23 S -181.933945 70.712311 -88.726273 1.800000 0.000000 0.000000
440000 24 A -185.324677 69.830811 -88.304962 2.150000 0.000000 0.000000
440000 25 P -181.727692 67.151566 -90.225494 2.110000 -1.000000 0.000000
440000 26 S -184.892258 65.890190 -88.372261 1.800000 0.000000 0.000000
440000 27 G -187.174988 67.334328 -90.508789 2.150000 0.000000 0.000000
440000 28 P -185.528244 62.714348 -89.965042 2.110000 -1.000000 0.000000
440000 29 S -189.489471 61.980946 -90.158707 1.800000 0.000000 0.000000
440000 30 C -190.491058 63.332043 -93.211510 2.150000 0.000000 0.000000
440000 31 P -187.393677 59.254917 -91.821045 2.110000 -1.000000 0.000000
440000 32 S -189.647903 58.196838 -94.633888 1.800000 0.000000 0.000000
440000 33 C -189.260880 60.911545 -96.673790 2.150000 0.000000 0.000000
440000 34 P -186.689377 56.232502 -96.076614 2.110000 -1.000000 0.000000
440000 35 S -188.388092 55.799839 -99.531914 1.800000 0.000000 0.000000
440000 36 U -188.156860 58.722507 -101.515160 2.150000 0.000000 0.000000
440000 37 P -186.065842 54.254326 -101.849899 2.110000 -1.000000 0.000000
445000 1 P -188.842499 67.197395 -110.921753 2.110000 -1.000000 1.000000
445000 2 S -192.156311 65.896317 -109.414261 1.800000 0.000000 0.000000
445000 3 G -190.322357 64.408279 -106.666985 2.150000 0.000000 0.000000
445000 4 P -192.726837 69.355934 -107.379990 2.110000 -1.000000 0.000000
445000 5 S -195.513245 68.202515 -104.800323 1.800000 0.000000 0.000000
445000 6 G -192.819122 67.890648 -102.660027 2.150000 0.000000 0.000000
445000 7 P -196.679871 71.273041 -103.002251 2.110000 -1.000000 0.000000
445000 8 S -198.114517 69.403267 -99.939407 1.800000 0.000000 0.000000
445000 9 G -195.157425 68.360115 -98.563080 2.150000 0.000000 0.000000
445000 10 P -197.517029 73.119781 -98.828163 2.110000 -1.000000 0.000000
445000 11 S -196.977325 72.027878 -95.061722 1.800000 0.000000 0.000000
445000 12 C -193.927185 70.760231 -94.937706 2.150000 0.000000 0.000000
445000 13 P -195.232819 75.066177 -93.332825 2.110000 -1.000000 0.000000
445000 14 S -192.472443 74.202118 -90.715805 1.800000 0.000000 0.000000
445000 15 G -190.460098 72.491653 -93.052330 2.150000 0.000000 0.000000
445000 16 P -191.708359 77.953690 -90.917732 2.110000 -1.000000 0.000000
445000 17 S -188.165298 79.129189 -90.534935 1.800000 0.000000 0.000000
445000 18 C -187.978897 76.170036 -88.494041 2.150000 0.000000 0.000000
445000 19 P -186.829834 77.376984 -93.737366 2.110000 -1.000000 0.000000
445000 20 S -183.270996 76.663048 -92.238792 1.800000 0.000000 0.000000
445000 21 A -183.331909 74.591354 -89.451347 2.150000 0.000000 0.000000
445000 22 P -182.447540 73.605194 -94.650780 2.110000 -1.000000 0.000000
445000 23 S -180.348068 73.112602 -91.618462 1.800000 0.000000 0.000000
445000 24 A -177.179504 73.890762 -93.023056 2.150000 0.000000 0.000000
445000 25 P -180.255661 69.443726 -92.891243 2.110000 -1.000000 0.000000
445000 26 S -182.937668 68.641716 -90.479919 1.800000 0.000000 0.000000
445000 27 G -185.050568 70.296158 -92.622162 2.150000 0.000000 0.000000
445000 28 P -183.842316 64.896652 -91.838905 2.110000 -1.000000 0.000000
445000 29 S -187.181992 64.647110 -89.942284 1.800000 0.000000 0.000000
445000 30 C -189.587296 66.412277 -91.885323 2.150000 0.000000 0.000000
445000 31 P -187.893646 61.171902 -91.532799 2.110000 -1.000000 0.000000
445000 32 S -191.458694 62.095207 -91.807388 1.800000 0.000000 0.000000
445000 33 C -190.492264 63.926853 -94.559830 2.150000 0.000000 0.000000
445000 34 P -191.885345 59.066662 -94.193802 2.110000 -1.000000 0.000000
445000 35 S -194.756500 60.250206 -96.295341 1.800000 0.000000 0.000000
445000 36 U -192.525955 62.197338 -98.094131 2.150000 0.000000 0.000000
445000 37 P -195.187119 58.102985 -99.451218 2.110000 -1.000000 0.000000
450000 1 P -195.732880 70.731079 -103.480988 2.110000 -1.000000 1.000000
450000 2 S -199.533569 69.462875 -103.351303 1.800000 0.000000 0.000000
450000 3 G -199.500961 67.057045 -100.781944 2.150000 0.000000 0.000000
450000 4 P -200.902969 72.427132 -101.215523 2.110000 -1.000000 0.000000
450000 5 S -203.778000 71.533836 -98.902084 1.800000 0.000000 0.000000
450000 6 G -202.849518 69.380264 -96.642616 2.150000 0.000000 0.000000
450000 7 P -204.081757 74.332962 -96.254601 2.110000 -1.000000 0.000000
450000 8 S -205.734589 72.879829 -93.192154 1.800000 0.000000 0.000000
450000 9 G -203.105331 70.804291 -92.273941 2.150000 0.000000 0.000000
450000 10 P -204.891022 75.628288 -90.517365 2.110000 -1.000000 0.000000
450000 11 S -204.845535 74.542213 -86.889259 1.800000 0.000000 0.000000
450000 12 C -202.317078 72.147316 -87.259148 2.150000 0.000000 0.000000
450000 13 P -202.693237 77.622498 -86.111778 2.110000 -1.000000 0.000000
450000 14 S -199.813583 77.124084 -88.559319 1.800000 0.000000 0.000000
450000 15 G -201.624207 78.242271 -91.320122 2.150000 0.000000 0.000000
450000 16 P -199.017715 80.983887 -88.521400 2.110000 -1.000000 0.000000
450000 17 S -196.089447 80.742195 -86.148010 1.800000 0.000000 0.000000
450000 18 C -194.586426 83.536407 -87.464531 2.150000 0.000000 0.000000
450000 19 P -193.381760 78.653328 -88.316666 2.110000 -1.000000 0.000000
450000 20 S -192.332077 77.425873 -85.115822 1.800000 0.000000 0.000000
450000 21 A -189.859543 79.664124 -85.245041 2.150000 0.000000 0.000000
450000 22 P -190.389862 74.725792 -86.847519 2.110000 -1.000000 0.000000
450000 23 S -189.374176 72.921227 -83.696831 1.800000 0.000000 0.000000
450000 24 A -192.781479 73.288826 -82.752907 2.150000 0.000000 0.000000
450000 25 P -188.723801 69.913063 -85.781052 2.110000 -1.000000 0.000000
450000 26 S -191.168442 67.246674 -84.222969 1.800000 0.000000 0.000000
450000 27 G -194.076797 68.831024 -85.355873 2.150000 0.000000 0.000000
450000 28 P -192.343582 64.257370 -86.258827 2.110000 -1.000000 0.000000
450000 29 S -195.687531 64.356934 -84.556526 1.800000 0.000000 0.000000
450000 30 C -197.038483 65.988922 -87.457504 2.150000 0.000000 0.000000
450000 31 P -197.695541 61.597733 -86.355751 2.110000 -1.000000 0.000000
450000 32 S -201.299347 63.038601 -86.401642 1.800000 0.000000 0.000000
450000 33 C -201.124084 65.519119 -88.706200 2.150000 0.000000 0.000000
450000 34 P -202.470032 60.357162 -88.938789 2.110000 -1.000000 0.000000
450000 35 S -204.808151 62.390842 -90.793732 1.800000 0.000000 0.000000
450000 36 U -202.198318 63.598934 -92.786667 2.150000 0.000000 0.000000
450000 37 P -204.904694 60.032547 -93.951698 2.110000 -1.000000 0.000000
455000 1 P -196.360825 75.627380 -104.377556 2.110000 -1.000000 1.000000
455000 2 S -199.762451 74.355003 -105.503906 1.800000 0.000000 0.000000
455000 3 G -199.954971 71.266258 -103.988701 2.150000 0.000000 0.000000
455000 4 P -200.328171 76.945953 -102.665337 2.110000 -1.000000 0.000000
455000 5 S -203.674576 75.664604 -101.390167 1.800000 0.000000 0.000000
455000 6 G -202.257019 72.784096 -100.059525 2.150000 0.000000 0.000000
455000 7 P -203.245819 78.119385 -98.542435 2.110000 -1.000000 0.000000
455000 8 S -205.079727 76.453659 -95.564537 1.800000 0.000000 0.000000
455000 9 G -202.739594 74.111320 -95.031815 2.150000 0.000000 0.000000
455000 10 P -204.096130 79.624161 -93.365852 2.110000 -1.000000 0.000000
455000 11 S -204.433258 77.148880 -90.433083 1.800000 0.000000 0.000000
455000 12 C -201.078247 76.072632 -90.835960 2.150000 0.000000 0.000000
455000 13 P -203.098801 79.700050 -88.271172 2.110000 -1.000000 0.000000
455000 14 S -201.064651 77.692436 -85.686600 1.800000 0.000000 0.000000
455000 15 G -198.287216 77.178886 -87.689110 2.150000 0.000000 0.000000
455000 16 P -199.205994 80.935585 -84.676483 2.110000 -1.000000 0.000000
455000 17 S -195.746552 79.908844 -83.817017 1.800000 0.000000 0.000000
455000 18 C -197.498657 78.069717 -81.494347 2.150000 0.000000 0.000000
455000 19 P -194.998215 78.072441 -87.088310 2.110000 -1.000000 0.000000
455000 20 S -191.244766 78.193558 -86.207115 1.800000 0.000000 0.000000
455000 21 A -192.052826 76.608879 -83.090103 2.150000 0.000000 0.000000
455000 22 P -190.372833 75.500603 -88.719498 2.110000 -1.000000 0.000000
455000 23 S -189.954544 72.868050 -86.019234 1.800000 0.000000 0.000000
455000 24 A -193.052414 72.397484 -84.504112 2.150000 0.000000 0.000000
455000 25 P -189.405930 69.439476 -87.859825 2.110000 -1.000000 0.000000
455000 26 S -192.863419 67.747299 -87.065178 1.800000 0.000000 0.000000
455000 27 G -194.789520 70.353394 -88.219780 2.150000 0.000000 0.000000
455000 28 P -194.217041 64.713341 -89.176765 2.110000 -1.000000 0.000000
455000 29 S -197.978180 64.972816 -88.752930 1.800000 0.000000 0.000000
455000 30 C -198.223358 67.453186 -90.994286 2.150000 0.000000 0.000000
455000 31 P -199.406921 62.366539 -91.033020 2.110000 -1.000000 0.000000
455000 32 S -202.714050 63.381218 -92.413605 1.800000 0.000000 0.000000
455000 33 C -201.366714 65.942940 -94.182823 2.150000 0.000000 0.000000
455000 34 P -202.466522 60.548859 -95.097015 2.110000 -1.000000 0.000000
455000 35 S -205.176270 62.222908 -97.137695 1.800000 0.000000 0.000000
455000 36 U -204.083832 65.387054 -98.768791 2.150000 0.000000 0.000000
455000 37 P -205.043839 59.986366 -100.305969 2.110000 -1.000000 0.000000
460000 1 P -198.227005 74.601189 -97.760849 2.110000 -1.000000 1.000000
460000 2 S -201.716003 73.045990 -97.732613 1.800000 0.000000 0.000000
460000 3 G -201.086914 70.641151 -95.628792 2.150000 0.000000 0.000000
460000 4 P -202.437439 75.953728 -95.230209 2.110000 -1.000000 0.000000
460000 5 S -204.555725 74.212654 -92.956764 1.800000 0.000000 0.000000
460000 6 G -202.681595 71.891998 -91.187241 2.150000 0.000000 0.000000
460000 7 P -204.670105 76.376595 -89.859688 2.110000 -1.000000 0.000000
460000 8 S -204.701340 74.072273 -86.763176 1.800000 0.000000 0.000000
460000 9 G -201.911346 72.173378 -87.114868 2.150000 0.000000 0.000000
460000 10 P -203.855392 77.110275 -84.700005 2.110000 -1.000000 0.000000
460000 11 S -202.508820 74.999870 -81.849579 1.800000 0.000000 0.000000
460000 12 C -199.411972 73.341873 -82.518799 2.150000 0.000000 0.000000
460000 13 P -200.702728 78.515312 -81.115417 2.110000 -1.000000 0.000000
460000 14 S -197.752121 77.307236 -78.887535 1.800000 0.000000 0.000000
460000 15 G -195.542389 74.980843 -80.488739 2.150000 0.000000 0.000000
460000 16 P -196.497696 80.763611 -80.428169 2.110000 -1.000000 0.000000
460000 17 S -192.912476 80.137589 -82.083405 1.800000 0.000000 0.000000
460000 18 C -191.441177 78.588722 -79.578873 2.150000 0.000000 0.000000
460000 19 P -193.824295 78.298454 -85.118546 2.110000 -1.000000 0.000000
460000 20 S -190.238113 76.877388 -84.660805 1.800000 0.000000 0.000000
460000 21 A -191.924881 75.333542 -82.125977 2.150000 0.000000 0.000000
460000 22 P -190.498398 74.303833 -87.584969 2.110000 -1.000000 0.000000
460000 23 S -187.575058 72.118919 -86.561653 1.800000 0.000000 0.000000
460000 24 A -189.023422 70.245285 -83.982033 2.150000 0.000000 0.000000
460000 25 P -187.797775 69.270767 -89.198097 2.110000 -1.000000 0.000000
460000 26 S -189.538300 67.526459 -86.362816 1.800000 0.000000 0.000000
460000 27 G -192.191299 69.843208 -86.734322 2.150000 0.000000 0.000000
460000 28 P -190.719849 64.268967 -87.899284 2.110000 -1.000000 0.000000
460000 29 S -193.300812 64.237885 -85.189072 1.800000 0.000000 0.000000
460000 30 C -195.424973 66.371254 -86.988983 2.150000 0.000000 0.000000
460000 31 P -194.763519 61.158970 -86.976257 2.110000 -1.000000 0.000000
460000 32 S -198.403763 61.881390 -86.187897 1.800000 0.000000 0.000000
460000 33 C -198.497360 64.358658 -88.530029 2.150000 0.000000 0.000000
460000 34 P -200.109360 59.112049 -88.254089 2.110000 -1.000000 0.000000
460000 35 S -203.266205 61.333294 -88.023743 1.800000 0.000000 0.000000
460000 36 U -201.686218 62.946167 -90.644691 2.150000 0.000000 0.000000
460000 37 P -204.785950 59.395889 -90.533989 2.110000 -1.000000 0.000000
465000 1 P -196.299805 68.832321 -101.428589 2.110000 -1.000000 1.000000
465000 2 S -199.393921 66.747612 -99.859901 1.800000 0.000000 0.000000
465000 3 G -197.422043 65.703659 -97.025963 2.150000 0.000000 0.000000
465000 4 P -201.567551 69.275459 -98.027489 2.110000 -1.000000 0.000000
465000 5 S -202.681870 67.226234 -94.956070 1.800000 0.000000 0.000000
465000 6 G -199.631332 66.420822 -93.624306 2.150000 0.000000 0.000000
465000 7 P -202.800018 70.792145 -93.870628 2.110000 -1.000000 0.000000
465000 8 S -201.539307 70.643456 -90.355057 1.800000 0.000000 0.000000
465000 9 G -197.917267 69.927032 -90.690033 2.150000 0.000000 0.000000
465000 10 P -201.198090 74.650436 -90.619720 2.110000 -1.000000 0.000000
465000 11 S -198.861176 74.556580 -87.608284 1.800000 0.000000 0.000000
465000 12 C -195.810852 73.362320 -88.769707 2.150000 0.000000 0.000000
465000 13 P -197.284454 78.036354 -88.480850 2.110000 -1.000000 0.000000
465000 14 S -193.556213 77.310501 -88.919739 1.800000 0.000000 0.000000
465000 15 G -193.509628 76.254814 -92.009842 2.150000 0.000000 0.000000
465000 16 P -193.260117 80.738716 -90.506721 2.110000 -1.000000 0.000000
465000 17 S -189.479660 81.054092 -89.883163 1.800000 0.000000 0.000000
465000 18 C -190.338577 79.945717 -86.858719 2.150000 0.000000 0.000000
465000 19 P -189.338028 77.853821 -92.170326 2.110000 -1.000000 0.000000
465000 20 S -186.194595 76.240036 -91.150871 1.800000 0.000000 0.000000
465000 21 A -186.588303 76.456482 -87.717323 2.150000 0.000000 0.000000
465000 22 P -187.407120 72.688438 -92.046471 2.110000 -1.000000 0.000000
465000 23 S -184.084259 71.936653 -90.456657 1.800000 0.000000 0.000000
465000 24 A -181.867523 73.022942 -92.823601 2.150000 0.000000 0.000000
465000 25 P -183.839630 68.119331 -90.932587 2.110000 -1.000000 0.000000
465000 26 S -185.341492 67.884224 -87.452629 1.800000 0.000000 0.000000
465000 27 G -188.442398 68.703712 -88.932037 2.150000 0.000000 0.000000
465000 28 P -185.367447 64.123062 -87.530060 2.110000 -1.000000 0.000000
465000 29 S -188.600098 63.422600 -85.770782 1.800000 0.000000 0.000000
465000 30 C -191.399963 64.830719 -87.013405 2.150000 0.000000 0.000000
465000 31 P -189.249496 59.815792 -86.783966 2.110000 -1.000000 0.000000
465000 32 S -193.039337 59.624199 -86.893440 1.800000 0.000000 0.000000
465000 33 C -193.542068 61.836842 -89.570892 2.150000 0.000000 0.000000
465000 34 P -192.557632 56.185532 -88.283226 2.110000 -1.000000 0.000000
465000 35 S -196.020370 55.757214 -89.660690 1.800000 0.000000 0.000000
465000 36 U -195.984344 58.462303 -92.025856 2.150000 0.000000 0.000000
465000 37 P -195.282791 52.982132 -92.033531 2.110000 -1.000000 0.000000
470000 1 P -194.270676 61.581520 -104.609619 2.110000 -1.000000 1.000000
470000 2 S -197.096710 60.992565 -102.171936 1.800000 0.000000 0.000000
470000 3 G -194.802597 60.678322 -99.445343 2.150000 0.000000 0.000000
470000 4 P -197.143280 64.593475 -101.291107 2.110000 -1.000000 0.000000
470000 5 S -199.329697 63.983437 -98.196976 1.800000 0.000000 0.000000
470000 6 G -197.071945 62.975548 -95.492279 2.150000 0.000000 0.000000
470000 7 P -199.198257 67.789787 -97.639359 2.110000 -1.000000 0.000000
470000 8 S -199.276276 67.199379 -93.996719 1.800000 0.000000 0.000000
470000 9 G -195.942154 66.230652 -93.206551 2.150000 0.000000 0.000000
470000 10 P -199.150696 70.885315 -93.396744 2.110000 -1.000000 0.000000
470000 11 S -197.749191 71.813454 -89.960205 1.800000 0.000000 0.000000
470000 12 C -194.575653 70.271591 -90.380249 2.150000 0.000000 0.000000
470000 13 P -197.830338 75.437698 -91.519218 2.110000 -1.000000 0.000000
470000 14 S -194.840179 76.995125 -89.665833 1.800000 0.000000 0.000000
470000 15 G -197.357330 78.584984 -87.707245 2.150000 0.000000 0.000000
470000 16 P -195.115677 79.921516 -92.102058 2.110000 -1.000000 0.000000
470000 17 S -191.277512 80.388916 -92.589813 1.800000 0.000000 0.000000
470000 18 C -193.064041 82.254639 -94.963013 2.150000 0.000000 0.000000
470000 19 P -191.098404 76.970810 -94.260033 2.110000 -1.000000 0.000000
470000 20 S -187.421600 76.416260 -93.392273 1.800000 0.000000 0.000000
470000 21 A -186.642487 76.718849 -96.986298 2.150000 0.000000 0.000000
470000 22 P -185.559692 73.088356 -93.521767 2.110000 -1.000000 0.000000
470000 23 S -181.902481 73.515762 -92.786835 1.800000 0.000000 0.000000
470000 24 A -182.329025 74.832985 -89.548912 2.150000 0.000000 0.000000
470000 25 P -180.986069 69.806671 -92.730118 2.110000 -1.000000 0.000000
470000 26 S -182.377106 69.327667 -89.095650 1.800000 0.000000 0.000000
470000 27 G -185.657196 70.237656 -90.385056 2.150000 0.000000 0.000000
470000 28 P -182.453232 65.567833 -89.877846 2.110000 -1.000000 0.000000
470000 29 S -185.050018 65.459755 -87.057518 1.800000 0.000000 0.000000
470000 30 C -187.644379 66.400528 -89.364571 2.150000 0.000000 0.000000
470000 31 P -186.447891 62.060593 -86.447090 2.110000 -1.000000 0.000000
470000 32 S -189.915405 63.642715 -85.514984 1.800000 0.000000 0.000000
470000 33 C -191.391586 64.156387 -88.648773 2.150000 0.000000 0.000000
470000 34 P -191.275085 60.122738 -85.988197 2.110000 -1.000000 0.000000
470000 35 S -194.943130 60.359222 -87.207550 1.800000 0.000000 0.000000
470000 36 U -194.206161 60.912292 -90.524681 2.150000 0.000000 0.000000
470000 37 P -193.971970 56.830845 -88.055885 2.110000 -1.000000 0.000000
475000 1 P -200.033920 56.274521 -96.296715 2.110000 -1.000000 1.000000
475000 2 S -201.092133 54.862175 -92.963264 1.800000 0.000000 0.000000
475000 3 G -198.130615 56.171177 -91.947433 2.150000 0.000000 0.000000
475000 4 P -202.921402 58.126060 -92.731033 2.110000 -1.000000 0.000000
475000 5 S -203.025711 58.585346 -88.901199 1.800000 0.000000 0.000000
475000 6 G -199.464752 59.244942 -88.088135 2.150000 0.000000 0.000000
475000 7 P -203.962418 62.050182 -90.051712 2.110000 -1.000000 0.000000
475000 8 S -202.562103 63.726810 -86.951416 1.800000 0.000000 0.000000
475000 9 G -199.494690 63.581512 -88.323799 2.150000 0.000000 0.000000
475000 10 P -203.089966 67.016861 -88.674301 2.110000 -1.000000 0.000000
475000 11 S -200.436981 69.514572 -87.416336 1.800000 0.000000 0.000000
475000 12 C -197.090866 68.757385 -87.894196 2.150000 0.000000 0.000000
475000 13 P -201.293716 72.595818 -89.615158 2.110000 -1.000000 0.000000
475000 14 S -197.479782 73.087181 -90.051781 1.800000 0.000000 0.000000
475000 15 G -195.948975 70.477562 -91.500580 2.150000 0.000000 0.000000
475000 16 P -198.972107 75.636627 -92.667213 2.110000 -1.000000 0.000000
475000 17 S -195.811859 76.428825 -94.700836 1.800000 0.000000 0.000000
475000 18 C -197.882248 76.351692 -97.675446 2.150000 0.000000 0.000000
475000 19 P -195.977493 72.696861 -95.318382 2.110000 -1.000000 0.000000
475000 20 S -192.353333 72.195381 -96.413559 1.800000 0.000000 0.000000
475000 21 A -190.440750 73.938301 -93.962303 2.150000 0.000000 0.000000
475000 22 P -190.957520 68.701843 -95.899162 2.110000 -1.000000 0.000000
475000 23 S -187.841553 70.199524 -97.164017 1.800000 0.000000 0.000000
475000 24 A -185.893738 71.166069 -94.423729 2.150000 0.000000 0.000000
475000 25 P -186.348434 66.672707 -96.416924 2.110000 -1.000000 0.000000
475000 26 S -186.512833 67.583832 -92.822739 1.800000 0.000000 0.000000
475000 27 G -189.533813 66.081268 -91.709122 2.150000 0.000000 0.000000
475000 28 P -185.494751 64.781898 -90.693047 2.110000 -1.000000 0.000000
475000 29 S -187.349564 65.786911 -87.499252 1.800000 0.000000 0.000000
475000 30 C -190.598236 64.995926 -87.589500 2.150000 0.000000 0.000000
475000 31 P -186.192200 62.462772 -86.094444 2.110000 -1.000000 0.000000
475000 32 S -188.865906 61.889713 -83.462547 1.800000 0.000000 0.000000
475000 33 C -191.994522 61.635098 -84.747330 2.150000 0.000000 0.000000
475000 34 P -188.196838 58.255642 -82.740028 2.110000 -1.000000 0.000000
475000 35 S -191.839569 58.067879 -81.490517 1.800000 0.000000 0.000000
475000 36 U -193.267899 57.236256 -84.504578 2.150000 0.000000 0.000000
475000 37 P -192.322769 54.412701 -81.076424 2.110000 -1.000000 0.000000
480000 1 P -198.480194 61.316120 -97.637177 2.110000 -1.000000 1.000000
480000 2 S -200.706451 60.504303 -94.617638 1.800000 0.000000 0.000000
480000 3 G -198.500977 62.596027 -92.454788 2.150000 0.000000 0.000000
480000 4 P -202.900711 63.535084 -94.008080 2.110000 -1.000000 0.000000
480000 5 S -203.753174 63.373417 -90.351936 1.800000 0.000000 0.000000
480000 6 G -201.655121 66.149628 -89.704628 2.150000 0.000000 0.000000
480000 7 P -205.659164 66.665382 -90.699570 2.110000 -1.000000 0.000000
480000 8 S -204.359192 68.201340 -87.485275 1.800000 0.000000 0.000000
480000 9 G -201.111465 69.923607 -87.315460 2.150000 0.000000 0.000000
480000 10 P -205.879211 71.183647 -89.373146 2.110000 -1.000000 0.000000
480000 11 S -203.789948 73.965439 -87.766228 1.800000 0.000000 0.000000
480000 12 C -200.811737 73.846199 -88.987785 2.150000 0.000000 0.000000
480000 13 P -204.575073 76.900810 -90.304382 2.110000 -1.000000 0.000000
480000 14 S -201.605576 79.266571 -89.897987 1.800000 0.000000 0.000000
480000 15 G -199.147552 77.165291 -90.967804 2.150000 0.000000 0.000000
480000 16 P -202.605774 80.682770 -93.302048 2.110000 -1.000000 0.000000
480000 17 S -199.397003 81.553780 -94.865524 1.800000 0.000000 0.000000
480000 18 C -201.082581 82.220848 -97.754158 2.150000 0.000000 0.000000
480000 19 P -197.729858 78.271637 -95.967247 2.110000 -1.000000 0.000000
480000 20 S -195.663086 79.174149 -99.107368 1.800000 0.000000 0.000000
480000 21 A -193.607498 81.363129 -96.993523 2.150000 0.000000 0.000000
480000 22 P -194.473404 75.703163 -97.870621 2.110000 -1.000000 0.000000
480000 23 S -190.602249 75.545883 -98.706558 1.800000 0.000000 0.000000
480000 24 A -190.971085 76.507675 -95.644440 2.150000 0.000000 0.000000
480000 25 P -189.283447 72.393761 -96.864143 2.110000 -1.000000 0.000000
480000 26 S -189.341995 74.045662 -93.389114 1.800000 0.000000 0.000000
480000 27 G -192.629288 74.209770 -92.094696 2.150000 0.000000 0.000000
480000 28 P -188.023544 70.852615 -91.464935 2.110000 -1.000000 0.000000
480000 29 S -189.465378 72.784340 -88.454803 1.800000 0.000000 0.000000
480000 30 C -192.484940 71.089798 -89.633423 2.150000 0.000000 0.000000
480000 31 P -188.975845 70.343956 -85.483109 2.110000 -1.000000 0.000000
480000 32 S -192.033722 70.784454 -83.333504 1.800000 0.000000 0.000000
480000 33 C -194.167160 69.154388 -85.277443 2.150000 0.000000 0.000000
480000 34 P -190.170975 67.421104 -82.384872 2.110000 -1.000000 0.000000
480000 35 S -193.293350 65.407280 -81.463196 1.800000 0.000000 0.000000
480000 36 U -195.385834 65.215485 -84.420959 2.150000 0.000000 0.000000
480000 37 P -192.444336 61.670097 -81.367256 2.110000 -1.000000 0.000000
485000 1 P -204.491760 63.057953 -92.426895 2.110000 -1.000000 1.000000
485000 2 S -205.711670 63.492382 -88.581421 1.800000 0.000000 0.000000
485000 3 G -202.915466 65.440186 -87.972839 2.150000 0.000000 0.000000
485000 4 P -207.390915 66.568939 -89.891151 2.110000 -1.000000 0.000000
485000 5 S -207.146255 67.901031 -86.430908 1.800000 0.000000 0.000000
485000 6 G -203.860535 69.322960 -86.591568 2.150000 0.000000 0.000000
485000 7 P -208.294724 70.976608 -88.340096 2.110000 -1.000000 0.000000
485000 8 S -206.416473 73.153152 -85.796738 1.800000 0.000000 0.000000
485000 9 G -203.066254 73.553001 -86.572578 2.150000 0.000000 0.000000
485000 10 P -207.257797 75.945145 -88.073807 2.110000 -1.000000 0.000000
485000 11 S -204.176300 78.066795 -87.709358 1.800000 0.000000 0.000000
485000 12 C -201.545563 76.617256 -89.515068 2.150000 0.000000 0.000000
485000 13 P -205.092819 80.462563 -90.596939 2.110000 -1.000000 0.000000
485000 14 S -202.041946 82.592110 -91.122719 1.800000 0.000000 0.000000
485000 15 G -199.801056 80.273071 -92.641632 2.150000 0.000000 0.000000
485000 16 P -203.520798 82.653229 -94.659424 2.110000 -1.000000 0.000000
485000 17 S -201.112503 82.853699 -97.453667 1.800000 0.000000 0.000000
485000 18 C -198.711090 83.814049 -95.264061 2.150000 0.000000 0.000000
485000 19 P -200.854568 78.920303 -97.519226 2.110000 -1.000000 0.000000
485000 20 S -198.391739 79.239891 -100.532951 1.800000 0.000000 0.000000
485000 21 A -195.581635 80.021790 -98.423256 2.150000 0.000000 0.000000
485000 22 P -197.176147 75.757195 -100.115959 2.110000 -1.000000 0.000000
485000 23 S -193.531296 76.521667 -101.243004 1.800000 0.000000 0.000000
485000 24 A -192.647873 74.891380 -104.181160 2.150000 0.000000 0.000000
485000 25 P -192.211853 73.327469 -99.350815 2.110000 -1.000000 0.000000
485000 26 S -192.354492 76.321556 -97.111778 1.800000 0.000000 0.000000
485000 27 G -195.554718 75.457657 -95.996803 2.150000 0.000000 0.000000
485000 28 P -191.285187 75.818962 -93.420921 2.110000 -1.000000 0.000000
485000 29 S -192.817307 78.407120 -91.077675 1.800000 0.000000 0.000000
485000 30 C -196.192093 76.829231 -91.473305 2.150000 0.000000 0.000000
485000 31 P -192.006393 76.982552 -87.746819 2.110000 -1.000000 0.000000
485000 32 S -195.053223 77.886139 -85.698700 1.800000 0.000000 0.000000
485000 33 C -196.933426 75.527893 -87.433861 2.150000 0.000000 0.000000
485000 34 P -194.911499 75.705788 -82.201935 2.110000 -1.000000 0.000000
485000 35 S -198.528290 74.983154 -82.032166 1.800000 0.000000 0.000000
485000 36 U -198.636703 72.469460 -84.333473 2.150000 0.000000 0.000000
485000 37 P -197.883484 72.671730 -79.281898 2.110000 -1.000000 0.000000
490000 1 P -208.238937 63.411087 -89.712845 2.110000 -1.000000 1.000000
490000 2 S -207.857849 63.193100 -85.963173 1.800000 0.000000 0.000000
490000 3 G -204.754990 65.091698 -86.348610 2.150000 0.000000 0.000000
490000 4 P -210.054092 66.100143 -86.507690 2.110000 -1.000000 0.000000
490000 5 S -208.510162 67.280388 -83.189194 1.800000 0.000000 0.000000
490000 6 G -205.435760 68.275726 -83.864296 2.150000 0.000000 0.000000
490000 7 P -209.254913 71.064293 -83.970535 2.110000 -1.000000 0.000000
490000 8 S -206.672684 73.213547 -82.050385 1.800000 0.000000 0.000000
490000 9 G -203.983368 72.531235 -83.883682 2.150000 0.000000 0.000000
490000 10 P -208.220139 75.854172 -84.395714 2.110000 -1.000000 0.000000
490000 11 S -204.787766 77.589661 -84.561584 1.800000 0.000000 0.000000
490000 12 C -202.759491 75.660576 -86.286415 2.150000 0.000000 0.000000
490000 13 P -206.547455 79.299171 -87.626526 2.110000 -1.000000 0.000000
490000 14 S -203.746185 80.591331 -89.919144 1.800000 0.000000 0.000000
490000 15 G -202.215439 77.798660 -91.122414 2.150000 0.000000 0.000000
490000 16 P -205.485703 82.105209 -92.872612 2.110000 -1.000000 0.000000
490000 17 S -202.426987 81.854965 -95.323486 1.800000 0.000000 0.000000
490000 18 C -202.931778 83.193954 -98.380020 2.150000 0.000000 0.000000
490000 19 P -202.705780 78.155121 -95.684540 2.110000 -1.000000 0.000000
490000 20 S -199.125778 77.839943 -97.045761 1.800000 0.000000 0.000000
490000 21 A -198.439743 78.337082 -93.709572 2.150000 0.000000 0.000000
490000 22 P -197.869263 74.246262 -96.291771 2.110000 -1.000000 0.000000
490000 23 S -197.624954 72.182144 -99.469147 1.800000 0.000000 0.000000
490000 24 A -194.099503 72.614204 -99.691505 2.150000 0.000000 0.000000
490000 25 P -195.853027 69.650513 -97.074974 2.110000 -1.000000 0.000000
490000 26 S -195.022675 72.355156 -94.556305 1.800000 0.000000 0.000000
490000 27 G -197.689499 71.548073 -92.448967 2.150000 0.000000 0.000000
490000 28 P -193.157715 69.861526 -92.302162 2.110000 -1.000000 0.000000
490000 29 S -193.617050 72.279167 -89.350494 1.800000 0.000000 0.000000
490000 30 C -196.608521 70.773499 -88.381622 2.150000 0.000000 0.000000
490000 31 P -192.105148 70.358696 -86.359413 2.110000 -1.000000 0.000000
490000 32 S -194.009048 72.158066 -83.763680 1.800000 0.000000 0.000000
490000 33 C -196.996735 70.623650 -84.612366 2.150000 0.000000 0.000000
490000 34 P -193.188934 70.330498 -80.575912 2.110000 -1.000000 0.000000
490000 35 S -196.514160 70.703468 -78.792221 1.800000 0.000000 0.000000
490000 36 U -198.980148 69.255432 -80.922638 2.150000 0.000000 0.000000
490000 37 P -197.111313 68.335037 -76.128395 2.110000 -1.000000 0.000000
495000 1 P -207.093857 64.166145 -83.122597 2.110000 -1.000000 1.000000
495000 2 S -207.216156 64.702919 -79.375275 1.800000 0.000000 0.000000
495000 3 G -203.901138 65.624649 -78.777435 2.150000 0.000000 0.000000
495000 4 P -208.957886 67.988731 -80.542854 2.110000 -1.000000 0.000000
495000 5 S -207.946335 70.323250 -77.986382 1.800000 0.000000 0.000000
495000 6 G -204.501099 70.764595 -78.866165 2.150000 0.000000 0.000000
495000 7 P -209.418396 73.290245 -79.959160 2.110000 -1.000000 0.000000
495000 8 S -206.764236 75.350174 -78.121445 1.800000 0.000000 0.000000
495000 9 G -203.900269 74.805214 -79.930824 2.150000 0.000000 0.000000
495000 10 P -208.919464 77.686821 -80.541725 2.110000 -1.000000 0.000000
495000 11 S -206.122849 80.372704 -80.825111 1.800000 0.000000 0.000000
495000 12 C -203.674728 78.720779 -82.639435 2.150000 0.000000 0.000000
495000 13 P -208.126282 81.808678 -83.711494 2.110000 -1.000000 0.000000
495000 14 S -205.329269 83.480034 -85.701828 1.800000 0.000000 0.000000
495000 15 G -203.139542 80.494705 -86.283836 2.150000 0.000000 0.000000
495000 16 P -207.596832 83.406380 -88.776657 2.110000 -1.000000 0.000000
495000 17 S -205.046646 82.318596 -91.430008 1.800000 0.000000 0.000000
495000 18 C -202.946869 84.818672 -91.512016 2.150000 0.000000 0.000000
495000 19 P -203.402252 79.181953 -90.623062 2.110000 -1.000000 0.000000
495000 20 S -200.149765 79.247498 -92.693733 1.800000 0.000000 0.000000
495000 21 A -198.365540 82.092346 -91.597488 2.150000 0.000000 0.000000
495000 22 P -199.896606 76.274857 -90.395424 2.110000 -1.000000 0.000000
495000 23 S -197.452148 74.966957 -93.099091 1.800000 0.000000 0.000000
495000 24 A -194.793228 77.037689 -92.922951 2.150000 0.000000 0.000000
495000 25 P -195.287735 72.347031 -91.283783 2.110000 -1.000000 0.000000
495000 26 S -193.920593 74.971352 -89.040031 1.800000 0.000000 0.000000
495000 27 G -196.611557 75.524696 -86.953072 2.150000 0.000000 0.000000
495000 28 P -191.725052 72.769035 -86.763016 2.110000 -1.000000 0.000000
495000 29 S -192.198105 74.684891 -83.545578 1.800000 0.000000 0.000000
495000 30 C -195.686264 73.921432 -83.080978 2.150000 0.000000 0.000000
495000 31 P -190.988342 71.648407 -81.549858 2.110000 -1.000000 0.000000
495000 32 S -192.269196 71.573418 -77.961990 1.800000 0.000000 0.000000
495000 33 C -195.681808 70.908340 -77.982445 2.150000 0.000000 0.000000
495000 34 P -190.344116 68.034286 -77.756149 2.110000 -1.000000 0.000000
495000 35 S -192.551056 66.941284 -74.802643 1.800000 0.000000 0.000000
495000 36 U -195.815430 67.128006 -75.744240 2.150000 0.000000 0.000000
495000 37 P -191.743301 63.334244 -74.933174 2.110000 -1.000000 0.000000
500000 1 P -201.503860 63.400154 -79.825500 2.110000 -1.000000 1.000000
500000 2 S -201.457245 62.195801 -76.161819 1.800000 0.000000 0.000000
500000 3 G -199.063248 64.337929 -74.724686 2.150000 0.000000 0.000000
500000 4 P -204.240463 64.877029 -75.548286 2.110000 -1.000000 0.000000
500000 5 S -204.036591 66.371262 -72.227463 1.800000 0.000000 0.000000
500000 6 G -201.144974 67.822327 -73.139633 2.150000 0.000000 0.000000
500000 7 P -206.393311 68.996964 -73.129288 2.110000 -1.000000 0.000000
500000 8 S -204.552872 71.286392 -70.683784 1.800000 0.000000 0.000000
500000 9 G -201.187744 72.594582 -71.462891 2.150000 0.000000 0.000000
500000 10 P -206.275101 74.350563 -71.909431 2.110000 -1.000000 0.000000
500000 11 S -203.449646 76.619774 -71.246277 1.800000 0.000000 0.000000
500000 12 C -200.744797 76.246513 -73.267113 2.150000 0.000000 0.000000
500000 13 P -205.994217 78.786186 -73.641327 2.110000 -1.000000 0.000000
500000 14 S -203.703201 81.138000 -75.435898 1.800000 0.000000 0.000000
500000 15 G -202.889938 78.438492 -77.546532 2.150000 0.000000 0.000000
500000 16 P -206.946594 81.635124 -77.634865 2.110000 -1.000000 0.000000
500000 17 S -205.189148 81.491829 -80.995445 1.800000 0.000000 0.000000
500000 18 C -208.288986 81.135155 -82.384743 2.150000 0.000000 0.000000
500000 19 P -204.304321 78.006226 -81.924660 2.110000 -1.000000 0.000000
500000 20 S -202.487854 77.955353 -85.283325 1.800000 0.000000 0.000000
500000 21 A -200.947632 80.230812 -83.070068 2.150000 0.000000 0.000000
500000 22 P -201.065231 74.406502 -85.084991 2.110000 -1.000000 0.000000
500000 23 S -197.718842 75.639175 -86.466141 1.800000 0.000000 0.000000
500000 24 A -197.550430 77.419037 -83.719406 2.150000 0.000000 0.000000
500000 25 P -194.740036 73.299347 -85.401489 2.110000 -1.000000 0.000000
500000 26 S -193.359070 75.914673 -82.664101 1.800000 0.000000 0.000000
500000 27 G -195.857956 77.054657 -80.585815 2.150000 0.000000 0.000000
500000 28 P -190.788635 73.924614 -81.101280 2.110000 -1.000000 0.000000
500000 29 S -191.367538 75.820038 -77.790474 1.800000 0.000000 0.000000
500000 30 C -194.135895 74.694351 -75.895538 2.150000 0.000000 0.000000
500000 31 P -189.118820 73.502129 -75.611954 2.110000 -1.000000 0.000000
500000 32 S -190.890701 74.396202 -72.390503 1.800000 0.000000 0.000000
500000 33 C -193.367523 72.157791 -72.166130 2.150000 0.000000 0.000000
500000 34 P -187.875092 72.172752 -72.299767 2.110000 -1.000000 0.000000
500000 35 S -189.241013 69.623383 -69.911316 1.800000 0.000000 0.000000
500000 36 U -190.879272 67.430847 -72.046623 2.150000 0.000000 0.000000
500000 37 P -186.710083 66.892372 -69.165993 2.110000 -1.000000 0.000000
