380000 1 P -195.279160 50.206139 -165.053329 2.110000 -1.000000 1.000000
380000 2 S -198.136063 51.719566 -166.630295 1.800000 0.000000 0.000000
380000 3 G -199.820129 52.719074 -163.736862 2.150000 0.000000 0.000000
380000 4 P -196.035492 54.768929 -167.198563 2.110000 -1.000000 0.000000
380000 5 S -199.062836 56.987350 -166.586960 1.800000 0.000000 0.000000
380000 6 G -198.774048 56.775757 -163.283524 2.150000 0.000000 0.000000
380000 7 P -196.753998 60.022434 -166.304337 2.110000 -1.000000 0.000000
380000 8 S -199.321686 62.496536 -164.840622 1.800000 0.000000 0.000000
380000 9 G -199.206558 60.772919 -161.728607 2.150000 0.000000 0.000000
380000 10 P -195.812531 64.055672 -164.440948 2.110000 -1.000000 0.000000
380000 11 S -197.063644 65.800934 -161.430481 1.800000 0.000000 0.000000
380000 12 C -196.870346 62.876499 -159.484528 2.150000 0.000000 0.000000
380000 13 P -193.421753 66.484383 -160.740051 2.110000 -1.000000 0.000000
380000 14 S -194.282425 68.339584 -157.649368 1.800000 0.000000 0.000000
380000 15 G -195.400101 66.180275 -155.286438 2.150000 0.000000 0.000000
380000 16 P -190.560257 67.396812 -156.995605 2.110000 -1.000000 0.000000
380000 17 S -189.570480 70.476929 -154.854797 1.800000 0.000000 0.000000
380000 18 C -190.374237 69.451469 -151.543274 2.150000 0.000000 0.000000
380000 19 P -187.022034 67.691986 -153.741287 2.110000 -1.000000 0.000000
380000 20 S -189.485229 64.821152 -152.781570 1.800000 0.000000 0.000000
380000 21 A -191.103195 62.791325 -155.141708 2.150000 0.000000 0.000000
380000 22 P -187.873993 62.036507 -150.796204 2.110000 -1.000000 0.000000
380000 23 S -191.055054 62.810364 -148.602982 1.800000 0.000000 0.000000
380000 24 A -192.861908 63.166683 -151.554520 2.150000 0.000000 0.000000
380000 25 P -192.612427 59.592350 -146.915894 2.110000 -1.000000 0.000000
380000 26 S -195.997604 60.757927 -148.109512 1.800000 0.000000 0.000000
380000 27 G -195.308441 59.631035 -151.232849 2.150000 0.000000 0.000000
380000 28 P -198.044357 57.522045 -147.771942 2.110000 -1.000000 0.000000
380000 29 S -200.859039 59.288101 -149.747223 1.800000 0.000000 0.000000
380000 30 C -199.440506 59.542980 -153.070984 2.150000 0.000000 0.000000
380000 31 P -203.022339 56.205311 -149.994034 2.110000 -1.000000 0.000000
380000 32 S -204.822586 58.270321 -152.600449 1.800000 0.000000 0.000000
380000 33 C -202.759293 57.918758 -155.498764 2.150000 0.000000 0.000000
380000 34 P -207.553574 55.797985 -153.126328 2.110000 -1.000000 0.000000
380000 35 S -208.486298 57.473957 -156.481232 1.800000 0.000000 0.000000
380000 36 U -206.067673 56.996216 -158.981644 2.150000 0.000000 0.000000
380000 37 P -210.488205 54.039104 -156.806320 2.110000 -1.000000 0.000000
385000 1 P -188.413406 43.829811 -158.934311 2.110000 -1.000000 1.000000
385000 2 S -191.067749 44.435284 -161.843719 1.800000 0.000000 0.000000
385000 3 G -194.241180 44.607704 -160.399078 2.150000 0.000000 0.000000
385000 4 P -191.416031 48.111954 -162.673584 2.110000 -1.000000 0.000000
385000 5 S -194.951462 49.433502 -163.496414 1.800000 0.000000 0.000000
385000 6 G -196.178467 49.372459 -160.318314 2.150000 0.000000 0.000000
385000 7 P -193.338943 52.842224 -163.066925 2.110000 -1.000000 0.000000
385000 8 S -196.418579 54.719696 -162.016602 1.800000 0.000000 0.000000
385000 9 G -196.289536 53.216702 -158.855469 2.150000 0.000000 0.000000
385000 10 P -193.384781 57.376049 -161.221466 2.110000 -1.000000 0.000000
385000 11 S -195.152557 60.101234 -159.165314 1.800000 0.000000 0.000000
385000 12 C -195.508316 57.254936 -157.120438 2.150000 0.000000 0.000000
385000 13 P -191.215378 61.049538 -158.474106 2.110000 -1.000000 0.000000
385000 14 S -192.243423 62.032211 -154.996658 1.800000 0.000000 0.000000
385000 15 G -192.823975 58.597073 -153.871826 2.150000 0.000000 0.000000
385000 16 P -188.538834 62.382717 -154.090576 2.110000 -1.000000 0.000000
385000 17 S -190.240906 64.102440 -151.247726 1.800000 0.000000 0.000000
385000 18 C -193.623657 63.363037 -151.133545 2.150000 0.000000 0.000000
385000 19 P -189.114883 62.651360 -148.053406 2.110000 -1.000000 0.000000
385000 20 S -192.375076 62.359024 -146.032410 1.800000 0.000000 0.000000
385000 21 A -192.984467 60.226612 -148.689087 2.150000 0.000000 0.000000
385000 22 P -190.885330 59.018135 -144.576935 2.110000 -1.000000 0.000000
385000 23 S -194.546326 57.838676 -145.074539 1.800000 0.000000 0.000000
385000 24 A -196.595978 58.750504 -142.565811 2.150000 0.000000 0.000000
385000 25 P -193.547272 54.090733 -144.174271 2.110000 -1.000000 0.000000
385000 26 S -197.268280 53.757015 -145.023880 1.800000 0.000000 0.000000
385000 27 G -197.148788 54.647030 -148.371658 2.150000 0.000000 0.000000
385000 28 P -197.419479 50.153378 -145.039444 2.110000 -1.000000 0.000000
385000 29 S -200.282822 50.137127 -147.430557 1.800000 0.000000 0.000000
385000 30 C -199.699249 50.299294 -150.892273 2.150000 0.000000 0.000000
385000 31 P -201.421707 46.412937 -147.928223 2.110000 -1.000000 0.000000
385000 32 S -203.720490 46.443657 -151.079910 1.800000 0.000000 0.000000
385000 33 C -202.100555 47.192505 -154.084183 2.150000 0.000000 0.000000
385000 34 P -204.360367 42.580967 -151.359848 2.110000 -1.000000 0.000000
385000 35 S -205.166367 43.522469 -154.993149 1.800000 0.000000 0.000000
385000 36 U -202.091400 43.959648 -156.397552 2.150000 0.000000 0.000000
385000 37 P -204.949524 39.733685 -155.274796 2.110000 -1.000000 0.000000
390000 1 P -193.329559 46.093235 -168.290268 2.110000 -1.000000 1.000000
390000 2 S -196.335480 48.256805 -169.558884 1.800000 0.000000 0.000000
390000 3 G -198.701248 48.604084 -167.009766 2.150000 0.000000 0.000000
390000 4 P -194.449295 51.561333 -168.427048 2.110000 -1.000000 0.000000
390000 5 S -197.959198 52.566277 -167.859085 1.800000 0.000000 0.000000
390000 6 G -198.952423 52.024830 -164.585556 2.150000 0.000000 0.000000
390000 7 P -196.259537 55.876862 -166.838364 2.110000 -1.000000 0.000000
390000 8 S -198.703186 57.726028 -164.431305 1.800000 0.000000 0.000000
390000 9 G -198.990753 55.568024 -161.832703 2.150000 0.000000 0.000000
390000 10 P -196.135544 60.232849 -163.744598 2.110000 -1.000000 0.000000
390000 11 S -197.898102 61.082851 -160.513397 1.800000 0.000000 0.000000
390000 12 C -197.465683 58.355869 -158.570557 2.150000 0.000000 0.000000
390000 13 P -194.588287 62.155804 -159.054810 2.110000 -1.000000 0.000000
390000 14 S -196.030014 61.982571 -155.603912 1.800000 0.000000 0.000000
390000 15 G -196.778336 65.289032 -155.173828 2.150000 0.000000 0.000000
390000 16 P -192.669830 61.712112 -153.837646 2.110000 -1.000000 0.000000
390000 17 S -193.039810 63.279602 -150.149551 1.800000 0.000000 0.000000
390000 18 C -195.838058 61.490948 -151.127777 2.150000 0.000000 0.000000
390000 19 P -189.646927 61.505131 -150.966431 2.110000 -1.000000 0.000000
390000 20 S -191.007690 59.751835 -147.840485 1.800000 0.000000 0.000000
390000 21 A -193.881332 58.769085 -149.375687 2.150000 0.000000 0.000000
390000 22 P -189.334488 56.501080 -148.486679 2.110000 -1.000000 0.000000
390000 23 S -192.590378 54.672180 -147.608200 1.800000 0.000000 0.000000
390000 24 A -193.968216 55.103256 -150.810104 2.150000 0.000000 0.000000
390000 25 P -192.439514 51.102779 -148.609924 2.110000 -1.000000 0.000000
390000 26 S -196.087967 50.860687 -149.283279 1.800000 0.000000 0.000000
390000 27 G -197.427612 52.864193 -151.737579 2.150000 0.000000 0.000000
390000 28 P -198.524170 48.192947 -150.199982 2.110000 -1.000000 0.000000
390000 29 S -201.566864 50.277473 -151.285507 1.800000 0.000000 0.000000
390000 30 C -199.734924 51.162056 -154.005066 2.150000 0.000000 0.000000
390000 31 P -202.806366 46.832539 -152.237335 2.110000 -1.000000 0.000000
390000 32 S -205.184296 48.268105 -154.916977 1.800000 0.000000 0.000000
390000 33 C -202.899643 48.906063 -157.456543 2.150000 0.000000 0.000000
390000 34 P -205.391815 44.711430 -155.813065 2.110000 -1.000000 0.000000
390000 35 S -207.096375 46.107414 -158.814056 1.800000 0.000000 0.000000
390000 36 U -205.083878 47.804028 -161.032715 2.150000 0.000000 0.000000
390000 37 P -207.010468 42.793453 -161.281525 2.110000 -1.000000 0.000000
395000 1 P -192.752258 51.431381 -167.033524 2.110000 -1.000000 1.000000
395000 2 S -195.780273 52.700188 -168.774353 1.800000 0.000000 0.000000
395000 3 G -197.706039 51.792782 -166.041702 2.150000 0.000000 0.000000
395000 4 P -195.162354 56.516327 -168.574768 2.110000 -1.000000 0.000000
395000 5 S -198.794266 57.579723 -168.495087 1.800000 0.000000 0.000000
395000 6 G -199.241089 57.033993 -164.987000 2.150000 0.000000 0.000000
395000 7 P -197.771622 60.648945 -166.959778 2.110000 -1.000000 0.000000
395000 8 S -200.867874 62.216324 -165.218750 1.800000 0.000000 0.000000
395000 9 G -199.823120 60.320145 -162.526794 2.150000 0.000000 0.000000
395000 10 P -197.927887 64.219093 -163.468994 2.110000 -1.000000 0.000000
395000 11 S -200.169159 66.018105 -160.967194 1.800000 0.000000 0.000000
395000 12 C -200.911560 63.100380 -158.947647 2.150000 0.000000 0.000000
395000 13 P -197.547470 67.187508 -158.648682 2.110000 -1.000000 0.000000
395000 14 S -199.250076 68.143433 -155.486191 1.800000 0.000000 0.000000
395000 15 G -200.033234 65.313133 -153.668655 2.150000 0.000000 0.000000
395000 16 P -195.469208 67.587273 -154.990936 2.110000 -1.000000 0.000000
395000 17 S -195.190125 68.859253 -151.384827 1.800000 0.000000 0.000000
395000 18 C -198.096329 66.932419 -150.389450 2.150000 0.000000 0.000000
395000 19 P -192.457352 66.235397 -151.992767 2.110000 -1.000000 0.000000
395000 20 S -193.128708 65.106201 -148.590836 1.800000 0.000000 0.000000
395000 21 A -190.927155 67.733330 -147.493042 2.150000 0.000000 0.000000
395000 22 P -191.684174 61.538979 -148.033356 2.110000 -1.000000 0.000000
395000 23 S -195.132919 61.168606 -146.660110 1.800000 0.000000 0.000000
395000 24 A -196.032837 61.982868 -150.007492 2.150000 0.000000 0.000000
395000 25 P -194.252701 57.865799 -147.745468 2.110000 -1.000000 0.000000
395000 26 S -198.008911 57.804047 -148.135330 1.800000 0.000000 0.000000
395000 27 G -199.478088 60.256969 -150.131729 2.150000 0.000000 0.000000
395000 28 P -200.208908 54.953094 -149.543381 2.110000 -1.000000 0.000000
395000 29 S -203.157822 56.751396 -151.286743 1.800000 0.000000 0.000000
395000 30 C -201.104446 58.110222 -153.821640 2.150000 0.000000 0.000000
395000 31 P -205.529755 54.094215 -152.965790 2.110000 -1.000000 0.000000
395000 32 S -207.416046 56.279972 -155.591415 1.800000 0.000000 0.000000
395000 33 C -205.175781 57.269249 -158.350815 2.150000 0.000000 0.000000
395000 34 P -208.696899 53.004421 -157.309448 2.110000 -1.000000 0.000000
395000 35 S -208.731064 54.252419 -160.898788 1.800000 0.000000 0.000000
395000 36 U -205.504837 54.440689 -162.085999 2.150000 0.000000 0.000000
395000 37 P -209.748108 50.566566 -161.691391 2.110000 -1.000000 0.000000
400000 1 P -202.413834 48.092636 -168.150681 2.110000 -1.000000 1.000000
400000 2 S -204.807404 50.129204 -170.343369 1.800000 0.000000 0.000000
400000 3 G -207.629166 51.061184 -168.561951 2.150000 0.000000 0.000000
400000 4 P -202.956757 53.372913 -170.219803 2.110000 -1.000000 0.000000
400000 5 S -205.343826 56.289173 -170.936096 1.800000 0.000000 0.000000
400000 6 G -207.626450 56.691921 -168.261703 2.150000 0.000000 0.000000
400000 7 P -202.954239 58.626991 -169.880920 2.110000 -1.000000 0.000000
400000 8 S -205.165833 61.597412 -168.756592 1.800000 0.000000 0.000000
400000 9 G -205.403931 60.155437 -165.607544 2.150000 0.000000 0.000000
400000 10 P -202.533569 63.791874 -167.197159 2.110000 -1.000000 0.000000
400000 11 S -204.026703 65.667702 -164.152008 1.800000 0.000000 0.000000
400000 12 C -204.285416 62.670521 -162.397690 2.150000 0.000000 0.000000
400000 13 P -199.990082 65.661179 -163.594406 2.110000 -1.000000 0.000000
400000 14 S -200.101028 67.035301 -160.126160 1.800000 0.000000 0.000000
400000 15 G -200.754440 64.524605 -157.913910 2.150000 0.000000 0.000000
400000 16 P -196.381607 66.560539 -159.516403 2.110000 -1.000000 0.000000
400000 17 S -196.635147 66.532570 -155.656494 1.800000 0.000000 0.000000
400000 18 C -193.441788 68.253716 -154.587585 2.150000 0.000000 0.000000
400000 19 P -194.926056 63.000793 -154.773148 2.110000 -1.000000 0.000000
400000 20 S -195.636780 61.945332 -151.146851 1.800000 0.000000 0.000000
400000 21 A -198.640625 62.751266 -152.879074 2.150000 0.000000 0.000000
400000 22 P -195.853455 58.261471 -152.285522 2.110000 -1.000000 0.000000
400000 23 S -198.809280 57.983391 -149.997253 1.800000 0.000000 0.000000
400000 24 A -201.149826 60.305096 -150.968033 2.150000 0.000000 0.000000
400000 25 P -200.637115 55.012505 -151.348358 2.110000 -1.000000 0.000000
400000 26 S -203.865875 57.110847 -151.296097 1.800000 0.000000 0.000000
400000 27 G -203.542679 59.127003 -154.051041 2.150000 0.000000 0.000000
400000 28 P -207.100296 55.336605 -152.403412 2.110000 -1.000000 0.000000
400000 29 S -207.807861 58.788834 -153.569046 1.800000 0.000000 0.000000
400000 30 C -206.336807 58.171780 -156.742172 2.150000 0.000000 0.000000
400000 31 P -211.500458 57.564247 -154.704330 2.110000 -1.000000 0.000000
400000 32 S -211.776245 60.178848 -157.372879 1.800000 0.000000 0.000000
400000 33 C -209.179367 59.181568 -159.467392 2.150000 0.000000 0.000000
400000 34 P -214.488998 58.622986 -159.411209 2.110000 -1.000000 0.000000
400000 35 S -214.070068 59.512775 -162.978302 1.800000 0.000000 0.000000
400000 36 U -211.363983 58.181049 -164.533539 2.150000 0.000000 0.000000
400000 37 P -216.447830 56.726192 -163.650116 2.110000 -1.000000 0.000000
405000 1 P -201.122437 52.841618 -169.718948 2.110000 -1.000000 1.000000
405000 2 S -202.684067 56.006596 -171.142670 1.800000 0.000000 0.000000
405000 3 G -204.155807 57.635056 -168.338226 2.150000 0.000000 0.000000
405000 4 P -199.649063 58.144165 -170.065109 2.110000 -1.000000 0.000000
405000 5 S -201.078751 61.574707 -168.893387 1.800000 0.000000 0.000000
405000 6 G -203.285522 61.986996 -166.133911 2.150000 0.000000 0.000000
405000 7 P -198.310760 63.176838 -167.324707 2.110000 -1.000000 0.000000
405000 8 S -199.535370 65.305771 -164.532196 1.800000 0.000000 0.000000
405000 9 G -200.171249 63.327259 -161.742874 2.150000 0.000000 0.000000
405000 10 P -195.760284 65.773148 -163.289886 2.110000 -1.000000 0.000000
405000 11 S -196.266266 67.129524 -159.707275 1.800000 0.000000 0.000000
405000 12 C -197.842865 64.420280 -158.321823 2.150000 0.000000 0.000000
405000 13 P -192.485474 65.913269 -159.777588 2.110000 -1.000000 0.000000
405000 14 S -192.082047 64.957596 -156.227936 1.800000 0.000000 0.000000
405000 15 G -193.757645 62.332211 -157.491516 2.150000 0.000000 0.000000
405000 16 P -188.881424 62.875824 -155.948242 2.110000 -1.000000 0.000000
405000 17 S -191.545441 60.188370 -155.254791 1.800000 0.000000 0.000000
405000 18 C -192.847321 60.595875 -151.991150 2.150000 0.000000 0.000000
405000 19 P -190.425751 56.390232 -154.956024 2.110000 -1.000000 0.000000
405000 20 S -188.961960 55.493446 -151.452148 1.800000 0.000000 0.000000
405000 21 A -191.959061 57.018700 -149.894150 2.150000 0.000000 0.000000
405000 22 P -191.052231 52.520687 -153.067566 2.110000 -1.000000 0.000000
405000 23 S -194.379654 53.499649 -151.665497 1.800000 0.000000 0.000000
405000 24 A -194.210022 56.590721 -153.367035 2.150000 0.000000 0.000000
405000 25 P -197.739670 51.843132 -152.659576 2.110000 -1.000000 0.000000
405000 26 S -199.810379 54.581322 -151.288193 1.800000 0.000000 0.000000
405000 27 G -199.698090 57.108616 -153.547241 2.150000 0.000000 0.000000
405000 28 P -203.477310 53.473946 -152.334991 2.110000 -1.000000 0.000000
405000 29 S -204.871338 56.930092 -152.529358 1.800000 0.000000 0.000000
405000 30 C -203.268555 57.556801 -155.677139 2.150000 0.000000 0.000000
405000 31 P -208.239349 57.001736 -153.960464 2.110000 -1.000000 0.000000
405000 32 S -209.076736 60.376274 -155.590347 1.800000 0.000000 0.000000
405000 33 C -207.846191 59.501053 -158.788757 2.150000 0.000000 0.000000
405000 34 P -212.433380 58.877502 -157.028458 2.110000 -1.000000 0.000000
405000 35 S -212.703918 61.158722 -160.123276 1.800000 0.000000 0.000000
405000 36 U -209.946960 60.009792 -162.282471 2.150000 0.000000 0.000000
405000 37 P -215.783951 60.217026 -162.400909 2.110000 -1.000000 0.000000
410000 1 P -191.647507 48.703850 -165.059448 2.110000 -1.000000 1.000000
410000 2 S -193.048019 51.527100 -167.137024 1.800000 0.000000 0.000000
410000 3 G -195.514664 52.093483 -164.614120 2.150000 0.000000 0.000000
410000 4 P -190.903824 54.707748 -166.097504 2.110000 -1.000000 0.000000
410000 5 S -194.022736 56.985813 -166.013626 1.800000 0.000000 0.000000
410000 6 G -194.854263 55.658428 -162.863327 2.150000 0.000000 0.000000
410000 7 P -191.342621 59.730198 -164.822952 2.110000 -1.000000 0.000000
410000 8 S -193.743271 62.064507 -163.061905 1.800000 0.000000 0.000000
410000 9 G -194.015411 60.154484 -160.363297 2.150000 0.000000 0.000000
410000 10 P -189.989182 62.644558 -162.183502 2.110000 -1.000000 0.000000
410000 11 S -190.469788 63.406055 -158.576553 1.800000 0.000000 0.000000
410000 12 C -190.950073 60.084869 -157.576431 2.150000 0.000000 0.000000
410000 13 P -187.125305 62.367306 -159.595612 2.110000 -1.000000 0.000000
410000 14 S -185.954849 60.709103 -156.456772 1.800000 0.000000 0.000000
410000 15 G -188.349808 58.609123 -155.546783 2.150000 0.000000 0.000000
410000 16 P -183.253281 58.187183 -157.253784 2.110000 -1.000000 0.000000
410000 17 S -185.069153 57.348503 -153.861694 1.800000 0.000000 0.000000
410000 18 C -181.893250 56.424953 -152.684418 2.150000 0.000000 0.000000
410000 19 P -185.253830 53.565262 -153.925751 2.110000 -1.000000 0.000000
410000 20 S -184.438812 53.737350 -150.114136 1.800000 0.000000 0.000000
410000 21 A -186.430862 56.146660 -148.610016 2.150000 0.000000 0.000000
410000 22 P -186.430710 50.461330 -150.324066 2.110000 -1.000000 0.000000
410000 23 S -189.527603 52.383045 -149.298584 1.800000 0.000000 0.000000
410000 24 A -189.182434 53.577717 -146.151169 2.150000 0.000000 0.000000
410000 25 P -191.887161 49.195255 -149.006271 2.110000 -1.000000 0.000000
410000 26 S -193.846024 52.495384 -148.861694 1.800000 0.000000 0.000000
410000 27 G -192.819427 54.111401 -151.748840 2.150000 0.000000 0.000000
410000 28 P -197.673904 51.722385 -149.502029 2.110000 -1.000000 0.000000
410000 29 S -198.683929 55.334984 -149.910309 1.800000 0.000000 0.000000
410000 30 C -197.174728 55.353832 -153.101654 2.150000 0.000000 0.000000
410000 31 P -202.190048 54.879456 -151.209106 2.110000 -1.000000 0.000000
410000 32 S -202.298599 57.908649 -153.430801 1.800000 0.000000 0.000000
410000 33 C -199.966171 56.992470 -155.753265 2.150000 0.000000 0.000000
410000 34 P -204.949097 56.648746 -155.649033 2.110000 -1.000000 0.000000
410000 35 S -203.938461 58.544083 -158.866669 1.800000 0.000000 0.000000
410000 36 U -201.761139 56.843655 -160.632843 2.150000 0.000000 0.000000
410000 37 P -206.469208 56.249722 -160.496780 2.110000 -1.000000 0.000000
415000 1 P -191.855515 58.222767 -170.920868 2.110000 -1.000000 1.000000
415000 2 S -194.191360 61.167255 -171.424957 1.800000 0.000000 0.000000
415000 3 G -195.697617 61.127300 -168.268570 2.150000 0.000000 0.000000
415000 4 P -191.199722 63.352280 -170.742584 2.110000 -1.000000 0.000000
415000 5 S -193.368637 66.082535 -169.216965 1.800000 0.000000 0.000000
415000 6 G -193.847778 64.095261 -166.390198 2.150000 0.000000 0.000000
415000 7 P -189.660507 67.309883 -168.482101 2.110000 -1.000000 0.000000
415000 8 S -190.658218 68.469688 -164.981888 1.800000 0.000000 0.000000
415000 9 G -190.938492 65.363281 -163.238708 2.150000 0.000000 0.000000
415000 10 P -186.966583 68.860046 -163.863693 2.110000 -1.000000 0.000000
415000 11 S -186.946548 67.120972 -160.447937 1.800000 0.000000 0.000000
415000 12 C -187.592850 63.832581 -161.059494 2.150000 0.000000 0.000000
415000 13 P -183.296783 66.661339 -159.993057 2.110000 -1.000000 0.000000
415000 14 S -184.040802 63.007225 -159.683395 1.800000 0.000000 0.000000
415000 15 G -183.944855 64.131477 -156.550873 2.150000 0.000000 0.000000
415000 16 P -180.637924 61.132755 -159.963837 2.110000 -1.000000 0.000000
415000 17 S -183.089981 58.423779 -159.225677 1.800000 0.000000 0.000000
415000 18 C -184.434052 59.871845 -156.514923 2.150000 0.000000 0.000000
415000 19 P -184.783997 57.341892 -162.203781 2.110000 -1.000000 0.000000
415000 20 S -187.322083 56.511005 -159.472122 1.800000 0.000000 0.000000
415000 21 A -185.618423 53.374374 -158.997360 2.150000 0.000000 0.000000
415000 22 P -191.007736 55.160114 -160.328247 2.110000 -1.000000 0.000000
415000 23 S -191.203598 51.647373 -158.565262 1.800000 0.000000 0.000000
415000 24 A -190.779541 53.120728 -155.407288 2.150000 0.000000 0.000000
415000 25 P -194.832596 52.543369 -158.226456 2.110000 -1.000000 0.000000
415000 26 S -195.507874 55.844151 -156.417374 1.800000 0.000000 0.000000
415000 27 G -193.909470 57.688332 -158.788864 2.150000 0.000000 0.000000
415000 28 P -199.157898 55.592594 -157.410858 2.110000 -1.000000 0.000000
415000 29 S -199.559280 59.307705 -156.342834 1.800000 0.000000 0.000000
415000 30 C -197.927170 61.692009 -158.393753 2.150000 0.000000 0.000000
415000 31 P -203.117203 59.002983 -157.228836 2.110000 -1.000000 0.000000
415000 32 S -203.639130 62.245243 -159.069275 1.800000 0.000000 0.000000
415000 33 C -202.052765 61.575302 -162.256332 2.150000 0.000000 0.000000
415000 34 P -207.240540 61.194618 -160.056564 2.110000 -1.000000 0.000000
415000 35 S -207.211273 62.521210 -163.744476 1.800000 0.000000 0.000000
415000 36 U -204.518600 60.635380 -164.856430 2.150000 0.000000 0.000000
415000 37 P -210.135925 60.221008 -164.367783 2.110000 -1.000000 0.000000
420000 1 P -195.846436 47.604969 -173.818634 2.110000 -1.000000 1.000000
420000 2 S -197.698807 50.678741 -174.992294 1.800000 0.000000 0.000000
420000 3 G -200.259445 50.801086 -172.967300 2.150000 0.000000 0.000000
420000 4 P -195.134262 53.080719 -173.899460 2.110000 -1.000000 0.000000
420000 5 S -197.500687 56.048378 -173.275665 1.800000 0.000000 0.000000
420000 6 G -199.864914 54.681637 -171.069565 2.150000 0.000000 0.000000
420000 7 P -194.602249 57.415695 -171.201035 2.110000 -1.000000 0.000000
420000 8 S -195.416275 58.943264 -167.864227 1.800000 0.000000 0.000000
420000 9 G -196.307327 56.025517 -166.283813 2.150000 0.000000 0.000000
420000 10 P -191.560486 59.076702 -167.717575 2.110000 -1.000000 0.000000
420000 11 S -191.163345 59.654705 -163.750259 1.800000 0.000000 0.000000
420000 12 C -193.122375 56.704155 -163.372665 2.150000 0.000000 0.000000
420000 13 P -187.223892 59.172676 -163.243042 2.110000 -1.000000 0.000000
420000 14 S -188.224640 57.823620 -159.790543 1.800000 0.000000 0.000000
420000 15 G -190.045059 55.122772 -161.234085 2.150000 0.000000 0.000000
420000 16 P -184.963974 56.642933 -159.283203 2.110000 -1.000000 0.000000
420000 17 S -186.285034 54.277977 -156.666367 1.800000 0.000000 0.000000
420000 18 C -188.793274 56.358479 -156.377609 2.150000 0.000000 0.000000
420000 19 P -188.093307 51.707142 -158.966064 2.110000 -1.000000 0.000000
420000 20 S -191.089005 50.589222 -156.780701 1.800000 0.000000 0.000000
420000 21 A -192.367737 53.415928 -155.536224 2.150000 0.000000 0.000000
420000 22 P -194.161514 48.858124 -158.161026 2.110000 -1.000000 0.000000
420000 23 S -193.767181 45.497948 -156.198517 1.800000 0.000000 0.000000
420000 24 A -192.719040 43.666363 -158.934692 2.150000 0.000000 0.000000
420000 25 P -197.555267 45.151424 -157.526154 2.110000 -1.000000 0.000000
420000 26 S -198.710510 48.471848 -156.310287 1.800000 0.000000 0.000000
420000 27 G -198.168518 50.664028 -159.259918 2.150000 0.000000 0.000000
420000 28 P -202.299088 47.600098 -157.211319 2.110000 -1.000000 0.000000
420000 29 S -203.725113 50.901375 -158.415497 1.800000 0.000000 0.000000
420000 30 C -202.326965 51.263741 -161.656662 2.150000 0.000000 0.000000
420000 31 P -206.842133 49.864727 -159.854721 2.110000 -1.000000 0.000000
420000 32 S -207.722290 52.795586 -161.876556 1.800000 0.000000 0.000000
420000 33 C -205.098587 52.201904 -164.242706 2.150000 0.000000 0.000000
420000 34 P -210.792389 51.404221 -163.581619 2.110000 -1.000000 0.000000
420000 35 S -210.088516 53.901794 -166.415497 1.800000 0.000000 0.000000
420000 36 U -207.398499 52.021961 -167.743271 2.150000 0.000000 0.000000
420000 37 P -213.164154 52.220493 -168.449432 2.110000 -1.000000 0.000000
425000 1 P -201.365616 47.846203 -175.564362 2.110000 -1.000000 1.000000
425000 2 S -202.929535 51.388313 -175.601242 1.800000 0.000000 0.000000
425000 3 G -204.254349 50.897129 -172.388168 2.150000 0.000000 0.000000
425000 4 P -200.231918 54.182293 -175.357056 2.110000 -1.000000 0.000000
425000 5 S -201.956390 57.187336 -173.908112 1.800000 0.000000 0.000000
425000 6 G -202.811569 56.225037 -170.662994 2.150000 0.000000 0.000000
425000 7 P -198.161575 57.875046 -173.630493 2.110000 -1.000000 0.000000
425000 8 S -197.803299 59.716255 -170.244598 1.800000 0.000000 0.000000
425000 9 G -198.588287 57.365498 -167.879852 2.150000 0.000000 0.000000
425000 10 P -193.838303 60.125484 -169.564331 2.110000 -1.000000 0.000000
425000 11 S -194.153976 60.466408 -165.752365 1.800000 0.000000 0.000000
425000 12 C -195.371048 57.166187 -165.672882 2.150000 0.000000 0.000000
425000 13 P -190.531143 59.849159 -164.738647 2.110000 -1.000000 0.000000
425000 14 S -191.008316 56.853237 -162.761261 1.800000 0.000000 0.000000
425000 15 G -191.407791 54.968597 -165.669449 2.150000 0.000000 0.000000
425000 16 P -187.067062 55.373772 -162.497894 2.110000 -1.000000 0.000000
425000 17 S -188.463196 52.193119 -160.752518 1.800000 0.000000 0.000000
425000 18 C -189.458588 53.956200 -157.896362 2.150000 0.000000 0.000000
425000 19 P -191.536102 51.836582 -162.913651 2.110000 -1.000000 0.000000
425000 20 S -192.843750 50.178093 -159.547653 1.800000 0.000000 0.000000
425000 21 A -190.903503 47.465332 -159.825729 2.150000 0.000000 0.000000
425000 22 P -196.259933 48.642262 -160.709274 2.110000 -1.000000 0.000000
425000 23 S -196.592972 45.057667 -161.854980 1.800000 0.000000 0.000000
425000 24 A -196.191711 43.177406 -159.077408 2.150000 0.000000 0.000000
425000 25 P -200.539429 45.293205 -161.173111 2.110000 -1.000000 0.000000
425000 26 S -200.495255 48.367046 -159.235107 1.800000 0.000000 0.000000
425000 27 G -199.977890 51.041546 -161.375290 2.150000 0.000000 0.000000
425000 28 P -204.137833 48.122620 -159.190292 2.110000 -1.000000 0.000000
425000 29 S -204.752670 51.801334 -158.716217 1.800000 0.000000 0.000000
425000 30 C -204.207443 53.914257 -161.652283 2.150000 0.000000 0.000000
425000 31 P -208.617462 51.856083 -158.836929 2.110000 -1.000000 0.000000
425000 32 S -209.849121 54.225029 -161.527847 1.800000 0.000000 0.000000
425000 33 C -208.127136 52.914608 -164.288742 2.150000 0.000000 0.000000
425000 34 P -212.925705 51.803989 -161.799881 2.110000 -1.000000 0.000000
425000 35 S -213.904663 53.032692 -165.260681 1.800000 0.000000 0.000000
425000 36 U -211.021530 51.598454 -166.518860 2.150000 0.000000 0.000000
425000 37 P -215.442230 49.576893 -164.649643 2.110000 -1.000000 0.000000
430000 1 P -208.552414 56.002331 -178.500015 2.110000 -1.000000 1.000000
430000 2 S -208.837372 59.795330 -177.811661 1.800000 0.000000 0.000000
430000 3 G -208.973373 59.856083 -174.312408 2.150000 0.000000 0.000000
430000 4 P -205.341156 60.774654 -178.270966 2.110000 -1.000000 0.000000
430000 5 S -205.880219 63.448601 -175.560043 1.800000 0.000000 0.000000
430000 6 G -205.778107 62.770771 -172.232361 2.150000 0.000000 0.000000
430000 7 P -202.176407 64.025620 -174.749680 2.110000 -1.000000 0.000000
430000 8 S -201.897827 65.097908 -171.175919 1.800000 0.000000 0.000000
430000 9 G -202.796722 61.941269 -169.825317 2.150000 0.000000 0.000000
430000 10 P -198.277527 64.338554 -172.417160 2.110000 -1.000000 0.000000
430000 11 S -197.587585 63.202736 -168.794937 1.800000 0.000000 0.000000
430000 12 C -199.144394 60.238579 -167.601456 2.150000 0.000000 0.000000
430000 13 P -194.135483 61.738174 -169.421722 2.110000 -1.000000 0.000000
430000 14 S -194.347885 59.288425 -166.564941 1.800000 0.000000 0.000000
430000 15 G -196.475510 57.598095 -168.881424 2.150000 0.000000 0.000000
430000 16 P -191.379059 57.139740 -167.717896 2.110000 -1.000000 0.000000
430000 17 S -192.771393 54.721672 -165.042206 1.800000 0.000000 0.000000
430000 18 C -190.114136 52.855457 -166.221344 2.150000 0.000000 0.000000
430000 19 P -194.969482 53.374077 -167.587631 2.110000 -1.000000 0.000000
430000 20 S -197.649170 52.953144 -165.088333 1.800000 0.000000 0.000000
430000 21 A -198.042557 56.398102 -165.036636 2.150000 0.000000 0.000000
430000 22 P -201.133911 52.158405 -166.650726 2.110000 -1.000000 0.000000
430000 23 S -201.371964 48.521500 -165.377869 1.800000 0.000000 0.000000
430000 24 A -201.260620 49.016548 -161.946808 2.150000 0.000000 0.000000
430000 25 P -205.193192 47.707687 -165.633209 2.110000 -1.000000 0.000000
430000 26 S -205.914993 50.934784 -163.480026 1.800000 0.000000 0.000000
430000 27 G -204.072311 53.541096 -164.893692 2.150000 0.000000 0.000000
430000 28 P -209.635529 51.548103 -163.472214 2.110000 -1.000000 0.000000
430000 29 S -208.910675 54.878361 -161.638016 1.800000 0.000000 0.000000
430000 30 C -207.820450 56.358170 -164.811920 2.150000 0.000000 0.000000
430000 31 P -212.357697 56.327473 -161.668274 2.110000 -1.000000 0.000000
430000 32 S -210.886169 59.921204 -162.056717 1.800000 0.000000 0.000000
430000 33 C -210.636810 59.053509 -165.501740 2.150000 0.000000 0.000000
430000 34 P -214.650833 60.249615 -161.956757 2.110000 -1.000000 0.000000
430000 35 S -214.087555 63.410736 -164.114807 1.800000 0.000000 0.000000
430000 36 U -214.115402 61.464935 -167.205643 2.150000 0.000000 0.000000
430000 37 P -217.956741 64.066444 -164.874405 2.110000 -1.000000 0.000000
435000 1 P -215.593597 48.004780 -180.971924 2.110000 -1.000000 1.000000
435000 2 S -215.302551 51.662514 -180.466187 1.800000 0.000000 0.000000
435000 3 G -216.446472 53.280792 -177.346466 2.150000 0.000000 0.000000
435000 4 P -211.546219 52.830551 -180.405014 2.110000 -1.000000 0.000000
435000 5 S -212.122238 55.633717 -177.811417 1.800000 0.000000 0.000000
435000 6 G -212.696686 53.049461 -175.719086 2.150000 0.000000 0.000000
435000 7 P -208.352341 56.706139 -176.833710 2.110000 -1.000000 0.000000
435000 8 S -208.242142 57.954304 -173.196243 1.800000 0.000000 0.000000
435000 9 G -209.212875 55.565693 -170.767548 2.150000 0.000000 0.000000
435000 10 P -204.490875 57.806835 -173.268585 2.110000 -1.000000 0.000000
435000 11 S -203.329208 56.609921 -169.795212 1.800000 0.000000 0.000000
435000 12 C -205.330627 53.825821 -169.835373 2.150000 0.000000 0.000000
435000 13 P -200.278107 55.514248 -171.596680 2.110000 -1.000000 0.000000
435000 14 S -198.826080 52.629311 -169.555389 1.800000 0.000000 0.000000
435000 15 G -201.699905 51.059784 -170.446228 2.150000 0.000000 0.000000
435000 16 P -196.336456 51.424774 -172.314392 2.110000 -1.000000 0.000000
435000 17 S -197.238449 47.829407 -172.222626 1.800000 0.000000 0.000000
435000 18 C -197.286087 47.364796 -168.697098 2.150000 0.000000 0.000000
435000 19 P -201.021225 47.807499 -173.024597 2.110000 -1.000000 0.000000
435000 20 S -201.519608 44.368149 -171.425980 1.800000 0.000000 0.000000
435000 21 A -200.973343 45.581078 -168.243515 2.150000 0.000000 0.000000
435000 22 P -205.178879 44.756420 -170.782349 2.110000 -1.000000 0.000000
435000 23 S -205.123917 40.944065 -170.719315 1.800000 0.000000 0.000000
435000 24 A -205.162750 40.361374 -174.210281 2.150000 0.000000 0.000000
435000 25 P -208.409836 40.141090 -168.565445 2.110000 -1.000000 0.000000
435000 26 S -208.660004 42.657692 -165.870804 1.800000 0.000000 0.000000
435000 27 G -208.709946 45.445332 -168.080414 2.150000 0.000000 0.000000
435000 28 P -212.456467 42.886047 -165.603821 2.110000 -1.000000 0.000000
435000 29 S -211.585815 46.077503 -163.477829 1.800000 0.000000 0.000000
435000 30 C -210.953522 48.559265 -165.872849 2.150000 0.000000 0.000000
435000 31 P -215.322937 47.313267 -163.241989 2.110000 -1.000000 0.000000
435000 32 S -215.029190 51.133675 -163.634430 1.800000 0.000000 0.000000
435000 33 C -214.552612 50.166550 -167.071838 2.150000 0.000000 0.000000
435000 34 P -218.691940 51.317177 -163.906128 2.110000 -1.000000 0.000000
435000 35 S -219.394440 54.439144 -165.987946 1.800000 0.000000 0.000000
435000 36 U -219.002701 52.520092 -168.694626 2.150000 0.000000 0.000000
435000 37 P -223.143311 54.112598 -166.237930 2.110000 -1.000000 0.000000
440000 1 P -213.949295 51.376530 -186.877487 2.110000 -1.000000 1.000000
440000 2 S -216.413116 54.120804 -185.612534 1.800000 0.000000 0.000000
440000 3 G -216.132919 53.492722 -182.295364 2.150000 0.000000 0.000000
440000 4 P -212.981339 55.909653 -185.561279 2.110000 -1.000000 0.000000
440000 5 S -213.849518 58.018375 -182.549957 1.800000 0.000000 0.000000
440000 6 G -214.280319 56.129444 -179.690674 2.150000 0.000000 0.000000
440000 7 P -209.805359 58.347965 -182.534409 2.110000 -1.000000 0.000000
440000 8 S -209.155548 59.116550 -178.812302 1.800000 0.000000 0.000000
440000 9 G -209.711868 56.051010 -177.567184 2.150000 0.000000 0.000000
440000 10 P -205.701340 58.658466 -180.352798 2.110000 -1.000000 0.000000
440000 11 S -204.409485 57.445515 -176.910141 1.800000 0.000000 0.000000
440000 12 C -205.565140 54.116497 -177.057068 2.150000 0.000000 0.000000
440000 13 P -200.723953 56.511127 -177.823288 2.110000 -1.000000 0.000000
440000 14 S -200.692017 53.575306 -175.348663 1.800000 0.000000 0.000000
440000 15 G -201.839859 51.074730 -177.218567 2.150000 0.000000 0.000000
440000 16 P -197.365005 52.335560 -177.050385 2.110000 -1.000000 0.000000
440000 17 S -197.214203 48.606915 -176.422150 1.800000 0.000000 0.000000
440000 18 C -199.050385 48.923344 -173.341232 2.150000 0.000000 0.000000
440000 19 P -199.966293 47.418377 -178.809525 2.110000 -1.000000 0.000000
440000 20 S -200.706223 44.176914 -176.801910 1.800000 0.000000 0.000000
440000 21 A -202.105103 43.559326 -173.475983 2.150000 0.000000 0.000000
440000 22 P -203.751556 43.096355 -178.525131 2.110000 -1.000000 0.000000
440000 23 S -204.671280 41.060528 -175.545090 1.800000 0.000000 0.000000
440000 24 A -202.927307 38.224506 -177.197845 2.150000 0.000000 0.000000
440000 25 P -208.446411 40.513058 -176.031540 2.110000 -1.000000 0.000000
440000 26 S -208.266785 42.999195 -173.089661 1.800000 0.000000 0.000000
440000 27 G -207.584671 45.645096 -175.203171 2.150000 0.000000 0.000000
440000 28 P -212.030426 43.432831 -172.804413 2.110000 -1.000000 0.000000
440000 29 S -210.981827 46.090775 -170.245514 1.800000 0.000000 0.000000
440000 30 C -209.555191 48.364014 -172.660522 2.150000 0.000000 0.000000
440000 31 P -213.593170 48.363632 -168.507202 2.110000 -1.000000 0.000000
440000 32 S -210.700394 50.809666 -169.161682 1.800000 0.000000 0.000000
440000 33 C -211.712463 52.376904 -172.116943 2.150000 0.000000 0.000000
440000 34 P -214.199799 52.745628 -168.441376 2.110000 -1.000000 0.000000
440000 35 S -214.019180 55.827457 -170.395004 1.800000 0.000000 0.000000
440000 36 U -215.045914 54.893402 -173.401367 2.150000 0.000000 0.000000
440000 37 P -217.679031 55.441387 -169.466568 2.110000 -1.000000 0.000000
445000 1 P -208.771515 37.565533 -179.898056 2.110000 -1.000000 1.000000
445000 2 S -210.772369 39.394520 -182.710876 1.800000 0.000000 0.000000
445000 3 G -213.488144 40.516365 -180.689301 2.150000 0.000000 0.000000
445000 4 P -208.830795 42.503880 -182.949188 2.110000 -1.000000 0.000000
445000 5 S -211.434387 45.288147 -183.022644 1.800000 0.000000 0.000000
445000 6 G -212.136398 44.877232 -179.675781 2.150000 0.000000 0.000000
445000 7 P -208.220795 46.879684 -182.593658 2.110000 -1.000000 0.000000
445000 8 S -208.945236 50.384563 -180.975021 1.800000 0.000000 0.000000
445000 9 G -209.797623 48.820679 -177.823975 2.150000 0.000000 0.000000
445000 10 P -205.515137 51.009907 -180.125626 2.110000 -1.000000 0.000000
445000 11 S -206.762741 52.773434 -176.979507 1.800000 0.000000 0.000000
445000 12 C -207.747604 50.339352 -174.706024 2.150000 0.000000 0.000000
445000 13 P -202.993011 52.682587 -176.521820 2.110000 -1.000000 0.000000
445000 14 S -202.975708 51.810749 -172.779709 1.800000 0.000000 0.000000
445000 15 G -203.926941 48.487053 -173.715881 2.150000 0.000000 0.000000
445000 16 P -199.204041 51.204384 -173.213516 2.110000 -1.000000 0.000000
445000 17 S -199.482697 48.470619 -170.658646 1.800000 0.000000 0.000000
445000 18 C -201.961441 49.868469 -168.605820 2.150000 0.000000 0.000000
445000 19 P -201.472397 45.449883 -171.433701 2.110000 -1.000000 0.000000
445000 20 S -201.052994 43.873478 -168.056915 1.800000 0.000000 0.000000
445000 21 A -202.060974 46.531033 -165.931091 2.150000 0.000000 0.000000
445000 22 P -203.860672 41.677631 -168.769821 2.110000 -1.000000 0.000000
445000 23 S -203.719666 41.678120 -164.890900 1.800000 0.000000 0.000000
445000 24 A -203.178558 38.284904 -165.095078 2.150000 0.000000 0.000000
445000 25 P -207.514236 40.721111 -164.837646 2.110000 -1.000000 0.000000
445000 26 S -208.088440 44.481346 -164.352158 1.800000 0.000000 0.000000
445000 27 G -207.919052 45.098400 -167.640961 2.150000 0.000000 0.000000
445000 28 P -211.953201 44.662975 -164.727463 2.110000 -1.000000 0.000000
445000 29 S -213.133240 47.858875 -166.381058 1.800000 0.000000 0.000000
445000 30 C -212.838837 47.129974 -169.776794 2.150000 0.000000 0.000000
445000 31 P -216.701416 46.411961 -166.814209 2.110000 -1.000000 0.000000
445000 32 S -218.496674 48.208248 -169.627579 1.800000 0.000000 0.000000
445000 33 C -216.161804 48.063580 -172.160431 2.150000 0.000000 0.000000
445000 34 P -221.528473 46.195072 -170.590347 2.110000 -1.000000 0.000000
445000 35 S -221.110184 47.582325 -174.189667 1.800000 0.000000 0.000000
445000 36 U -218.295547 45.638866 -175.251083 2.150000 0.000000 0.000000
445000 37 P -223.381439 45.177383 -176.049698 2.110000 -1.000000 0.000000
450000 1 P -211.299881 35.092403 -180.023453 2.110000 -1.000000 1.000000
450000 2 S -212.472763 37.048973 -183.043488 1.800000 0.000000 0.000000
450000 3 G -215.493668 38.171906 -181.636414 2.150000 0.000000 0.000000
450000 4 P -210.020432 39.628712 -182.663391 2.110000 -1.000000 0.000000
450000 5 S -211.869064 42.783302 -182.837204 1.800000 0.000000 0.000000
450000 6 G -212.815552 41.943237 -179.760468 2.150000 0.000000 0.000000
450000 7 P -209.093521 45.369293 -182.065933 2.110000 -1.000000 0.000000
450000 8 S -210.546097 48.275505 -179.909683 1.800000 0.000000 0.000000
450000 9 G -212.248978 47.357174 -177.042130 2.150000 0.000000 0.000000
450000 10 P -206.974121 49.589973 -179.002213 2.110000 -1.000000 0.000000
450000 11 S -208.193039 51.283684 -175.725296 1.800000 0.000000 0.000000
450000 12 C -208.422821 48.164108 -174.356949 2.150000 0.000000 0.000000
450000 13 P -204.622345 51.848251 -174.213196 2.110000 -1.000000 0.000000
450000 14 S -205.239105 52.016003 -170.358490 1.800000 0.000000 0.000000
450000 15 G -206.283005 48.733482 -170.755600 2.150000 0.000000 0.000000
450000 16 P -201.488571 51.109978 -170.860657 2.110000 -1.000000 0.000000
450000 17 S -201.680267 48.140858 -168.470444 1.800000 0.000000 0.000000
450000 18 C -198.482117 46.477062 -168.091736 2.150000 0.000000 0.000000
450000 19 P -203.524170 45.626690 -170.553757 2.110000 -1.000000 0.000000
450000 20 S -203.951691 43.874981 -167.160706 1.800000 0.000000 0.000000
450000 21 A -205.685562 45.469994 -164.416946 2.150000 0.000000 0.000000
450000 22 P -207.115356 41.801003 -167.738022 2.110000 -1.000000 0.000000
450000 23 S -206.788818 39.067760 -164.950134 1.800000 0.000000 0.000000
450000 24 A -207.412170 40.903240 -162.021622 2.150000 0.000000 0.000000
450000 25 P -210.175842 37.866920 -165.433197 2.110000 -1.000000 0.000000
450000 26 S -211.795715 41.139343 -164.731979 1.800000 0.000000 0.000000
450000 27 G -211.327637 42.385788 -167.877960 2.150000 0.000000 0.000000
450000 28 P -215.386261 40.218990 -165.570084 2.110000 -1.000000 0.000000
450000 29 S -217.047714 43.542820 -166.748749 1.800000 0.000000 0.000000
450000 30 C -215.109161 42.927959 -169.446533 2.150000 0.000000 0.000000
450000 31 P -220.458878 42.881683 -167.925903 2.110000 -1.000000 0.000000
450000 32 S -220.431046 45.660812 -170.526337 1.800000 0.000000 0.000000
450000 33 C -218.615387 43.324791 -172.734009 2.150000 0.000000 0.000000
450000 34 P -223.461060 44.554600 -172.520172 2.110000 -1.000000 0.000000
450000 35 S -222.936035 46.419216 -175.873169 1.800000 0.000000 0.000000
450000 36 U -221.140137 44.180534 -177.571106 2.150000 0.000000 0.000000
450000 37 P -225.959427 44.418411 -176.662872 2.110000 -1.000000 0.000000
455000 1 P -212.664200 26.012270 -189.696396 2.110000 -1.000000 1.000000
455000 2 S -214.513351 29.221069 -188.992065 1.800000 0.000000 0.000000
455000 3 G -216.093323 29.280569 -185.592056 2.150000 0.000000 0.000000
455000 4 P -211.861481 31.949572 -188.475052 2.110000 -1.000000 0.000000
455000 5 S -214.088409 34.669056 -186.951233 1.800000 0.000000 0.000000
455000 6 G -214.823227 32.545822 -183.881592 2.150000 0.000000 0.000000
455000 7 P -210.550659 36.017380 -186.501938 2.110000 -1.000000 0.000000
455000 8 S -211.844025 38.286728 -183.796722 1.800000 0.000000 0.000000
455000 9 G -211.903488 35.986782 -181.278091 2.150000 0.000000 0.000000
455000 10 P -208.064072 39.186371 -183.434113 2.110000 -1.000000 0.000000
455000 11 S -208.535110 41.280033 -180.279358 1.800000 0.000000 0.000000
455000 12 C -209.180649 39.837952 -177.281860 2.150000 0.000000 0.000000
455000 13 P -204.993011 41.875019 -178.844070 2.110000 -1.000000 0.000000
455000 14 S -206.008270 41.008167 -175.250565 1.800000 0.000000 0.000000
455000 15 G -205.729630 37.787914 -176.470184 2.150000 0.000000 0.000000
455000 16 P -202.023178 41.342392 -174.742325 2.110000 -1.000000 0.000000
455000 17 S -201.029877 39.197048 -171.597336 1.800000 0.000000 0.000000
455000 18 C -203.765564 39.628342 -169.448761 2.150000 0.000000 0.000000
455000 19 P -202.377182 35.512142 -172.016342 2.110000 -1.000000 0.000000
455000 20 S -201.328049 34.019604 -168.616653 1.800000 0.000000 0.000000
455000 21 A -203.905594 36.071583 -167.166031 2.150000 0.000000 0.000000
455000 22 P -203.705139 31.785551 -170.212723 2.110000 -1.000000 0.000000
455000 23 S -205.428619 30.811682 -166.893326 1.800000 0.000000 0.000000
455000 24 A -207.145966 33.805115 -166.345184 2.150000 0.000000 0.000000
455000 25 P -208.758011 29.298569 -168.119858 2.110000 -1.000000 0.000000
455000 26 S -210.611801 32.713394 -167.364075 1.800000 0.000000 0.000000
455000 27 G -209.436066 34.282242 -170.277451 2.150000 0.000000 0.000000
455000 28 P -214.026932 30.984123 -168.317215 2.110000 -1.000000 0.000000
455000 29 S -216.389816 33.364826 -170.319397 1.800000 0.000000 0.000000
455000 30 C -213.801285 34.056786 -172.660980 2.150000 0.000000 0.000000
455000 31 P -218.679016 30.277420 -170.809769 2.110000 -1.000000 0.000000
455000 32 S -221.018753 30.746988 -173.573029 1.800000 0.000000 0.000000
455000 33 C -219.083115 30.768419 -176.368118 2.150000 0.000000 0.000000
455000 34 P -223.111969 27.505470 -173.946304 2.110000 -1.000000 0.000000
455000 35 S -224.872040 28.335384 -177.214417 1.800000 0.000000 0.000000
455000 36 U -221.963226 27.802286 -178.894241 2.150000 0.000000 0.000000
455000 37 P -226.573669 25.031763 -178.730942 2.110000 -1.000000 0.000000
460000 1 P -209.918274 26.035965 -183.458679 2.110000 -1.000000 1.000000
460000 2 S -212.101929 28.758995 -185.361633 1.800000 0.000000 0.000000
460000 3 G -214.042740 29.927402 -182.663605 2.150000 0.000000 0.000000
460000 4 P -209.743530 31.957310 -184.720932 2.110000 -1.000000 0.000000
460000 5 S -212.215652 34.590637 -183.781845 1.800000 0.000000 0.000000
460000 6 G -212.555557 33.579243 -180.624741 2.150000 0.000000 0.000000
460000 7 P -209.547287 36.947281 -182.493500 2.110000 -1.000000 0.000000
460000 8 S -211.788208 38.526394 -179.740662 1.800000 0.000000 0.000000
460000 9 G -213.030502 36.014038 -177.540649 2.150000 0.000000 0.000000
460000 10 P -208.122589 39.452660 -179.171127 2.110000 -1.000000 0.000000
460000 11 S -208.934921 39.815361 -175.495193 1.800000 0.000000 0.000000
460000 12 C -208.464371 36.269184 -175.640228 2.150000 0.000000 0.000000
460000 13 P -205.063553 40.031536 -175.173370 2.110000 -1.000000 0.000000
460000 14 S -204.867249 38.945103 -171.531708 1.800000 0.000000 0.000000
460000 15 G -205.458252 35.576340 -170.607025 2.150000 0.000000 0.000000
460000 16 P -201.376663 38.985744 -172.767395 2.110000 -1.000000 0.000000
460000 17 S -199.666611 37.353077 -169.899231 1.800000 0.000000 0.000000
460000 18 C -200.675323 37.196926 -166.691574 2.150000 0.000000 0.000000
460000 19 P -201.375504 34.337437 -171.445084 2.110000 -1.000000 0.000000
460000 20 S -200.672256 31.535711 -169.208160 1.800000 0.000000 0.000000
460000 21 A -203.178665 33.043957 -167.303238 2.150000 0.000000 0.000000
460000 22 P -203.802170 29.177179 -170.256073 2.110000 -1.000000 0.000000
460000 23 S -203.376846 25.759174 -168.713913 1.800000 0.000000 0.000000
460000 24 A -202.966324 25.925478 -165.271454 2.150000 0.000000 0.000000
460000 25 P -206.876251 24.386559 -168.492340 2.110000 -1.000000 0.000000
460000 26 S -208.701126 27.635214 -167.105942 1.800000 0.000000 0.000000
460000 27 G -208.078522 29.472601 -169.790115 2.150000 0.000000 0.000000
460000 28 P -212.224731 26.360783 -167.843369 2.110000 -1.000000 0.000000
460000 29 S -214.594131 29.280895 -167.793549 1.800000 0.000000 0.000000
460000 30 C -213.184906 31.036087 -170.400925 2.150000 0.000000 0.000000
460000 31 P -218.188370 29.223118 -169.232483 2.110000 -1.000000 0.000000
460000 32 S -218.404877 32.798744 -170.080429 1.800000 0.000000 0.000000
460000 33 C -216.592972 31.876991 -172.890121 2.150000 0.000000 0.000000
460000 34 P -221.753448 31.300650 -171.490585 2.110000 -1.000000 0.000000
460000 35 S -222.146347 33.613087 -174.522263 1.800000 0.000000 0.000000
460000 36 U -219.967041 31.303635 -176.399216 2.150000 0.000000 0.000000
460000 37 P -224.919006 31.635443 -176.844772 2.110000 -1.000000 0.000000
465000 1 P -207.061981 31.024258 -187.973297 2.110000 -1.000000 1.000000
465000 2 S -210.199020 33.059582 -188.047134 1.800000 0.000000 0.000000
465000 3 G -211.466019 31.645849 -184.858429 2.150000 0.000000 0.000000
465000 4 P -207.688217 35.717846 -187.430786 2.110000 -1.000000 0.000000
465000 5 S -210.452194 37.657173 -185.416794 1.800000 0.000000 0.000000
465000 6 G -210.790161 35.569199 -182.571899 2.150000 0.000000 0.000000
465000 7 P -207.287720 39.487309 -184.217865 2.110000 -1.000000 0.000000
465000 8 S -208.565720 40.948727 -181.067413 1.800000 0.000000 0.000000
465000 9 G -210.104935 38.175354 -179.522400 2.150000 0.000000 0.000000
465000 10 P -204.826233 41.404797 -180.599060 2.110000 -1.000000 0.000000
465000 11 S -205.271027 40.537819 -176.853149 1.800000 0.000000 0.000000
465000 12 C -206.067719 37.066921 -177.653290 2.150000 0.000000 0.000000
465000 13 P -201.640625 40.362774 -177.424301 2.110000 -1.000000 0.000000
465000 14 S -201.671387 36.888641 -175.619492 1.800000 0.000000 0.000000
465000 15 G -200.492371 36.698624 -172.126724 2.150000 0.000000 0.000000
465000 16 P -198.315109 36.258015 -177.473129 2.110000 -1.000000 0.000000
465000 17 S -197.756058 34.319427 -174.122147 1.800000 0.000000 0.000000
465000 18 C -194.620331 32.962292 -175.071762 2.150000 0.000000 0.000000
465000 19 P -200.048477 31.431152 -175.504089 2.110000 -1.000000 0.000000
465000 20 S -199.393784 29.296974 -172.533707 1.800000 0.000000 0.000000
465000 21 A -201.202850 31.368208 -170.352921 2.150000 0.000000 0.000000
465000 22 P -202.473770 26.976812 -173.247101 2.110000 -1.000000 0.000000
465000 23 S -203.046722 26.178680 -169.565002 1.800000 0.000000 0.000000
465000 24 A -200.907028 24.035660 -171.075623 2.150000 0.000000 0.000000
465000 25 P -206.214722 24.756088 -171.069092 2.110000 -1.000000 0.000000
465000 26 S -207.752609 27.985147 -169.410904 1.800000 0.000000 0.000000
465000 27 G -207.173798 30.225313 -171.909378 2.150000 0.000000 0.000000
465000 28 P -211.304657 27.347086 -171.016953 2.110000 -1.000000 0.000000
465000 29 S -211.583206 30.832773 -169.659592 1.800000 0.000000 0.000000
465000 30 C -210.928406 32.407917 -172.808426 2.150000 0.000000 0.000000
465000 31 P -215.016098 29.680653 -170.884781 2.110000 -1.000000 0.000000
465000 32 S -215.925247 33.302555 -171.724823 1.800000 0.000000 0.000000
465000 33 C -213.985489 33.800720 -174.693832 2.150000 0.000000 0.000000
465000 34 P -218.311081 31.049242 -172.872910 2.110000 -1.000000 0.000000
465000 35 S -219.314377 33.412086 -175.775040 1.800000 0.000000 0.000000
465000 36 U -216.694107 32.749355 -177.953629 2.150000 0.000000 0.000000
465000 37 P -220.770737 30.591473 -178.014648 2.110000 -1.000000 0.000000
470000 1 P -208.486313 29.251204 -187.554108 2.110000 -1.000000 1.000000
470000 2 S -210.807846 31.662239 -189.482712 1.800000 0.000000 0.000000
470000 3 G -212.632034 32.394405 -186.736420 2.150000 0.000000 0.000000
470000 4 P -208.359802 34.522411 -188.757843 2.110000 -1.000000 0.000000
470000 5 S -210.509384 37.265945 -187.087814 1.800000 0.000000 0.000000
470000 6 G -210.743378 35.958931 -183.889572 2.150000 0.000000 0.000000
470000 7 P -207.244400 38.689903 -185.744446 2.110000 -1.000000 0.000000
470000 8 S -208.916321 40.217846 -182.810730 1.800000 0.000000 0.000000
470000 9 G -209.070496 38.152977 -179.881027 2.150000 0.000000 0.000000
470000 10 P -205.352463 40.933392 -182.062775 2.110000 -1.000000 0.000000
470000 11 S -206.015381 40.868820 -178.402725 1.800000 0.000000 0.000000
470000 12 C -205.507385 37.533684 -177.329346 2.150000 0.000000 0.000000
470000 13 P -202.004196 40.944130 -178.370224 2.110000 -1.000000 0.000000
470000 14 S -201.498978 38.262814 -175.838776 1.800000 0.000000 0.000000
470000 15 G -202.013123 35.866737 -178.533035 2.150000 0.000000 0.000000
470000 16 P -197.814789 37.530178 -175.557526 2.110000 -1.000000 0.000000
470000 17 S -198.117218 33.864735 -174.955414 1.800000 0.000000 0.000000
470000 18 C -200.184082 34.154850 -172.296173 2.150000 0.000000 0.000000
470000 19 P -200.286179 32.304848 -177.836975 2.110000 -1.000000 0.000000
470000 20 S -200.840347 29.600813 -175.355148 1.800000 0.000000 0.000000
470000 21 A -203.520844 32.042412 -174.449600 2.150000 0.000000 0.000000
470000 22 P -203.813156 27.199944 -176.159958 2.110000 -1.000000 0.000000
470000 23 S -203.742630 27.016039 -172.367691 1.800000 0.000000 0.000000
470000 24 A -204.584839 29.751894 -170.234985 2.150000 0.000000 0.000000
470000 25 P -207.383347 25.442827 -172.403778 2.110000 -1.000000 0.000000
470000 26 S -209.851135 28.158068 -170.698273 1.800000 0.000000 0.000000
470000 27 G -208.963028 29.918558 -173.641174 2.150000 0.000000 0.000000
470000 28 P -213.265717 27.452736 -172.349503 2.110000 -1.000000 0.000000
470000 29 S -214.354477 31.066957 -171.871185 1.800000 0.000000 0.000000
470000 30 C -212.270523 31.921860 -174.453522 2.150000 0.000000 0.000000
470000 31 P -217.711777 30.224056 -173.525406 2.110000 -1.000000 0.000000
470000 32 S -218.127243 33.808514 -174.558075 1.800000 0.000000 0.000000
470000 33 C -216.054428 33.198631 -177.364578 2.150000 0.000000 0.000000
470000 34 P -221.718704 33.918026 -176.150986 2.110000 -1.000000 0.000000
470000 35 S -220.781265 36.381493 -178.872528 1.800000 0.000000 0.000000
470000 36 U -219.203918 34.199478 -180.979599 2.150000 0.000000 0.000000
470000 37 P -223.574356 35.795128 -181.387070 2.110000 -1.000000 0.000000
475000 1 P -203.699051 23.864641 -189.686707 2.110000 -1.000000 1.000000
475000 2 S -205.749985 26.806898 -190.939697 1.800000 0.000000 0.000000
475000 3 G -208.288528 27.075542 -188.746780 2.150000 0.000000 0.000000
475000 4 P -202.635956 28.971609 -190.249390 2.110000 -1.000000 0.000000
475000 5 S -204.440216 32.335869 -190.160629 1.800000 0.000000 0.000000
475000 6 G -205.805313 30.964357 -187.152618 2.150000 0.000000 0.000000
475000 7 P -201.441544 34.240372 -188.824753 2.110000 -1.000000 0.000000
475000 8 S -203.112366 36.663273 -186.472168 1.800000 0.000000 0.000000
475000 9 G -203.720520 34.209042 -184.019165 2.150000 0.000000 0.000000
475000 10 P -199.866043 38.036388 -184.970917 2.110000 -1.000000 0.000000
475000 11 S -201.179413 38.243217 -181.377808 1.800000 0.000000 0.000000
475000 12 C -201.978928 34.899670 -180.510025 2.150000 0.000000 0.000000
475000 13 P -197.529541 38.123268 -180.655472 2.110000 -1.000000 0.000000
475000 14 S -198.474380 36.465782 -177.439758 1.800000 0.000000 0.000000
475000 15 G -198.825302 33.474369 -179.205338 2.150000 0.000000 0.000000
475000 16 P -194.665695 36.081818 -177.168106 2.110000 -1.000000 0.000000
475000 17 S -194.621765 32.358032 -175.794312 1.800000 0.000000 0.000000
475000 18 C -197.569534 32.691727 -173.973511 2.150000 0.000000 0.000000
475000 19 P -196.846725 30.055994 -177.928665 2.110000 -1.000000 0.000000
475000 20 S -196.021133 26.372185 -177.175522 1.800000 0.000000 0.000000
475000 21 A -197.411774 25.096430 -174.107727 2.150000 0.000000 0.000000
475000 22 P -198.977249 25.722731 -179.435822 2.110000 -1.000000 0.000000
475000 23 S -199.665527 22.760056 -176.944504 1.800000 0.000000 0.000000
475000 24 A -198.901260 20.385326 -179.152176 2.150000 0.000000 0.000000
475000 25 P -203.420700 21.926228 -176.233078 2.110000 -1.000000 0.000000
475000 26 S -203.190674 24.898417 -173.935135 1.800000 0.000000 0.000000
475000 27 G -202.683609 27.027109 -176.651489 2.150000 0.000000 0.000000
475000 28 P -206.734924 25.191334 -173.711136 2.110000 -1.000000 0.000000
475000 29 S -206.617813 29.014605 -173.698090 1.800000 0.000000 0.000000
475000 30 C -206.308411 29.439137 -176.974121 2.150000 0.000000 0.000000
475000 31 P -210.520187 29.109188 -174.166077 2.110000 -1.000000 0.000000
475000 32 S -210.883347 32.498016 -175.953781 1.800000 0.000000 0.000000
475000 33 C -209.837326 32.070587 -179.131119 2.150000 0.000000 0.000000
475000 34 P -214.534393 31.473387 -176.858017 2.110000 -1.000000 0.000000
475000 35 S -215.388519 32.091228 -180.457489 1.800000 0.000000 0.000000
475000 36 U -212.500183 30.745392 -181.771790 2.150000 0.000000 0.000000
475000 37 P -218.427216 30.248205 -181.963501 2.110000 -1.000000 0.000000
480000 1 P -199.429123 17.022369 -188.276520 2.110000 -1.000000 1.000000
480000 2 S -201.422501 20.093634 -189.704514 1.800000 0.000000 0.000000
480000 3 G -203.607346 20.347124 -186.952881 2.150000 0.000000 0.000000
480000 4 P -198.335922 22.259315 -188.988586 2.110000 -1.000000 0.000000
480000 5 S -200.455658 25.665857 -189.156250 1.800000 0.000000 0.000000
480000 6 G -203.066147 25.121359 -186.671173 2.150000 0.000000 0.000000
480000 7 P -197.124924 27.000238 -187.893906 2.110000 -1.000000 0.000000
480000 8 S -198.940201 29.368454 -185.593201 1.800000 0.000000 0.000000
480000 9 G -200.573700 27.139046 -183.645767 2.150000 0.000000 0.000000
480000 10 P -195.682556 30.085440 -183.631729 2.110000 -1.000000 0.000000
480000 11 S -197.208664 30.803802 -180.364288 1.800000 0.000000 0.000000
480000 12 C -197.018753 27.404335 -179.699081 2.150000 0.000000 0.000000
480000 13 P -193.786011 30.832769 -179.280869 2.110000 -1.000000 0.000000
480000 14 S -194.085953 30.664135 -175.595276 1.800000 0.000000 0.000000
480000 15 G -193.814346 27.433088 -177.112274 2.150000 0.000000 0.000000
480000 16 P -190.637680 30.522530 -174.310928 2.110000 -1.000000 0.000000
480000 17 S -191.030945 27.732254 -171.678238 1.800000 0.000000 0.000000
480000 18 C -194.017105 29.527683 -170.648834 2.150000 0.000000 0.000000
480000 19 P -192.905609 25.123102 -173.602127 2.110000 -1.000000 0.000000
480000 20 S -192.063568 22.197060 -171.142822 1.800000 0.000000 0.000000
480000 21 A -194.407898 22.485680 -168.680435 2.150000 0.000000 0.000000
480000 22 P -194.926941 20.665899 -173.466446 2.110000 -1.000000 0.000000
480000 23 S -196.463898 17.997782 -171.095352 1.800000 0.000000 0.000000
480000 24 A -197.840378 20.135576 -168.786072 2.150000 0.000000 0.000000
480000 25 P -199.584305 16.255180 -172.539474 2.110000 -1.000000 0.000000
480000 26 S -201.133530 19.632147 -171.532425 1.800000 0.000000 0.000000
480000 27 G -200.382431 20.419813 -174.884735 2.150000 0.000000 0.000000
480000 28 P -204.758118 19.877361 -172.625534 2.110000 -1.000000 0.000000
480000 29 S -204.175339 23.735819 -172.293564 1.800000 0.000000 0.000000
480000 30 C -202.722824 23.794270 -175.599533 2.150000 0.000000 0.000000
480000 31 P -207.807663 23.665638 -173.544617 2.110000 -1.000000 0.000000
480000 32 S -208.208054 26.765747 -175.816010 1.800000 0.000000 0.000000
480000 33 C -206.044266 26.620249 -178.361130 2.150000 0.000000 0.000000
480000 34 P -211.500992 25.055574 -176.669022 2.110000 -1.000000 0.000000
480000 35 S -211.234604 26.488983 -180.035812 1.800000 0.000000 0.000000
480000 36 U -209.345917 23.741367 -181.206390 2.150000 0.000000 0.000000
480000 37 P -213.484467 25.426413 -182.821365 2.110000 -1.000000 0.000000
485000 1 P -202.232697 12.251999 -182.123322 2.110000 -1.000000 1.000000
485000 2 S -204.722672 14.627933 -183.641434 1.800000 0.000000 0.000000
485000 3 G -206.318069 15.604233 -180.745010 2.150000 0.000000 0.000000
485000 4 P -202.494019 17.857363 -183.429108 2.110000 -1.000000 0.000000
485000 5 S -204.861313 20.745533 -182.831772 1.800000 0.000000 0.000000
485000 6 G -205.200302 19.920521 -179.547653 2.150000 0.000000 0.000000
485000 7 P -201.791550 23.069141 -181.832108 2.110000 -1.000000 0.000000
485000 8 S -203.817535 25.214182 -179.626373 1.800000 0.000000 0.000000
485000 9 G -205.218262 23.136698 -177.040451 2.150000 0.000000 0.000000
485000 10 P -200.173416 26.334528 -178.254074 2.110000 -1.000000 0.000000
485000 11 S -200.470367 27.658531 -174.569641 1.800000 0.000000 0.000000
485000 12 C -202.118805 24.630434 -173.360245 2.150000 0.000000 0.000000
485000 13 P -196.877975 26.714314 -174.788651 2.110000 -1.000000 0.000000
485000 14 S -196.631317 24.726812 -171.543854 1.800000 0.000000 0.000000
485000 15 G -199.151932 22.164894 -171.869583 2.150000 0.000000 0.000000
485000 16 P -192.802719 23.746708 -172.305099 2.110000 -1.000000 0.000000
485000 17 S -192.209793 20.802324 -169.838181 1.800000 0.000000 0.000000
485000 18 C -189.956909 19.991337 -172.387726 2.150000 0.000000 0.000000
485000 19 P -195.737106 20.252510 -170.823563 2.110000 -1.000000 0.000000
485000 20 S -195.524887 16.851301 -169.016357 1.800000 0.000000 0.000000
485000 21 A -195.423386 19.173239 -166.477493 2.150000 0.000000 0.000000
485000 22 P -199.186752 15.594157 -169.045700 2.110000 -1.000000 0.000000
485000 23 S -198.642578 12.377261 -167.030350 1.800000 0.000000 0.000000
485000 24 A -196.991241 14.267912 -164.512894 2.150000 0.000000 0.000000
485000 25 P -202.410492 12.559735 -166.738876 2.110000 -1.000000 0.000000
485000 26 S -202.205444 15.792890 -164.822983 1.800000 0.000000 0.000000
485000 27 G -201.535538 18.006836 -167.566483 2.150000 0.000000 0.000000
485000 28 P -206.140396 16.066837 -164.985321 2.110000 -1.000000 0.000000
485000 29 S -207.305817 19.567774 -165.465973 1.800000 0.000000 0.000000
485000 30 C -206.386246 20.333900 -168.835892 2.150000 0.000000 0.000000
485000 31 P -210.808334 18.747875 -166.838776 2.110000 -1.000000 0.000000
485000 32 S -211.097885 21.720592 -169.113556 1.800000 0.000000 0.000000
485000 33 C -209.311615 20.051472 -171.588074 2.150000 0.000000 0.000000
485000 34 P -214.095795 19.531786 -170.276901 2.110000 -1.000000 0.000000
485000 35 S -214.423096 21.429937 -173.750443 1.800000 0.000000 0.000000
485000 36 U -211.410980 19.934683 -175.012344 2.150000 0.000000 0.000000
485000 37 P -216.910751 19.690294 -176.112869 2.110000 -1.000000 0.000000
490000 1 P -209.552063 14.924426 -184.490677 2.110000 -1.000000 1.000000
490000 2 S -211.864746 17.788568 -185.068802 1.800000 0.000000 0.000000
490000 3 G -213.054581 17.150431 -181.561996 2.150000 0.000000 0.000000
490000 4 P -208.816757 20.020508 -184.945023 2.110000 -1.000000 0.000000
490000 5 S -210.461899 23.116102 -183.718063 1.800000 0.000000 0.000000
490000 6 G -210.967957 22.445044 -180.380173 2.150000 0.000000 0.000000
490000 7 P -207.539398 25.238075 -182.668289 2.110000 -1.000000 0.000000
490000 8 S -208.089401 27.416912 -179.528320 1.800000 0.000000 0.000000
490000 9 G -208.371872 24.866898 -177.339584 2.150000 0.000000 0.000000
490000 10 P -204.317398 27.730789 -180.336243 2.110000 -1.000000 0.000000
490000 11 S -203.257568 28.146486 -176.697266 1.800000 0.000000 0.000000
490000 12 C -203.553268 24.782486 -175.743851 2.150000 0.000000 0.000000
490000 13 P -199.464905 27.771475 -177.036575 2.110000 -1.000000 0.000000
490000 14 S -199.082657 25.274731 -174.246613 1.800000 0.000000 0.000000
490000 15 G -200.216644 23.406931 -176.858078 2.150000 0.000000 0.000000
490000 16 P -195.282639 24.269373 -174.650604 2.110000 -1.000000 0.000000
490000 17 S -195.771713 20.967361 -172.579300 1.800000 0.000000 0.000000
490000 18 C -197.835648 22.760445 -170.452820 2.150000 0.000000 0.000000
490000 19 P -198.319397 19.054216 -174.248306 2.110000 -1.000000 0.000000
490000 20 S -198.230072 16.317831 -171.434097 1.800000 0.000000 0.000000
490000 21 A -198.101471 18.988001 -169.238449 2.150000 0.000000 0.000000
490000 22 P -201.936401 15.288362 -172.689590 2.110000 -1.000000 0.000000
490000 23 S -201.716705 13.551402 -169.324448 1.800000 0.000000 0.000000
490000 24 A -201.639359 16.942202 -168.002792 2.150000 0.000000 0.000000
490000 25 P -205.582733 12.946158 -169.341644 2.110000 -1.000000 0.000000
490000 26 S -205.750992 16.107985 -167.282928 1.800000 0.000000 0.000000
490000 27 G -205.263397 17.466433 -170.497269 2.150000 0.000000 0.000000
490000 28 P -209.627625 15.524097 -167.213669 2.110000 -1.000000 0.000000
490000 29 S -209.798904 19.187935 -166.507126 1.800000 0.000000 0.000000
490000 30 C -209.071762 19.886362 -169.809860 2.150000 0.000000 0.000000
490000 31 P -213.551331 18.225122 -167.453461 2.110000 -1.000000 0.000000
490000 32 S -214.401978 21.719912 -168.607224 1.800000 0.000000 0.000000
490000 33 C -213.078995 21.564390 -171.772736 2.150000 0.000000 0.000000
490000 34 P -217.923645 19.702204 -169.180664 2.110000 -1.000000 0.000000
490000 35 S -220.030441 20.684982 -172.180588 1.800000 0.000000 0.000000
490000 36 U -217.991516 19.269798 -174.623611 2.150000 0.000000 0.000000
490000 37 P -223.135666 18.247667 -172.085022 2.110000 -1.000000 0.000000
495000 1 P -212.145325 17.191870 -184.637375 2.110000 -1.000000 1.000000
495000 2 S -214.332092 20.230030 -183.447830 1.800000 0.000000 0.000000
495000 3 G -212.622131 19.580036 -180.225555 2.150000 0.000000 0.000000
495000 4 P -210.942184 22.050713 -183.832077 2.110000 -1.000000 0.000000
495000 5 S -211.445969 25.251801 -181.676300 1.800000 0.000000 0.000000
495000 6 G -211.710831 22.944870 -179.012665 2.150000 0.000000 0.000000
495000 7 P -207.907486 26.231865 -181.721786 2.110000 -1.000000 0.000000
495000 8 S -207.363983 28.812656 -178.898819 1.800000 0.000000 0.000000
495000 9 G -206.640945 25.976767 -176.751465 2.150000 0.000000 0.000000
495000 10 P -203.834122 29.727982 -179.311005 2.110000 -1.000000 0.000000
495000 11 S -202.812881 29.933538 -175.592316 1.800000 0.000000 0.000000
495000 12 C -202.736511 26.571718 -174.502029 2.150000 0.000000 0.000000
495000 13 P -199.187088 30.321861 -176.098450 2.110000 -1.000000 0.000000
495000 14 S -198.934830 27.620665 -173.349350 1.800000 0.000000 0.000000
495000 15 G -199.433212 25.820072 -176.186050 2.150000 0.000000 0.000000
495000 16 P -195.656555 28.044107 -174.980927 2.110000 -1.000000 0.000000
495000 17 S -194.826904 24.653736 -173.806183 1.800000 0.000000 0.000000
495000 18 C -192.261063 22.981684 -175.207474 2.150000 0.000000 0.000000
495000 19 P -197.667664 22.421354 -174.987900 2.110000 -1.000000 0.000000
495000 20 S -195.979156 19.543228 -173.088074 1.800000 0.000000 0.000000
495000 21 A -196.835449 20.334921 -169.907806 2.150000 0.000000 0.000000
495000 22 P -199.116089 17.198706 -173.172852 2.110000 -1.000000 0.000000
495000 23 S -197.607681 14.609068 -170.730865 1.800000 0.000000 0.000000
495000 24 A -197.113098 16.807606 -168.173553 2.150000 0.000000 0.000000
495000 25 P -201.230392 13.576931 -169.672623 2.110000 -1.000000 0.000000
495000 26 S -201.524826 16.697464 -167.363647 1.800000 0.000000 0.000000
495000 27 G -202.373657 19.185635 -169.679932 2.150000 0.000000 0.000000
495000 28 P -205.563019 16.809036 -166.333313 2.110000 -1.000000 0.000000
495000 29 S -205.458801 20.557785 -165.675018 1.800000 0.000000 0.000000
495000 30 C -204.921066 22.212955 -168.552261 2.150000 0.000000 0.000000
495000 31 P -209.350571 20.773170 -165.455399 2.110000 -1.000000 0.000000
495000 32 S -210.308762 24.352783 -166.895218 1.800000 0.000000 0.000000
495000 33 C -210.366226 23.061792 -170.107162 2.150000 0.000000 0.000000
495000 34 P -214.061356 23.322107 -166.672821 2.110000 -1.000000 0.000000
495000 35 S -214.886765 25.001917 -169.803436 1.800000 0.000000 0.000000
495000 36 U -214.161819 22.202969 -171.628540 2.150000 0.000000 0.000000
495000 37 P -217.675034 22.849579 -169.005264 2.110000 -1.000000 0.000000
500000 1 P -209.132248 14.686403 -176.879211 2.110000 -1.000000 1.000000
500000 2 S -212.031799 17.042173 -178.203903 1.800000 0.000000 0.000000
500000 3 G -213.748306 18.775717 -175.739120 2.150000 0.000000 0.000000
500000 4 P -209.347778 19.857155 -178.531448 2.110000 -1.000000 0.000000
500000 5 S -211.498123 22.654987 -177.255692 1.800000 0.000000 0.000000
500000 6 G -211.251785 22.027742 -173.750580 2.150000 0.000000 0.000000
500000 7 P -209.015900 25.523939 -176.513596 2.110000 -1.000000 0.000000
500000 8 S -211.069458 27.207342 -173.738235 1.800000 0.000000 0.000000
500000 9 G -211.125671 25.498341 -170.713684 2.150000 0.000000 0.000000
500000 10 P -207.448761 28.228369 -174.315659 2.110000 -1.000000 0.000000
500000 11 S -206.577469 28.829681 -170.796997 1.800000 0.000000 0.000000
500000 12 C -207.501801 25.742119 -169.481461 2.150000 0.000000 0.000000
500000 13 P -202.984573 27.977915 -170.777115 2.110000 -1.000000 0.000000
500000 14 S -203.063080 26.316996 -167.148361 1.800000 0.000000 0.000000
500000 15 G -204.054321 23.096601 -168.114563 2.150000 0.000000 0.000000
500000 16 P -199.709610 26.252846 -169.151627 2.110000 -1.000000 0.000000
500000 17 S -197.527466 23.563257 -167.529160 1.800000 0.000000 0.000000
500000 18 C -194.003906 23.107468 -168.067902 2.150000 0.000000 0.000000
500000 19 P -199.445206 21.211466 -170.075333 2.110000 -1.000000 0.000000
500000 20 S -199.213852 18.353634 -167.459274 1.800000 0.000000 0.000000
500000 21 A -201.251175 19.419561 -164.542648 2.150000 0.000000 0.000000
500000 22 P -202.265442 15.918135 -168.552521 2.110000 -1.000000 0.000000
500000 23 S -201.084091 13.672352 -165.846542 1.800000 0.000000 0.000000
500000 24 A -199.602615 16.018288 -163.750122 2.150000 0.000000 0.000000
500000 25 P -205.028610 12.811921 -164.824265 2.110000 -1.000000 0.000000
500000 26 S -205.738037 15.743196 -162.575165 1.800000 0.000000 0.000000
500000 27 G -207.150757 17.929296 -164.885513 2.150000 0.000000 0.000000
500000 28 P -209.394684 14.074124 -162.734955 2.110000 -1.000000 0.000000
500000 29 S -210.855148 17.489510 -161.632736 1.800000 0.000000 0.000000
500000 30 C -210.428604 19.536871 -164.347794 2.150000 0.000000 0.000000
500000 31 P -214.436859 16.155409 -162.248138 2.110000 -1.000000 0.000000
500000 32 S -215.577866 19.899462 -162.173721 1.800000 0.000000 0.000000
500000 33 C -214.461044 20.945370 -165.357483 2.150000 0.000000 0.000000
500000 34 P -219.492355 19.628233 -162.752258 2.110000 -1.000000 0.000000
500000 35 S -219.073944 22.392536 -165.286758 1.800000 0.000000 0.000000
500000 36 U -218.007675 20.996592 -168.306213 2.150000 0.000000 0.000000
500000 37 P -222.902786 22.116316 -165.982330 2.110000 -1.000000 0.000000
