380000 1 P -183.185928 -6.215477 -73.662491 2.110000 -1.000000 1.000000
380000 2 S -184.986267 -9.498398 -74.473076 1.800000 0.000000 0.000000
380000 3 G -186.570694 -7.451966 -76.637680 2.150000 0.000000 0.000000
380000 4 P -181.738205 -9.278154 -76.464355 2.110000 -1.000000 0.000000
380000 5 S -182.821701 -10.766598 -79.719841 1.800000 0.000000 0.000000
380000 6 G -185.680206 -8.565380 -80.528091 2.150000 0.000000 0.000000
380000 7 P -179.767303 -9.438457 -81.695717 2.110000 -1.000000 0.000000
380000 8 S -181.071701 -9.204330 -85.369118 1.800000 0.000000 0.000000
380000 9 G -182.480164 -6.126366 -84.604294 2.150000 0.000000 0.000000
380000 10 P -177.684464 -7.027557 -85.975647 2.110000 -1.000000 0.000000
380000 11 S -177.546906 -4.358431 -88.722824 1.800000 0.000000 0.000000
380000 12 C -180.403763 -2.417228 -88.116615 2.150000 0.000000 0.000000
380000 13 P -174.508118 -2.937881 -87.047112 2.110000 -1.000000 0.000000
380000 14 S -176.184357 0.327361 -87.225685 1.800000 0.000000 0.000000
380000 15 G -178.025314 -0.297977 -84.231361 2.150000 0.000000 0.000000
380000 16 P -173.848862 1.821317 -84.670235 2.110000 -1.000000 0.000000
380000 17 S -176.949020 3.682752 -83.127556 1.800000 0.000000 0.000000
380000 18 C -175.952133 5.419340 -80.210175 2.150000 0.000000 0.000000
380000 19 P -180.198456 1.862991 -82.166458 2.110000 -1.000000 0.000000
380000 20 S -182.112350 5.069477 -81.135742 1.800000 0.000000 0.000000
380000 21 A -181.882858 6.956985 -84.056511 2.150000 0.000000 0.000000
380000 22 P -185.865875 3.917697 -81.327301 2.110000 -1.000000 0.000000
380000 23 S -186.983612 7.639112 -82.344337 1.800000 0.000000 0.000000
380000 24 A -185.732727 8.319648 -85.413750 2.150000 0.000000 0.000000
380000 25 P -190.198059 5.661456 -83.181534 2.110000 -1.000000 0.000000
380000 26 S -189.039856 6.095191 -86.843323 1.800000 0.000000 0.000000
380000 27 G -186.609665 3.714987 -86.850014 2.150000 0.000000 0.000000
380000 28 P -192.002396 3.732177 -86.566315 2.110000 -1.000000 0.000000
380000 29 S -190.503586 1.574290 -89.200012 1.800000 0.000000 0.000000
380000 30 C -188.699554 -0.290335 -86.886795 2.150000 0.000000 0.000000
380000 31 P -193.492538 -0.408894 -88.037529 2.110000 -1.000000 0.000000
380000 32 S -192.299362 -3.795331 -89.111679 1.800000 0.000000 0.000000
380000 33 C -190.631592 -3.769571 -86.144936 2.150000 0.000000 0.000000
380000 34 P -195.221375 -5.732609 -87.850327 2.110000 -1.000000 0.000000
380000 35 S -193.819534 -8.994566 -86.350655 1.800000 0.000000 0.000000
380000 36 U -193.136505 -8.467640 -83.026520 2.150000 0.000000 0.000000
380000 37 P -197.620621 -9.303701 -85.498528 2.110000 -1.000000 0.000000
385000 1 P -177.478485 -3.269882 -74.834419 2.110000 -1.000000 1.000000
385000 2 S -178.065536 -6.620457 -72.835739 1.800000 0.000000 0.000000
385000 3 G -181.183548 -6.859723 -74.299820 2.150000 0.000000 0.000000
385000 4 P -176.070999 -7.360031 -75.753708 2.110000 -1.000000 0.000000
385000 5 S -177.319016 -10.780903 -76.626274 1.800000 0.000000 0.000000
385000 6 G -179.896652 -11.078333 -78.968353 2.150000 0.000000 0.000000
385000 7 P -174.744553 -9.685777 -78.956154 2.110000 -1.000000 0.000000
385000 8 S -175.741699 -10.803125 -82.467354 1.800000 0.000000 0.000000
385000 9 G -178.794785 -8.789520 -82.370987 2.150000 0.000000 0.000000
385000 10 P -173.213745 -9.119486 -84.531975 2.110000 -1.000000 0.000000
385000 11 S -175.112122 -7.574810 -87.399162 1.800000 0.000000 0.000000
385000 12 C -177.189087 -6.010623 -84.970589 2.150000 0.000000 0.000000
385000 13 P -172.329498 -5.134946 -87.999649 2.110000 -1.000000 0.000000
385000 14 S -174.532333 -2.030614 -88.103271 1.800000 0.000000 0.000000
385000 15 G -175.304840 -1.642157 -91.556076 2.150000 0.000000 0.000000
385000 16 P -173.295181 1.202432 -86.862518 2.110000 -1.000000 0.000000
385000 17 S -177.052994 0.703638 -85.848488 1.800000 0.000000 0.000000
385000 18 C -177.818130 0.634823 -89.264977 2.150000 0.000000 0.000000
385000 19 P -178.138718 -2.192957 -83.823441 2.110000 -1.000000 0.000000
385000 20 S -181.130798 0.202406 -83.832916 1.800000 0.000000 0.000000
385000 21 A -182.066101 -0.113000 -87.210091 2.150000 0.000000 0.000000
385000 22 P -184.438446 -1.329759 -83.021698 2.110000 -1.000000 0.000000
385000 23 S -186.342636 1.939393 -83.956055 1.800000 0.000000 0.000000
385000 24 A -185.725479 4.108079 -81.241135 2.150000 0.000000 0.000000
385000 25 P -189.664032 0.060300 -83.273300 2.110000 -1.000000 0.000000
385000 26 S -188.736084 -1.967738 -86.341103 1.800000 0.000000 0.000000
385000 27 G -186.481949 -4.224532 -85.106865 2.150000 0.000000 0.000000
385000 28 P -191.568085 -3.836015 -84.478333 2.110000 -1.000000 0.000000
385000 29 S -190.363815 -7.000559 -86.386436 1.800000 0.000000 0.000000
385000 30 C -187.563660 -7.882085 -84.248863 2.150000 0.000000 0.000000
385000 31 P -192.926559 -8.047687 -83.596840 2.110000 -1.000000 0.000000
385000 32 S -191.621262 -11.226983 -81.692528 1.800000 0.000000 0.000000
385000 33 C -188.762833 -9.742440 -80.688156 2.150000 0.000000 0.000000
385000 34 P -193.598343 -11.844425 -78.415939 2.110000 -1.000000 0.000000
385000 35 S -190.818634 -14.247248 -77.393021 1.800000 0.000000 0.000000
385000 36 U -187.522949 -12.543028 -77.228035 2.150000 0.000000 0.000000
385000 37 P -192.075638 -13.623307 -73.833961 2.110000 -1.000000 0.000000
390000 1 P -181.037750 -4.376150 -76.049461 2.110000 -1.000000 1.000000
390000 2 S -179.792770 -7.863029 -76.790192 1.800000 0.000000 0.000000
390000 3 G -181.933685 -8.305602 -79.576126 2.150000 0.000000 0.000000
390000 4 P -176.339249 -7.453478 -78.444443 2.110000 -1.000000 0.000000
390000 5 S -176.282150 -10.913742 -80.154999 1.800000 0.000000 0.000000
390000 6 G -179.461746 -11.479226 -81.832535 2.150000 0.000000 0.000000
390000 7 P -173.473297 -10.562359 -82.766365 2.110000 -1.000000 0.000000
390000 8 S -174.862274 -12.758082 -85.479637 1.800000 0.000000 0.000000
390000 9 G -177.148788 -11.058471 -87.491165 2.150000 0.000000 0.000000
390000 10 P -172.090286 -10.651278 -86.526581 2.110000 -1.000000 0.000000
390000 11 S -172.712463 -9.155700 -89.898918 1.800000 0.000000 0.000000
390000 12 C -175.505264 -7.330817 -89.098427 2.150000 0.000000 0.000000
390000 13 P -169.958710 -6.794908 -89.452576 2.110000 -1.000000 0.000000
390000 14 S -172.156006 -3.815938 -89.942795 1.800000 0.000000 0.000000
390000 15 G -173.388138 -4.268264 -86.716507 2.150000 0.000000 0.000000
390000 16 P -169.102661 -1.796902 -88.595116 2.110000 -1.000000 0.000000
390000 17 S -171.475662 1.107735 -87.552513 1.800000 0.000000 0.000000
390000 18 C -173.295883 -0.077818 -90.206345 2.150000 0.000000 0.000000
390000 19 P -174.889313 0.302878 -85.938683 2.110000 -1.000000 0.000000
390000 20 S -177.378784 2.805759 -87.314087 1.800000 0.000000 0.000000
390000 21 A -177.053909 1.847651 -90.648705 2.150000 0.000000 0.000000
390000 22 P -181.165939 2.189601 -86.101448 2.110000 -1.000000 0.000000
390000 23 S -183.302368 3.469199 -89.204094 1.800000 0.000000 0.000000
390000 24 A -182.281631 1.958697 -92.281403 2.150000 0.000000 0.000000
390000 25 P -186.311386 1.241946 -88.694199 2.110000 -1.000000 0.000000
390000 26 S -185.661499 -1.099629 -91.529510 1.800000 0.000000 0.000000
390000 27 G -183.586472 -2.734970 -89.553528 2.150000 0.000000 0.000000
390000 28 P -188.385483 -3.554071 -90.553474 2.110000 -1.000000 0.000000
390000 29 S -186.782990 -6.079555 -92.848099 1.800000 0.000000 0.000000
390000 30 C -184.520218 -8.094970 -90.958977 2.150000 0.000000 0.000000
390000 31 P -188.567810 -9.148849 -91.720848 2.110000 -1.000000 0.000000
390000 32 S -186.414993 -12.235152 -91.646118 1.800000 0.000000 0.000000
390000 33 C -185.803925 -10.736023 -88.468803 2.150000 0.000000 0.000000
390000 34 P -189.166458 -14.006273 -89.829575 2.110000 -1.000000 0.000000
390000 35 S -187.098907 -16.044056 -87.312859 1.800000 0.000000 0.000000
390000 36 U -185.166519 -13.817001 -85.689903 2.150000 0.000000 0.000000
390000 37 P -189.018906 -17.136871 -84.470985 2.110000 -1.000000 0.000000
395000 1 P -175.517548 -7.428300 -70.536301 2.110000 -1.000000 1.000000
395000 2 S -175.951706 -11.299491 -69.671104 1.800000 0.000000 0.000000
395000 3 G -177.976700 -11.652418 -72.423630 2.150000 0.000000 0.000000
395000 4 P -172.494492 -10.112120 -70.843094 2.110000 -1.000000 0.000000
395000 5 S -171.482895 -12.936195 -73.033226 1.800000 0.000000 0.000000
395000 6 G -173.960464 -13.056283 -75.408745 2.150000 0.000000 0.000000
395000 7 P -168.606491 -11.480034 -75.209869 2.110000 -1.000000 0.000000
395000 8 S -169.418289 -13.918308 -78.088463 1.800000 0.000000 0.000000
395000 9 G -172.651260 -12.988063 -79.366714 2.150000 0.000000 0.000000
395000 10 P -167.066620 -11.389064 -79.593025 2.110000 -1.000000 0.000000
395000 11 S -168.601334 -11.215085 -83.179237 1.800000 0.000000 0.000000
395000 12 C -171.806168 -10.415917 -82.082001 2.150000 0.000000 0.000000
395000 13 P -166.884308 -7.833303 -84.323326 2.110000 -1.000000 0.000000
395000 14 S -169.982208 -6.170547 -86.099472 1.800000 0.000000 0.000000
395000 15 G -170.914688 -6.854182 -82.775200 2.150000 0.000000 0.000000
395000 16 P -167.135757 -4.054579 -85.191177 2.110000 -1.000000 0.000000
395000 17 S -168.690857 -0.675198 -85.867210 1.800000 0.000000 0.000000
395000 18 C -170.550461 -1.148964 -88.725624 2.150000 0.000000 0.000000
395000 19 P -171.037857 -0.442689 -83.020195 2.110000 -1.000000 0.000000
395000 20 S -172.669647 2.620804 -84.226715 1.800000 0.000000 0.000000
395000 21 A -174.110184 1.206121 -87.066200 2.150000 0.000000 0.000000
395000 22 P -174.677475 1.256501 -81.274956 2.110000 -1.000000 0.000000
395000 23 S -178.220978 1.422836 -82.514137 1.800000 0.000000 0.000000
395000 24 A -177.502594 0.108156 -85.596237 2.150000 0.000000 0.000000
395000 25 P -181.148514 -0.644117 -81.160660 2.110000 -1.000000 0.000000
395000 26 S -181.545425 -3.250603 -83.806587 1.800000 0.000000 0.000000
395000 27 G -178.628448 -4.914332 -83.231987 2.150000 0.000000 0.000000
395000 28 P -184.329956 -6.042906 -82.953621 2.110000 -1.000000 0.000000
395000 29 S -182.164215 -8.297752 -85.046028 1.800000 0.000000 0.000000
395000 30 C -178.856216 -9.058173 -84.197975 2.150000 0.000000 0.000000
395000 31 P -184.411285 -11.340578 -84.084587 2.110000 -1.000000 0.000000
395000 32 S -181.766907 -14.116848 -84.623405 1.800000 0.000000 0.000000
395000 33 C -180.299561 -13.134323 -81.666786 2.150000 0.000000 0.000000
395000 34 P -184.677002 -16.029171 -83.231766 2.110000 -1.000000 0.000000
395000 35 S -182.700073 -18.628197 -81.561440 1.800000 0.000000 0.000000
395000 36 U -182.156143 -16.159166 -79.274406 2.150000 0.000000 0.000000
395000 37 P -186.033798 -19.338297 -79.983162 2.110000 -1.000000 0.000000
400000 1 P -169.782364 6.620774 -80.569824 2.110000 -1.000000 1.000000
400000 2 S -171.217041 4.857725 -77.667389 1.800000 0.000000 0.000000
400000 3 G -172.614960 1.927231 -79.287666 2.150000 0.000000 0.000000
400000 4 P -168.078506 2.521500 -77.728546 2.110000 -1.000000 0.000000
400000 5 S -169.326950 -0.371091 -75.597664 1.800000 0.000000 0.000000
400000 6 G -170.973495 -1.794578 -78.274254 2.150000 0.000000 0.000000
400000 7 P -166.231049 -1.429644 -77.232635 2.110000 -1.000000 0.000000
400000 8 S -167.396790 -4.542918 -79.019470 1.800000 0.000000 0.000000
400000 9 G -169.208435 -3.295587 -81.668823 2.150000 0.000000 0.000000
400000 10 P -164.274582 -3.803698 -81.238617 2.110000 -1.000000 0.000000
400000 11 S -164.562073 -5.433208 -84.774483 1.800000 0.000000 0.000000
400000 12 C -167.415237 -4.422306 -86.103622 2.150000 0.000000 0.000000
400000 13 P -162.429688 -2.752283 -85.966057 2.110000 -1.000000 0.000000
400000 14 S -164.214188 -2.485585 -89.262978 1.800000 0.000000 0.000000
400000 15 G -167.284180 -1.323397 -88.241028 2.150000 0.000000 0.000000
400000 16 P -162.365799 0.327285 -91.215134 2.110000 -1.000000 0.000000
400000 17 S -165.302170 1.214552 -93.580315 1.800000 0.000000 0.000000
400000 18 C -166.858643 -1.825280 -93.610191 2.150000 0.000000 0.000000
400000 19 P -167.813446 3.104760 -91.222977 2.110000 -1.000000 0.000000
400000 20 S -170.552917 2.836927 -93.914284 1.800000 0.000000 0.000000
400000 21 A -172.174606 -0.225973 -93.950157 2.150000 0.000000 0.000000
400000 22 P -172.363907 4.270380 -91.103981 2.110000 -1.000000 0.000000
400000 23 S -175.524323 2.947854 -92.773361 1.800000 0.000000 0.000000
400000 24 A -175.115829 5.953252 -94.461891 2.150000 0.000000 0.000000
400000 25 P -178.318481 3.016646 -90.105194 2.110000 -1.000000 0.000000
400000 26 S -177.666016 -0.600376 -90.819740 1.800000 0.000000 0.000000
400000 27 G -175.084030 -0.288543 -88.583038 2.150000 0.000000 0.000000
400000 28 P -180.848297 -1.586708 -88.920189 2.110000 -1.000000 0.000000
400000 29 S -179.419373 -4.948817 -88.037392 1.800000 0.000000 0.000000
400000 30 C -177.248474 -3.114210 -85.843063 2.150000 0.000000 0.000000
400000 31 P -181.975540 -6.144506 -85.381378 2.110000 -1.000000 0.000000
400000 32 S -180.301620 -8.572235 -83.057747 1.800000 0.000000 0.000000
400000 33 C -177.479599 -7.134562 -81.969780 2.150000 0.000000 0.000000
400000 34 P -182.971008 -7.681345 -80.481476 2.110000 -1.000000 0.000000
400000 35 S -180.079712 -7.877575 -77.842186 1.800000 0.000000 0.000000
400000 36 U -177.654877 -5.317344 -77.495995 2.150000 0.000000 0.000000
400000 37 P -182.305618 -5.655804 -75.502838 2.110000 -1.000000 0.000000
405000 1 P -170.957199 10.188517 -83.196312 2.110000 -1.000000 1.000000
405000 2 S -170.987976 8.345078 -79.893646 1.800000 0.000000 0.000000
405000 3 G -172.723373 5.748147 -81.018608 2.150000 0.000000 0.000000
405000 4 P -167.466751 6.823202 -79.739769 2.110000 -1.000000 0.000000
405000 5 S -167.992233 3.353529 -78.003441 1.800000 0.000000 0.000000
405000 6 G -169.746887 2.159942 -80.864822 2.150000 0.000000 0.000000
405000 7 P -164.875961 1.786232 -79.189240 2.110000 -1.000000 0.000000
405000 8 S -166.222443 -1.632650 -78.695541 1.800000 0.000000 0.000000
405000 9 G -168.749664 -2.362028 -80.819038 2.150000 0.000000 0.000000
405000 10 P -163.353439 -2.264439 -81.380196 2.110000 -1.000000 0.000000
405000 11 S -165.111023 -4.697581 -83.694801 1.800000 0.000000 0.000000
405000 12 C -167.456467 -2.449761 -84.893196 2.150000 0.000000 0.000000
405000 13 P -162.448059 -3.216807 -85.898514 2.110000 -1.000000 0.000000
405000 14 S -164.061401 -2.974914 -89.220413 1.800000 0.000000 0.000000
405000 15 G -165.808578 -0.247981 -88.269699 2.150000 0.000000 0.000000
405000 16 P -161.394806 -0.704521 -91.060440 2.110000 -1.000000 0.000000
405000 17 S -163.917404 0.642518 -93.574623 1.800000 0.000000 0.000000
405000 18 C -165.276871 -2.348547 -94.677986 2.150000 0.000000 0.000000
405000 19 P -166.529938 2.192596 -91.475273 2.110000 -1.000000 0.000000
405000 20 S -169.634857 2.050316 -93.823814 1.800000 0.000000 0.000000
405000 21 A -169.622025 -1.487609 -94.148872 2.150000 0.000000 0.000000
405000 22 P -172.147018 2.461083 -90.979271 2.110000 -1.000000 0.000000
405000 23 S -174.464813 3.571295 -93.880959 1.800000 0.000000 0.000000
405000 24 A -174.247009 0.187387 -94.158798 2.150000 0.000000 0.000000
405000 25 P -177.851898 2.929112 -92.529175 2.110000 -1.000000 0.000000
405000 26 S -177.069717 -0.783066 -91.648140 1.800000 0.000000 0.000000
405000 27 G -174.674820 0.023638 -89.229080 2.150000 0.000000 0.000000
405000 28 P -179.937500 -1.857350 -89.246262 2.110000 -1.000000 0.000000
405000 29 S -177.852798 -4.851483 -88.424828 1.800000 0.000000 0.000000
405000 30 C -175.100220 -3.267273 -87.014954 2.150000 0.000000 0.000000
405000 31 P -179.992188 -5.629076 -85.354965 2.110000 -1.000000 0.000000
405000 32 S -177.277267 -7.232029 -82.976997 1.800000 0.000000 0.000000
405000 33 C -175.480530 -4.213841 -83.089790 2.150000 0.000000 0.000000
405000 34 P -180.052231 -6.306326 -80.397064 2.110000 -1.000000 0.000000
405000 35 S -177.933640 -4.697603 -77.721298 1.800000 0.000000 0.000000
405000 36 U -177.876404 -1.289200 -78.791771 2.150000 0.000000 0.000000
405000 37 P -180.821396 -3.061278 -75.994102 2.110000 -1.000000 0.000000
410000 1 P -174.792252 14.710386 -82.016365 2.110000 -1.000000 1.000000
410000 2 S -174.122726 12.869507 -78.745369 1.800000 0.000000 0.000000
410000 3 G -175.778183 9.800176 -79.600327 2.150000 0.000000 0.000000
410000 4 P -170.969131 11.947062 -80.357613 2.110000 -1.000000 0.000000
410000 5 S -170.215607 8.566631 -79.047707 1.800000 0.000000 0.000000
410000 6 G -172.639862 7.317602 -81.125786 2.150000 0.000000 0.000000
410000 7 P -167.253708 8.083508 -81.633911 2.110000 -1.000000 0.000000
410000 8 S -167.751495 4.376822 -81.191429 1.800000 0.000000 0.000000
410000 9 G -170.085403 4.271732 -83.712616 2.150000 0.000000 0.000000
410000 10 P -164.959763 3.863401 -83.858978 2.110000 -1.000000 0.000000
410000 11 S -165.362137 0.545644 -85.591537 1.800000 0.000000 0.000000
410000 12 C -168.564362 0.476644 -86.709183 2.150000 0.000000 0.000000
410000 13 P -162.593933 1.279562 -88.364021 2.110000 -1.000000 0.000000
410000 14 S -163.705170 -0.933060 -91.326958 1.800000 0.000000 0.000000
410000 15 G -166.468857 0.870703 -92.213127 2.150000 0.000000 0.000000
410000 16 P -161.016098 1.155717 -93.033295 2.110000 -1.000000 0.000000
410000 17 S -162.008682 1.797231 -96.604607 1.800000 0.000000 0.000000
410000 18 C -163.953476 -1.046740 -95.855026 2.150000 0.000000 0.000000
410000 19 P -164.903305 4.613183 -96.534943 2.110000 -1.000000 0.000000
410000 20 S -166.211029 3.738957 -99.975464 1.800000 0.000000 0.000000
410000 21 A -165.634583 6.452450 -101.777405 2.150000 0.000000 0.000000
410000 22 P -169.756439 5.334466 -99.114250 2.110000 -1.000000 0.000000
410000 23 S -172.505310 3.017350 -100.350227 1.800000 0.000000 0.000000
410000 24 A -170.579193 1.074200 -98.469643 2.150000 0.000000 0.000000
410000 25 P -175.566956 4.042092 -97.925941 2.110000 -1.000000 0.000000
410000 26 S -175.400024 0.322699 -97.105598 1.800000 0.000000 0.000000
410000 27 G -173.253677 1.608402 -94.644455 2.150000 0.000000 0.000000
410000 28 P -177.848282 -0.113037 -94.201027 2.110000 -1.000000 0.000000
410000 29 S -175.828903 -2.487792 -91.931549 1.800000 0.000000 0.000000
410000 30 C -173.552826 -1.613360 -89.447189 2.150000 0.000000 0.000000
410000 31 P -177.908768 -2.850029 -89.121262 2.110000 -1.000000 0.000000
410000 32 S -175.767395 -3.541291 -85.963593 1.800000 0.000000 0.000000
410000 33 C -174.799866 -0.334470 -85.810280 2.150000 0.000000 0.000000
410000 34 P -179.312439 -2.491598 -84.979866 2.110000 -1.000000 0.000000
410000 35 S -178.455536 -1.800105 -81.145439 1.800000 0.000000 0.000000
410000 36 U -176.260071 0.894636 -81.455246 2.150000 0.000000 0.000000
410000 37 P -181.796036 0.033011 -81.663605 2.110000 -1.000000 0.000000
415000 1 P -176.595840 21.286942 -82.109398 2.110000 -1.000000 1.000000
415000 2 S -176.084579 19.167456 -78.994194 1.800000 0.000000 0.000000
415000 3 G -178.436508 16.983210 -80.473541 2.150000 0.000000 0.000000
415000 4 P -172.539139 18.014090 -79.890945 2.110000 -1.000000 0.000000
415000 5 S -173.140717 14.710297 -78.113953 1.800000 0.000000 0.000000
415000 6 G -175.811371 13.396547 -79.899933 2.150000 0.000000 0.000000
415000 7 P -169.831390 13.087198 -79.342758 2.110000 -1.000000 0.000000
415000 8 S -170.432556 9.202762 -79.057533 1.800000 0.000000 0.000000
415000 9 G -172.879639 9.500974 -81.398590 2.150000 0.000000 0.000000
415000 10 P -167.493057 9.977020 -81.462166 2.110000 -1.000000 0.000000
415000 11 S -167.717590 6.922773 -83.560287 1.800000 0.000000 0.000000
415000 12 C -171.171417 7.490287 -84.657242 2.150000 0.000000 0.000000
415000 13 P -165.067368 7.533868 -86.504906 2.110000 -1.000000 0.000000
415000 14 S -166.615097 5.311037 -89.183632 1.800000 0.000000 0.000000
415000 15 G -169.040543 7.884810 -88.977364 2.150000 0.000000 0.000000
415000 16 P -164.393570 6.755247 -92.231087 2.110000 -1.000000 0.000000
415000 17 S -166.697983 8.212380 -95.015388 1.800000 0.000000 0.000000
415000 18 C -165.172913 11.037941 -96.657669 2.150000 0.000000 0.000000
415000 19 P -168.081497 11.268447 -92.926003 2.110000 -1.000000 0.000000
415000 20 S -170.273575 12.519413 -95.958145 1.800000 0.000000 0.000000
415000 21 A -171.818176 9.774994 -94.757149 2.150000 0.000000 0.000000
415000 22 P -173.107162 14.798571 -94.567566 2.110000 -1.000000 0.000000
415000 23 S -175.204117 12.539786 -96.628639 1.800000 0.000000 0.000000
415000 24 A -176.134918 15.275156 -98.073105 2.150000 0.000000 0.000000
415000 25 P -178.884354 11.907067 -95.515747 2.110000 -1.000000 0.000000
415000 26 S -178.184982 8.217944 -94.946686 1.800000 0.000000 0.000000
415000 27 G -175.866547 8.206339 -92.332466 2.150000 0.000000 0.000000
415000 28 P -180.900909 7.251769 -92.589394 2.110000 -1.000000 0.000000
415000 29 S -178.933029 4.482636 -90.893295 1.800000 0.000000 0.000000
415000 30 C -176.975006 6.097515 -88.530693 2.150000 0.000000 0.000000
415000 31 P -181.675293 4.518227 -88.553368 2.110000 -1.000000 0.000000
415000 32 S -180.239761 3.368881 -85.138237 1.800000 0.000000 0.000000
415000 33 C -178.282288 6.162333 -84.330643 2.150000 0.000000 0.000000
415000 34 P -183.165878 4.229404 -83.076378 2.110000 -1.000000 0.000000
415000 35 S -181.571762 5.336298 -79.858063 1.800000 0.000000 0.000000
415000 36 U -181.664337 8.456515 -81.124107 2.150000 0.000000 0.000000
415000 37 P -184.427200 6.549703 -78.069138 2.110000 -1.000000 0.000000
420000 1 P -168.675308 18.148403 -76.899338 2.110000 -1.000000 1.000000
420000 2 S -169.447449 15.214342 -74.711388 1.800000 0.000000 0.000000
420000 3 G -171.951828 14.018054 -76.922729 2.150000 0.000000 0.000000
420000 4 P -166.154785 13.701477 -75.762962 2.110000 -1.000000 0.000000
420000 5 S -166.614624 10.009906 -75.841934 1.800000 0.000000 0.000000
420000 6 G -169.561020 9.886213 -77.741402 2.150000 0.000000 0.000000
420000 7 P -163.566986 9.095820 -77.949173 2.110000 -1.000000 0.000000
420000 8 S -164.900635 5.699719 -78.787430 1.800000 0.000000 0.000000
420000 9 G -167.202179 6.144593 -81.302238 2.150000 0.000000 0.000000
420000 10 P -162.357224 4.579140 -81.471489 2.110000 -1.000000 0.000000
420000 11 S -164.218033 2.042237 -83.332367 1.800000 0.000000 0.000000
420000 12 C -165.928452 5.002196 -84.995789 2.150000 0.000000 0.000000
420000 13 P -161.617661 2.143379 -85.866440 2.110000 -1.000000 0.000000
420000 14 S -164.080750 2.940423 -88.697456 1.800000 0.000000 0.000000
420000 15 G -162.949127 0.262062 -90.681473 2.150000 0.000000 0.000000
420000 16 P -160.911392 4.612421 -90.125145 2.110000 -1.000000 0.000000
420000 17 S -162.468475 6.849591 -92.412598 1.800000 0.000000 0.000000
420000 18 C -164.791611 4.317123 -92.903076 2.150000 0.000000 0.000000
420000 19 P -165.069397 9.178428 -91.162010 2.110000 -1.000000 0.000000
420000 20 S -166.510010 10.024199 -94.372917 1.800000 0.000000 0.000000
420000 21 A -167.595337 6.803654 -95.648521 2.150000 0.000000 0.000000
420000 22 P -170.128952 11.000109 -93.206390 2.110000 -1.000000 0.000000
420000 23 S -171.348129 12.376245 -96.510483 1.800000 0.000000 0.000000
420000 24 A -170.528900 9.122710 -97.523140 2.150000 0.000000 0.000000
420000 25 P -173.782150 12.240596 -93.591988 2.110000 -1.000000 0.000000
420000 26 S -173.340530 8.444546 -93.897499 1.800000 0.000000 0.000000
420000 27 G -171.394348 6.710075 -91.651947 2.150000 0.000000 0.000000
420000 28 P -176.755783 7.960616 -92.237427 2.110000 -1.000000 0.000000
420000 29 S -175.606369 5.314219 -89.666786 1.800000 0.000000 0.000000
420000 30 C -173.253571 7.155408 -87.814018 2.150000 0.000000 0.000000
420000 31 P -178.705872 6.149678 -87.413925 2.110000 -1.000000 0.000000
420000 32 S -177.735245 3.836468 -84.430893 1.800000 0.000000 0.000000
420000 33 C -175.259720 6.124211 -83.016747 2.150000 0.000000 0.000000
420000 34 P -180.835480 5.480604 -82.774139 2.110000 -1.000000 0.000000
420000 35 S -179.126724 4.333046 -79.590271 1.800000 0.000000 0.000000
420000 36 U -176.972183 7.138611 -78.753105 2.150000 0.000000 0.000000
420000 37 P -181.697449 6.026854 -77.368134 2.110000 -1.000000 0.000000
425000 1 P -166.097931 18.847437 -83.605408 2.110000 -1.000000 1.000000
425000 2 S -166.720779 16.405941 -80.435059 1.800000 0.000000 0.000000
425000 3 G -170.141525 16.542440 -81.628899 2.150000 0.000000 0.000000
425000 4 P -165.883835 12.886321 -81.770683 2.110000 -1.000000 0.000000
425000 5 S -168.150970 10.224790 -80.425743 1.800000 0.000000 0.000000
425000 6 G -170.978592 11.356187 -82.135872 2.150000 0.000000 0.000000
425000 7 P -166.186478 8.064359 -82.951782 2.110000 -1.000000 0.000000
425000 8 S -169.079315 5.597579 -84.396500 1.800000 0.000000 0.000000
425000 9 G -170.005280 8.362802 -86.098969 2.150000 0.000000 0.000000
425000 10 P -165.667465 4.920710 -86.236496 2.110000 -1.000000 0.000000
425000 11 S -166.882767 4.608892 -89.708778 1.800000 0.000000 0.000000
425000 12 C -168.165665 7.800894 -89.958641 2.150000 0.000000 0.000000
425000 13 P -163.619904 5.613468 -91.791389 2.110000 -1.000000 0.000000
425000 14 S -164.943130 7.467101 -94.878357 1.800000 0.000000 0.000000
425000 15 G -166.274551 10.167041 -92.977829 2.150000 0.000000 0.000000
425000 16 P -161.377625 9.207373 -95.439384 2.110000 -1.000000 0.000000
425000 17 S -162.798523 12.470469 -96.523819 1.800000 0.000000 0.000000
425000 18 C -165.337418 10.916792 -98.401909 2.150000 0.000000 0.000000
425000 19 P -164.595596 14.886078 -94.219818 2.110000 -1.000000 0.000000
425000 20 S -167.159073 16.375376 -96.368401 1.800000 0.000000 0.000000
425000 21 A -168.964249 13.462264 -96.690598 2.150000 0.000000 0.000000
425000 22 P -169.684219 18.233383 -94.066360 2.110000 -1.000000 0.000000
425000 23 S -172.780548 17.435120 -96.216408 1.800000 0.000000 0.000000
425000 24 A -172.571976 14.210738 -95.055840 2.150000 0.000000 0.000000
425000 25 P -175.534714 18.231565 -93.797157 2.110000 -1.000000 0.000000
425000 26 S -176.789398 14.641590 -94.866722 1.800000 0.000000 0.000000
425000 27 G -175.349411 13.088346 -92.297714 2.150000 0.000000 0.000000
425000 28 P -179.734543 15.524398 -92.715942 2.110000 -1.000000 0.000000
425000 29 S -180.506378 12.067746 -91.374214 1.800000 0.000000 0.000000
425000 30 C -177.998032 11.554157 -89.205627 2.150000 0.000000 0.000000
425000 31 P -182.614883 14.236626 -89.158745 2.110000 -1.000000 0.000000
425000 32 S -182.438766 12.569570 -85.742371 1.800000 0.000000 0.000000
425000 33 C -178.889816 13.473046 -85.711273 2.150000 0.000000 0.000000
425000 34 P -183.515244 15.315289 -83.495178 2.110000 -1.000000 0.000000
425000 35 S -182.065826 13.493799 -80.546097 1.800000 0.000000 0.000000
425000 36 U -178.776672 14.435831 -81.427727 2.150000 0.000000 0.000000
425000 37 P -181.897888 16.986618 -78.592567 2.110000 -1.000000 0.000000
430000 1 P -171.819946 21.078310 -75.373688 2.110000 -1.000000 1.000000
430000 2 S -173.080566 18.844509 -72.704430 1.800000 0.000000 0.000000
430000 3 G -176.144089 17.898537 -74.579498 2.150000 0.000000 0.000000
430000 4 P -170.643890 16.195971 -74.127419 2.110000 -1.000000 0.000000
430000 5 S -172.874817 13.037797 -73.449303 1.800000 0.000000 0.000000
430000 6 G -175.634674 13.341065 -75.749069 2.150000 0.000000 0.000000
430000 7 P -170.679855 10.530238 -75.443085 2.110000 -1.000000 0.000000
430000 8 S -173.600586 8.537219 -76.688286 1.800000 0.000000 0.000000
430000 9 G -174.723267 11.000391 -79.112503 2.150000 0.000000 0.000000
430000 10 P -170.836838 7.180991 -78.952545 2.110000 -1.000000 0.000000
430000 11 S -173.047974 5.706281 -81.676842 1.800000 0.000000 0.000000
430000 12 C -174.859085 8.538449 -82.337486 2.150000 0.000000 0.000000
430000 13 P -169.806808 5.968774 -83.677933 2.110000 -1.000000 0.000000
430000 14 S -170.867233 7.250227 -87.015602 1.800000 0.000000 0.000000
430000 15 G -171.515762 10.735376 -85.859322 2.150000 0.000000 0.000000
430000 16 P -167.183960 7.842542 -88.189644 2.110000 -1.000000 0.000000
430000 17 S -167.563049 10.373385 -90.847885 1.800000 0.000000 0.000000
430000 18 C -170.493118 9.074719 -92.347130 2.150000 0.000000 0.000000
430000 19 P -169.403351 12.606051 -88.578392 2.110000 -1.000000 0.000000
430000 20 S -170.135696 15.105252 -91.400871 1.800000 0.000000 0.000000
430000 21 A -171.909988 12.794834 -93.329308 2.150000 0.000000 0.000000
430000 22 P -173.235901 16.129292 -89.193634 2.110000 -1.000000 0.000000
430000 23 S -174.722321 17.228065 -92.524162 1.800000 0.000000 0.000000
430000 24 A -176.616852 14.441231 -93.751846 2.150000 0.000000 0.000000
430000 25 P -177.740845 18.544607 -90.809906 2.110000 -1.000000 0.000000
430000 26 S -179.527618 15.397566 -91.539307 1.800000 0.000000 0.000000
430000 27 G -177.738373 14.147690 -88.845085 2.150000 0.000000 0.000000
430000 28 P -182.335098 16.607557 -89.354652 2.110000 -1.000000 0.000000
430000 29 S -183.078918 13.259303 -87.692490 1.800000 0.000000 0.000000
430000 30 C -180.675522 13.044228 -85.242279 2.150000 0.000000 0.000000
430000 31 P -185.673508 14.699943 -85.315147 2.110000 -1.000000 0.000000
430000 32 S -185.987411 12.764418 -82.060875 1.800000 0.000000 0.000000
430000 33 C -182.864563 14.232512 -80.949036 2.150000 0.000000 0.000000
430000 34 P -188.494873 14.257110 -79.840523 2.110000 -1.000000 0.000000
430000 35 S -187.142700 12.641261 -76.675018 1.800000 0.000000 0.000000
430000 36 U -183.897858 13.908953 -76.123177 2.150000 0.000000 0.000000
430000 37 P -189.013138 15.133022 -74.764954 2.110000 -1.000000 0.000000
435000 1 P -170.163864 12.216715 -83.108643 2.110000 -1.000000 1.000000
435000 2 S -172.430054 12.272333 -80.140884 1.800000 0.000000 0.000000
435000 3 G -175.568344 11.240834 -81.491028 2.150000 0.000000 0.000000
435000 4 P -170.707458 8.886339 -80.441338 2.110000 -1.000000 0.000000
435000 5 S -173.140503 6.891803 -78.355247 1.800000 0.000000 0.000000
435000 6 G -175.689713 6.658787 -80.878662 2.150000 0.000000 0.000000
435000 7 P -170.638550 5.259824 -80.733116 2.110000 -1.000000 0.000000
435000 8 S -172.388916 2.022817 -80.600655 1.800000 0.000000 0.000000
435000 9 G -175.160507 3.016056 -82.603539 2.150000 0.000000 0.000000
435000 10 P -169.555222 1.402906 -82.727852 2.110000 -1.000000 0.000000
435000 11 S -170.997910 -0.795465 -85.327347 1.800000 0.000000 0.000000
435000 12 C -173.025879 1.669000 -86.536743 2.150000 0.000000 0.000000
435000 13 P -167.479553 0.644698 -86.552399 2.110000 -1.000000 0.000000
435000 14 S -169.232666 2.247620 -89.493240 1.800000 0.000000 0.000000
435000 15 G -170.583725 4.863116 -87.511925 2.150000 0.000000 0.000000
435000 16 P -166.220749 4.571645 -90.815315 2.110000 -1.000000 0.000000
435000 17 S -168.444855 6.639505 -93.007683 1.800000 0.000000 0.000000
435000 18 C -166.614990 9.593280 -93.841660 2.150000 0.000000 0.000000
435000 19 P -171.220673 8.053894 -90.787437 2.110000 -1.000000 0.000000
435000 20 S -172.227310 9.143806 -94.273315 1.800000 0.000000 0.000000
435000 21 A -172.975723 5.908567 -94.877884 2.150000 0.000000 0.000000
435000 22 P -175.866104 10.112860 -93.816566 2.110000 -1.000000 0.000000
435000 23 S -177.049942 9.946349 -97.362328 1.800000 0.000000 0.000000
435000 24 A -175.887222 6.627312 -97.638351 2.150000 0.000000 0.000000
435000 25 P -180.516983 9.435431 -95.631302 2.110000 -1.000000 0.000000
435000 26 S -179.593826 5.652218 -96.169189 1.800000 0.000000 0.000000
435000 27 G -177.511826 3.788267 -94.270897 2.150000 0.000000 0.000000
435000 28 P -182.808914 5.992003 -93.796509 2.110000 -1.000000 0.000000
435000 29 S -183.037994 2.543810 -92.202667 1.800000 0.000000 0.000000
435000 30 C -180.218765 2.505662 -90.221443 2.150000 0.000000 0.000000
435000 31 P -185.603653 4.507429 -90.247444 2.110000 -1.000000 0.000000
435000 32 S -185.012039 2.489582 -87.193718 1.800000 0.000000 0.000000
435000 33 C -182.154480 3.868869 -86.621544 2.150000 0.000000 0.000000
435000 34 P -187.028275 4.347483 -84.764893 2.110000 -1.000000 0.000000
435000 35 S -184.940903 3.168601 -81.719673 1.800000 0.000000 0.000000
435000 36 U -181.841843 4.750864 -82.864037 2.150000 0.000000 0.000000
435000 37 P -186.880035 5.957314 -80.144768 2.110000 -1.000000 0.000000
440000 1 P -174.409271 10.381375 -83.610695 2.110000 -1.000000 1.000000
440000 2 S -174.895355 7.928485 -80.732887 1.800000 0.000000 0.000000
440000 3 G -178.080124 6.623416 -81.182190 2.150000 0.000000 0.000000
440000 4 P -172.307220 5.386059 -82.105362 2.110000 -1.000000 0.000000
440000 5 S -174.684509 2.675653 -80.799240 1.800000 0.000000 0.000000
440000 6 G -177.040649 3.348173 -83.481255 2.150000 0.000000 0.000000
440000 7 P -172.577255 0.518499 -82.914696 2.110000 -1.000000 0.000000
440000 8 S -175.164383 -1.614543 -84.722786 1.800000 0.000000 0.000000
440000 9 G -176.393951 0.827725 -86.865906 2.150000 0.000000 0.000000
440000 10 P -172.040604 -2.363593 -86.413948 2.110000 -1.000000 0.000000
440000 11 S -173.395645 -3.689734 -89.700233 1.800000 0.000000 0.000000
440000 12 C -176.023071 -1.585445 -90.399109 2.150000 0.000000 0.000000
440000 13 P -169.961624 -2.830190 -91.090431 2.110000 -1.000000 0.000000
440000 14 S -170.535522 -1.849028 -94.790321 1.800000 0.000000 0.000000
440000 15 G -172.488373 0.531929 -93.044746 2.150000 0.000000 0.000000
440000 16 P -167.676941 0.137113 -95.541328 2.110000 -1.000000 0.000000
440000 17 S -169.302826 2.731835 -97.689629 1.800000 0.000000 0.000000
440000 18 C -171.162369 0.223618 -99.034821 2.150000 0.000000 0.000000
440000 19 P -171.278549 3.903134 -94.700142 2.110000 -1.000000 0.000000
440000 20 S -172.821198 6.828892 -96.673119 1.800000 0.000000 0.000000
440000 21 A -174.505020 4.713634 -99.170692 2.150000 0.000000 0.000000
440000 22 P -176.127945 7.351387 -94.957634 2.110000 -1.000000 0.000000
440000 23 S -176.996262 9.512931 -97.890518 1.800000 0.000000 0.000000
440000 24 A -177.713486 7.167254 -100.085266 2.150000 0.000000 0.000000
440000 25 P -180.579010 10.164560 -96.703911 2.110000 -1.000000 0.000000
440000 26 S -181.702118 6.596406 -97.316353 1.800000 0.000000 0.000000
440000 27 G -179.987518 5.568128 -94.269455 2.150000 0.000000 0.000000
440000 28 P -185.134155 7.515411 -95.564285 2.110000 -1.000000 0.000000
440000 29 S -185.423309 3.951908 -94.536842 1.800000 0.000000 0.000000
440000 30 C -183.002380 4.036659 -92.075836 2.150000 0.000000 0.000000
440000 31 P -188.136017 3.791137 -91.697739 2.110000 -1.000000 0.000000
440000 32 S -186.905884 0.393496 -90.178589 1.800000 0.000000 0.000000
440000 33 C -184.221832 2.018201 -88.670479 2.150000 0.000000 0.000000
440000 34 P -189.460754 1.577307 -87.758278 2.110000 -1.000000 0.000000
440000 35 S -188.097763 0.272930 -84.538689 1.800000 0.000000 0.000000
440000 36 U -185.455383 2.289955 -83.836967 2.150000 0.000000 0.000000
440000 37 P -190.933655 2.550173 -82.905746 2.110000 -1.000000 0.000000
445000 1 P -173.359924 3.106461 -82.119156 2.110000 -1.000000 1.000000
445000 2 S -174.674576 -0.294358 -81.327431 1.800000 0.000000 0.000000
445000 3 G -176.651154 -0.809878 -84.174759 2.150000 0.000000 0.000000
445000 4 P -171.450928 -1.678569 -83.138168 2.110000 -1.000000 0.000000
445000 5 S -173.304382 -4.833238 -83.693359 1.800000 0.000000 0.000000
445000 6 G -175.000504 -4.164717 -86.492889 2.150000 0.000000 0.000000
445000 7 P -170.193771 -5.177684 -85.675705 2.110000 -1.000000 0.000000
445000 8 S -172.134842 -6.779108 -88.606293 1.800000 0.000000 0.000000
445000 9 G -172.802948 -3.347391 -89.266724 2.150000 0.000000 0.000000
445000 10 P -168.992981 -7.466839 -90.472252 2.110000 -1.000000 0.000000
445000 11 S -170.301743 -6.984096 -93.994659 1.800000 0.000000 0.000000
445000 12 C -170.717606 -3.381252 -93.744362 2.150000 0.000000 0.000000
445000 13 P -166.479630 -6.865614 -94.692337 2.110000 -1.000000 0.000000
445000 14 S -166.421982 -3.461357 -96.485008 1.800000 0.000000 0.000000
445000 15 G -167.180527 -1.414539 -93.773849 2.150000 0.000000 0.000000
445000 16 P -162.870819 -2.199102 -96.725357 2.110000 -1.000000 0.000000
445000 17 S -164.527832 0.954254 -97.776268 1.800000 0.000000 0.000000
445000 18 C -161.344543 2.071597 -97.282837 2.150000 0.000000 0.000000
445000 19 P -166.906311 2.566566 -95.333221 2.110000 -1.000000 0.000000
445000 20 S -167.571899 5.269693 -97.993553 1.800000 0.000000 0.000000
445000 21 A -167.788391 3.064354 -100.972214 2.150000 0.000000 0.000000
445000 22 P -170.389618 6.202675 -95.087982 2.110000 -1.000000 0.000000
445000 23 S -170.571625 9.812058 -95.718315 1.800000 0.000000 0.000000
445000 24 A -170.047516 10.530538 -99.147308 2.150000 0.000000 0.000000
445000 25 P -174.437790 10.020346 -94.706985 2.110000 -1.000000 0.000000
445000 26 S -175.415085 7.316699 -97.230095 1.800000 0.000000 0.000000
445000 27 G -174.120224 4.392572 -95.720268 2.150000 0.000000 0.000000
445000 28 P -179.017517 6.747676 -96.254562 2.110000 -1.000000 0.000000
445000 29 S -179.704712 2.987873 -97.226143 1.800000 0.000000 0.000000
445000 30 C -177.446304 2.581854 -94.462326 2.150000 0.000000 0.000000
445000 31 P -183.020737 1.571421 -96.099457 2.110000 -1.000000 0.000000
445000 32 S -182.012009 -2.062679 -96.623070 1.800000 0.000000 0.000000
445000 33 C -179.780197 -1.554935 -93.932869 2.150000 0.000000 0.000000
445000 34 P -185.193085 -2.836045 -94.604767 2.110000 -1.000000 0.000000
445000 35 S -184.077240 -5.742690 -92.348534 1.800000 0.000000 0.000000
445000 36 U -182.658600 -5.197930 -89.126266 2.150000 0.000000 0.000000
445000 37 P -187.343842 -6.035255 -90.484200 2.110000 -1.000000 0.000000
450000 1 P -178.292862 5.972178 -78.492416 2.110000 -1.000000 1.000000
450000 2 S -180.359955 2.680594 -78.233246 1.800000 0.000000 0.000000
450000 3 G -182.276215 3.711439 -80.884506 2.150000 0.000000 0.000000
450000 4 P -177.378555 0.812373 -80.369240 2.110000 -1.000000 0.000000
450000 5 S -179.261627 -2.032409 -82.222076 1.800000 0.000000 0.000000
450000 6 G -180.153763 0.435924 -84.520233 2.150000 0.000000 0.000000
450000 7 P -176.221603 -3.225795 -83.872902 2.110000 -1.000000 0.000000
450000 8 S -178.389847 -4.887461 -86.624695 1.800000 0.000000 0.000000
450000 9 G -179.133331 -2.038849 -88.381691 2.150000 0.000000 0.000000
450000 10 P -174.780899 -4.677027 -87.731888 2.110000 -1.000000 0.000000
450000 11 S -175.482910 -4.846282 -91.628357 1.800000 0.000000 0.000000
450000 12 C -177.011383 -1.605731 -92.337776 2.150000 0.000000 0.000000
450000 13 P -171.835419 -4.337012 -92.014366 2.110000 -1.000000 0.000000
450000 14 S -171.062775 -2.884450 -95.331718 1.800000 0.000000 0.000000
450000 15 G -172.682388 -0.099290 -93.767616 2.150000 0.000000 0.000000
450000 16 P -167.537766 -1.854466 -93.687584 2.110000 -1.000000 0.000000
450000 17 S -166.666275 0.955007 -96.076508 1.800000 0.000000 0.000000
450000 18 C -164.336609 2.391038 -93.826485 2.150000 0.000000 0.000000
450000 19 P -169.031677 2.710323 -93.915527 2.110000 -1.000000 0.000000
450000 20 S -169.479904 5.821850 -96.185890 1.800000 0.000000 0.000000
450000 21 A -171.288422 4.405606 -98.705322 2.150000 0.000000 0.000000
450000 22 P -172.727829 7.162181 -94.839935 2.110000 -1.000000 0.000000
450000 23 S -173.273666 11.005986 -94.969635 1.800000 0.000000 0.000000
450000 24 A -173.340942 12.033732 -98.145073 2.150000 0.000000 0.000000
450000 25 P -177.076462 11.827071 -94.661224 2.110000 -1.000000 0.000000
450000 26 S -178.281494 9.255033 -97.195908 1.800000 0.000000 0.000000
450000 27 G -177.408646 6.653500 -95.086937 2.150000 0.000000 0.000000
450000 28 P -182.294800 8.767462 -97.118164 2.110000 -1.000000 0.000000
450000 29 S -182.268753 5.070972 -97.893318 1.800000 0.000000 0.000000
450000 30 C -180.595642 3.836656 -94.865746 2.150000 0.000000 0.000000
450000 31 P -185.863983 4.773229 -96.471619 2.110000 -1.000000 0.000000
450000 32 S -185.280350 1.105858 -95.565422 1.800000 0.000000 0.000000
450000 33 C -183.592697 1.821210 -92.665123 2.150000 0.000000 0.000000
450000 34 P -188.342590 2.225661 -93.836983 2.110000 -1.000000 0.000000
450000 35 S -188.591431 -0.132548 -90.758949 1.800000 0.000000 0.000000
450000 36 U -186.012161 1.076802 -88.689705 2.150000 0.000000 0.000000
450000 37 P -191.508301 1.073676 -88.587395 2.110000 -1.000000 0.000000
455000 1 P -178.317139 0.146370 -86.222923 2.110000 -1.000000 1.000000
455000 2 S -181.301239 -2.058228 -84.891762 1.800000 0.000000 0.000000
455000 3 G -183.728790 -1.360497 -87.320602 2.150000 0.000000 0.000000
455000 4 P -179.144791 -4.257699 -87.120972 2.110000 -1.000000 0.000000
455000 5 S -182.059601 -6.216329 -88.485245 1.800000 0.000000 0.000000
455000 6 G -183.412125 -3.918238 -90.523796 2.150000 0.000000 0.000000
455000 7 P -179.566711 -6.587680 -91.042671 2.110000 -1.000000 0.000000
455000 8 S -181.686523 -6.195813 -94.086578 1.800000 0.000000 0.000000
455000 9 G -182.542023 -2.923025 -94.584908 2.150000 0.000000 0.000000
455000 10 P -178.277771 -6.257830 -95.829933 2.110000 -1.000000 0.000000
455000 11 S -178.917755 -4.087366 -98.918518 1.800000 0.000000 0.000000
455000 12 C -179.044785 -0.971629 -97.143951 2.150000 0.000000 0.000000
455000 13 P -175.064865 -4.076697 -99.603355 2.110000 -1.000000 0.000000
455000 14 S -174.233536 -0.395944 -99.645882 1.800000 0.000000 0.000000
455000 15 G -174.612564 -0.744038 -96.170349 2.150000 0.000000 0.000000
455000 16 P -170.457275 0.535272 -99.323036 2.110000 -1.000000 0.000000
455000 17 S -171.419693 4.202565 -99.831841 1.800000 0.000000 0.000000
455000 18 C -168.220840 5.223782 -99.255577 2.150000 0.000000 0.000000
455000 19 P -172.647903 5.982672 -96.721581 2.110000 -1.000000 0.000000
455000 20 S -172.754883 9.650817 -97.596519 1.800000 0.000000 0.000000
455000 21 A -175.614960 8.943700 -99.429047 2.150000 0.000000 0.000000
455000 22 P -174.587418 10.890625 -94.489174 2.110000 -1.000000 0.000000
455000 23 S -177.819031 11.796028 -96.363716 1.800000 0.000000 0.000000
455000 24 A -178.350876 8.426945 -96.130035 2.150000 0.000000 0.000000
455000 25 P -180.906998 12.232555 -94.072166 2.110000 -1.000000 0.000000
455000 26 S -183.045868 10.706583 -96.837616 1.800000 0.000000 0.000000
455000 27 G -182.512894 7.083358 -96.354088 2.150000 0.000000 0.000000
455000 28 P -186.654343 10.362236 -95.698433 2.110000 -1.000000 0.000000
455000 29 S -187.897293 7.307487 -97.703255 1.800000 0.000000 0.000000
455000 30 C -185.844330 4.781322 -97.164276 2.150000 0.000000 0.000000
455000 31 P -191.207092 5.451397 -97.100868 2.110000 -1.000000 0.000000
455000 32 S -190.781158 1.821212 -98.013283 1.800000 0.000000 0.000000
455000 33 C -189.134598 0.895690 -95.021866 2.150000 0.000000 0.000000
455000 34 P -193.789688 0.062688 -96.703781 2.110000 -1.000000 0.000000
455000 35 S -192.201111 -3.284523 -95.828751 1.800000 0.000000 0.000000
455000 36 U -189.378632 -3.962626 -93.963783 2.150000 0.000000 0.000000
455000 37 P -194.462296 -5.591347 -93.964523 2.110000 -1.000000 0.000000
460000 1 P -178.672943 -0.772068 -81.948746 2.110000 -1.000000 1.000000
460000 2 S -180.772491 -3.910212 -82.572342 1.800000 0.000000 0.000000
460000 3 G -182.847748 -2.179665 -84.736580 2.150000 0.000000 0.000000
460000 4 P -178.491348 -5.614247 -85.309883 2.110000 -1.000000 0.000000
460000 5 S -181.428680 -7.584426 -86.694489 1.800000 0.000000 0.000000
460000 6 G -183.509277 -4.847485 -87.824638 2.150000 0.000000 0.000000
460000 7 P -179.651855 -8.749525 -89.921875 2.110000 -1.000000 0.000000
460000 8 S -182.263428 -9.471507 -92.506134 1.800000 0.000000 0.000000
460000 9 G -183.973877 -6.538836 -93.331635 2.150000 0.000000 0.000000
460000 10 P -179.710831 -9.563058 -95.476982 2.110000 -1.000000 0.000000
460000 11 S -181.318008 -7.675551 -98.377220 1.800000 0.000000 0.000000
460000 12 C -180.887543 -4.839137 -96.615196 2.150000 0.000000 0.000000
460000 13 P -177.442627 -7.190438 -99.122894 2.110000 -1.000000 0.000000
460000 14 S -176.789658 -3.614196 -100.448624 1.800000 0.000000 0.000000
460000 15 G -177.946320 -2.377928 -97.385437 2.150000 0.000000 0.000000
460000 16 P -172.939880 -2.970865 -100.160385 2.110000 -1.000000 0.000000
460000 17 S -172.921921 0.761681 -99.839691 1.800000 0.000000 0.000000
460000 18 C -175.662949 0.976779 -102.336372 2.150000 0.000000 0.000000
460000 19 P -174.267090 1.811530 -96.442642 2.110000 -1.000000 0.000000
460000 20 S -175.408401 5.149092 -97.790451 1.800000 0.000000 0.000000
460000 21 A -177.536179 3.574898 -100.012466 2.150000 0.000000 0.000000
460000 22 P -178.210693 5.076817 -94.907211 2.110000 -1.000000 0.000000
460000 23 S -179.641113 8.397851 -96.177940 1.800000 0.000000 0.000000
460000 24 A -180.248032 6.195622 -98.490471 2.150000 0.000000 0.000000
460000 25 P -183.372772 8.662621 -95.088196 2.110000 -1.000000 0.000000
460000 26 S -184.214783 6.447698 -97.998955 1.800000 0.000000 0.000000
460000 27 G -182.543121 4.215432 -95.992126 2.150000 0.000000 0.000000
460000 28 P -187.230804 6.600923 -95.774582 2.110000 -1.000000 0.000000
460000 29 S -188.796539 3.603865 -97.730827 1.800000 0.000000 0.000000
460000 30 C -186.612106 1.022499 -96.918770 2.150000 0.000000 0.000000
460000 31 P -191.644592 3.568069 -95.295670 2.110000 -1.000000 0.000000
460000 32 S -191.503525 -0.156003 -95.075928 1.800000 0.000000 0.000000
460000 33 C -188.456589 -0.126829 -93.441826 2.150000 0.000000 0.000000
460000 34 P -194.349915 0.345562 -92.595451 2.110000 -1.000000 0.000000
460000 35 S -193.644562 -2.725136 -90.312691 1.800000 0.000000 0.000000
460000 36 U -190.897186 -1.458083 -88.354370 2.150000 0.000000 0.000000
460000 37 P -195.410950 -1.595178 -87.119232 2.110000 -1.000000 0.000000
465000 1 P -177.360443 -4.008548 -87.712578 2.110000 -1.000000 1.000000
465000 2 S -179.592682 -7.091877 -87.147629 1.800000 0.000000 0.000000
465000 3 G -181.625122 -5.835865 -89.558708 2.150000 0.000000 0.000000
465000 4 P -176.967926 -7.580008 -90.254662 2.110000 -1.000000 0.000000
465000 5 S -179.055603 -9.750028 -92.656471 1.800000 0.000000 0.000000
465000 6 G -180.717056 -6.912894 -93.847054 2.150000 0.000000 0.000000
465000 7 P -176.109406 -8.669231 -94.835472 2.110000 -1.000000 0.000000
465000 8 S -178.648376 -8.913492 -97.581512 1.800000 0.000000 0.000000
465000 9 G -180.220200 -5.821030 -97.176048 2.150000 0.000000 0.000000
465000 10 P -176.274002 -7.730624 -100.236710 2.110000 -1.000000 0.000000
465000 11 S -177.817337 -5.765157 -103.185959 1.800000 0.000000 0.000000
465000 12 C -179.145798 -3.271123 -101.182030 2.150000 0.000000 0.000000
465000 13 P -174.525406 -4.060811 -104.009163 2.110000 -1.000000 0.000000
465000 14 S -175.641037 -0.646631 -105.289680 1.800000 0.000000 0.000000
465000 15 G -176.697968 -0.097545 -101.923744 2.150000 0.000000 0.000000
465000 16 P -171.844406 -0.418382 -104.143105 2.110000 -1.000000 0.000000
465000 17 S -171.893997 3.326271 -104.042618 1.800000 0.000000 0.000000
465000 18 C -175.243347 4.243042 -104.953041 2.150000 0.000000 0.000000
465000 19 P -171.357666 3.878748 -100.340614 2.110000 -1.000000 0.000000
465000 20 S -173.840591 6.433176 -99.359436 1.800000 0.000000 0.000000
465000 21 A -175.927872 3.822699 -100.339149 2.150000 0.000000 0.000000
465000 22 P -175.301224 6.761426 -95.741982 2.110000 -1.000000 0.000000
465000 23 S -178.126831 8.775534 -97.101814 1.800000 0.000000 0.000000
465000 24 A -179.724136 6.870255 -99.327545 2.150000 0.000000 0.000000
465000 25 P -181.196365 9.007355 -94.757645 2.110000 -1.000000 0.000000
465000 26 S -183.500214 7.525082 -97.555794 1.800000 0.000000 0.000000
465000 27 G -181.928345 4.426396 -97.459023 2.150000 0.000000 0.000000
465000 28 P -186.522293 6.409875 -96.020210 2.110000 -1.000000 0.000000
465000 29 S -186.700287 4.252862 -99.102501 1.800000 0.000000 0.000000
465000 30 C -184.430786 1.658192 -98.840355 2.150000 0.000000 0.000000
465000 31 P -189.760483 2.421682 -97.716644 2.110000 -1.000000 0.000000
465000 32 S -189.107666 -0.335668 -100.299423 1.800000 0.000000 0.000000
465000 33 C -186.492111 -2.357990 -98.744141 2.150000 0.000000 0.000000
465000 34 P -192.028656 -2.552309 -98.754372 2.110000 -1.000000 0.000000
465000 35 S -190.330475 -5.766055 -98.141502 1.800000 0.000000 0.000000
465000 36 U -188.370255 -6.213655 -95.207451 2.150000 0.000000 0.000000
465000 37 P -193.149307 -6.966054 -95.966675 2.110000 -1.000000 0.000000
470000 1 P -178.225143 -10.734351 -79.651276 2.110000 -1.000000 1.000000
470000 2 S -181.038620 -13.197723 -80.019035 1.800000 0.000000 0.000000
470000 3 G -183.972015 -11.373495 -78.996223 2.150000 0.000000 0.000000
470000 4 P -180.408096 -13.327716 -83.725105 2.110000 -1.000000 0.000000
470000 5 S -183.855209 -14.378103 -84.722725 1.800000 0.000000 0.000000
470000 6 G -185.043396 -11.243057 -83.914398 2.150000 0.000000 0.000000
470000 7 P -182.334305 -13.577761 -87.960442 2.110000 -1.000000 0.000000
470000 8 S -184.917511 -12.072722 -90.339500 1.800000 0.000000 0.000000
470000 9 G -185.619202 -9.215072 -88.408272 2.150000 0.000000 0.000000
470000 10 P -181.885132 -11.344634 -92.797020 2.110000 -1.000000 0.000000
470000 11 S -183.065506 -8.020122 -94.516785 1.800000 0.000000 0.000000
470000 12 C -183.127914 -6.044221 -91.541710 2.150000 0.000000 0.000000
470000 13 P -179.163773 -7.453143 -95.058876 2.110000 -1.000000 0.000000
470000 14 S -179.792603 -3.774884 -95.500595 1.800000 0.000000 0.000000
470000 15 G -178.708191 -3.148241 -98.848961 2.150000 0.000000 0.000000
470000 16 P -177.014084 -1.874342 -93.629066 2.110000 -1.000000 0.000000
470000 17 S -178.742752 1.227231 -95.051498 1.800000 0.000000 0.000000
470000 18 C -180.729935 0.032563 -92.654358 2.150000 0.000000 0.000000
470000 19 P -176.748535 3.099203 -92.594307 2.110000 -1.000000 0.000000
470000 20 S -178.279037 6.501069 -93.542000 1.800000 0.000000 0.000000
470000 21 A -181.009842 4.580137 -93.091629 2.150000 0.000000 0.000000
470000 22 P -176.976608 6.637501 -89.988724 2.110000 -1.000000 0.000000
470000 23 S -180.602005 6.671046 -88.771332 1.800000 0.000000 0.000000
470000 24 A -179.847610 3.451173 -89.159233 2.150000 0.000000 0.000000
470000 25 P -180.889664 6.265327 -85.098114 2.110000 -1.000000 0.000000
470000 26 S -184.079208 4.539942 -85.888611 1.800000 0.000000 0.000000
470000 27 G -183.091385 1.340305 -87.108002 2.150000 0.000000 0.000000
470000 28 P -186.076523 3.840123 -82.725098 2.110000 -1.000000 0.000000
470000 29 S -188.929199 2.212446 -84.825317 1.800000 0.000000 0.000000
470000 30 C -187.395767 -0.827133 -85.947929 2.150000 0.000000 0.000000
470000 31 P -191.406433 1.149336 -82.303787 2.110000 -1.000000 0.000000
470000 32 S -193.090637 -1.865737 -84.117256 1.800000 0.000000 0.000000
470000 33 C -190.436615 -4.013959 -83.628723 2.150000 0.000000 0.000000
470000 34 P -194.738251 -3.351722 -80.820297 2.110000 -1.000000 0.000000
470000 35 S -195.062363 -6.963356 -81.830292 1.800000 0.000000 0.000000
470000 36 U -191.798706 -7.851717 -82.723015 2.150000 0.000000 0.000000
470000 37 P -195.636078 -9.420513 -78.785782 2.110000 -1.000000 0.000000
475000 1 P -192.937317 -18.468512 -80.451942 2.110000 -1.000000 1.000000
475000 2 S -193.974243 -16.027859 -83.238297 1.800000 0.000000 0.000000
475000 3 G -192.667068 -12.756522 -82.223534 2.150000 0.000000 0.000000
475000 4 P -191.472061 -16.101168 -85.957512 2.110000 -1.000000 0.000000
475000 5 S -193.026245 -13.628270 -88.476089 1.800000 0.000000 0.000000
475000 6 G -192.822250 -10.648590 -86.697006 2.150000 0.000000 0.000000
475000 7 P -190.253860 -12.888800 -91.044792 2.110000 -1.000000 0.000000
475000 8 S -191.991440 -10.057932 -92.973557 1.800000 0.000000 0.000000
475000 9 G -191.350494 -7.583495 -90.715042 2.150000 0.000000 0.000000
475000 10 P -188.296829 -10.438631 -93.944977 2.110000 -1.000000 0.000000
475000 11 S -188.269714 -7.250919 -95.931992 1.800000 0.000000 0.000000
475000 12 C -190.075012 -4.954599 -94.193497 2.150000 0.000000 0.000000
475000 13 P -184.693207 -6.344801 -96.634926 2.110000 -1.000000 0.000000
475000 14 S -186.038956 -2.700210 -96.341537 1.800000 0.000000 0.000000
475000 15 G -186.351990 -2.783250 -92.900146 2.150000 0.000000 0.000000
475000 16 P -182.894302 -0.897896 -95.516335 2.110000 -1.000000 0.000000
475000 17 S -183.852768 1.516483 -98.314430 1.800000 0.000000 0.000000
475000 18 C -180.375565 1.236466 -99.142143 2.150000 0.000000 0.000000
475000 19 P -181.907043 3.268596 -95.555359 2.110000 -1.000000 0.000000
475000 20 S -184.153854 6.339262 -95.755554 1.800000 0.000000 0.000000
475000 21 A -186.770432 4.341421 -95.259155 2.150000 0.000000 0.000000
475000 22 P -184.282318 6.313130 -91.946136 2.110000 -1.000000 0.000000
475000 23 S -187.621536 7.819048 -91.450050 1.800000 0.000000 0.000000
475000 24 A -189.185318 4.790148 -91.902786 2.150000 0.000000 0.000000
475000 25 P -187.932816 6.992732 -87.848701 2.110000 -1.000000 0.000000
475000 26 S -191.612808 5.880068 -88.180389 1.800000 0.000000 0.000000
475000 27 G -190.697220 2.552956 -89.215057 2.150000 0.000000 0.000000
475000 28 P -192.930206 4.921242 -84.834061 2.110000 -1.000000 0.000000
475000 29 S -195.552719 3.019552 -86.907104 1.800000 0.000000 0.000000
475000 30 C -193.254211 0.494363 -87.284843 2.150000 0.000000 0.000000
475000 31 P -195.576080 2.588552 -83.090645 2.110000 -1.000000 0.000000
475000 32 S -198.042282 -0.276208 -82.125031 1.800000 0.000000 0.000000
475000 33 C -196.275406 -3.000109 -83.516342 2.150000 0.000000 0.000000
475000 34 P -195.955261 0.192073 -78.752205 2.110000 -1.000000 0.000000
475000 35 S -197.666519 -2.971265 -77.428902 1.800000 0.000000 0.000000
475000 36 U -195.904968 -4.786610 -79.683777 2.150000 0.000000 0.000000
475000 37 P -196.315659 -3.763495 -73.935440 2.110000 -1.000000 0.000000
480000 1 P -178.718491 -14.335169 -73.159142 2.110000 -1.000000 1.000000
480000 2 S -181.645020 -16.698072 -74.018806 1.800000 0.000000 0.000000
480000 3 G -183.641098 -14.162099 -74.241997 2.150000 0.000000 0.000000
480000 4 P -180.509949 -16.750160 -77.588737 2.110000 -1.000000 0.000000
480000 5 S -184.128799 -16.839615 -79.061554 1.800000 0.000000 0.000000
480000 6 G -184.658783 -13.156587 -78.787582 2.150000 0.000000 0.000000
480000 7 P -183.544632 -16.453644 -82.770241 2.110000 -1.000000 0.000000
480000 8 S -186.565109 -15.094607 -84.639801 1.800000 0.000000 0.000000
480000 9 G -187.432816 -11.995328 -83.243942 2.150000 0.000000 0.000000
480000 10 P -184.966690 -13.727674 -87.963577 2.110000 -1.000000 0.000000
480000 11 S -187.804550 -11.678699 -89.325928 1.800000 0.000000 0.000000
480000 12 C -187.015625 -9.182211 -87.157913 2.150000 0.000000 0.000000
480000 13 P -184.844650 -10.620542 -91.298950 2.110000 -1.000000 0.000000
480000 14 S -185.821503 -7.564955 -93.343781 1.800000 0.000000 0.000000
480000 15 G -186.891846 -6.086342 -90.625656 2.150000 0.000000 0.000000
480000 16 P -182.141891 -7.203873 -92.894661 2.110000 -1.000000 0.000000
480000 17 S -182.176285 -3.440122 -92.403984 1.800000 0.000000 0.000000
480000 18 C -181.480835 -2.578031 -95.803749 2.150000 0.000000 0.000000
480000 19 P -178.725555 -2.918779 -90.871376 2.110000 -1.000000 0.000000
480000 20 S -181.018875 0.050370 -89.900307 1.800000 0.000000 0.000000
480000 21 A -182.934799 -2.662564 -88.758545 2.150000 0.000000 0.000000
480000 22 P -179.233231 1.301249 -86.513863 2.110000 -1.000000 0.000000
480000 23 S -182.795853 1.885796 -85.333839 1.800000 0.000000 0.000000
480000 24 A -183.044479 -1.361984 -84.416382 2.150000 0.000000 0.000000
480000 25 P -183.252747 2.772557 -81.682915 2.110000 -1.000000 0.000000
480000 26 S -186.864578 1.532201 -81.345055 1.800000 0.000000 0.000000
480000 27 G -187.994888 -1.542630 -82.589241 2.150000 0.000000 0.000000
480000 28 P -187.534531 1.029545 -77.550957 2.110000 -1.000000 0.000000
480000 29 S -190.542358 -0.946791 -78.758430 1.800000 0.000000 0.000000
480000 30 C -188.902039 -4.101571 -79.533661 2.150000 0.000000 0.000000
480000 31 P -192.420197 -2.357806 -75.878395 2.110000 -1.000000 0.000000
480000 32 S -193.887711 -5.524905 -77.806961 1.800000 0.000000 0.000000
480000 33 C -191.090973 -7.470592 -77.877716 2.150000 0.000000 0.000000
480000 34 P -195.288803 -6.902485 -74.633110 2.110000 -1.000000 0.000000
480000 35 S -195.304977 -10.588896 -75.600494 1.800000 0.000000 0.000000
480000 36 U -192.260330 -10.794389 -73.778145 2.150000 0.000000 0.000000
480000 37 P -196.188400 -13.076089 -72.748856 2.110000 -1.000000 0.000000
485000 1 P -182.504028 -21.231512 -70.552544 2.110000 -1.000000 1.000000
485000 2 S -185.736313 -22.965887 -71.875175 1.800000 0.000000 0.000000
485000 3 G -187.320587 -19.894306 -71.526176 2.150000 0.000000 0.000000
485000 4 P -184.417282 -22.616777 -75.516708 2.110000 -1.000000 0.000000
485000 5 S -187.100098 -21.631273 -78.046059 1.800000 0.000000 0.000000
485000 6 G -187.159958 -18.263058 -76.934265 2.150000 0.000000 0.000000
485000 7 P -184.936676 -20.730738 -81.066216 2.110000 -1.000000 0.000000
485000 8 S -187.189346 -18.133368 -82.958229 1.800000 0.000000 0.000000
485000 9 G -186.509796 -15.429516 -80.697777 2.150000 0.000000 0.000000
485000 10 P -184.785629 -16.948032 -85.672447 2.110000 -1.000000 0.000000
485000 11 S -186.872162 -14.063997 -86.872757 1.800000 0.000000 0.000000
485000 12 C -186.321228 -12.430787 -83.990555 2.150000 0.000000 0.000000
485000 13 P -183.813263 -13.413304 -88.873184 2.110000 -1.000000 0.000000
485000 14 S -185.286224 -10.137189 -89.378593 1.800000 0.000000 0.000000
485000 15 G -186.804443 -9.029555 -86.523148 2.150000 0.000000 0.000000
485000 16 P -181.780792 -8.580734 -89.796005 2.110000 -1.000000 0.000000
485000 17 S -182.886292 -5.360963 -88.061531 1.800000 0.000000 0.000000
485000 18 C -182.953903 -6.904246 -84.957489 2.150000 0.000000 0.000000
485000 19 P -180.153412 -2.645100 -87.195511 2.110000 -1.000000 0.000000
485000 20 S -181.486343 -1.562700 -83.881721 1.800000 0.000000 0.000000
485000 21 A -183.343613 1.064349 -85.245728 2.150000 0.000000 0.000000
485000 22 P -179.060745 0.158325 -81.960709 2.110000 -1.000000 0.000000
485000 23 S -182.014114 -1.296399 -79.783409 1.800000 0.000000 0.000000
485000 24 A -181.143875 -4.645727 -80.543793 2.150000 0.000000 0.000000
485000 25 P -182.117355 -2.128906 -75.888634 2.110000 -1.000000 0.000000
485000 26 S -185.643066 -2.101287 -77.213722 1.800000 0.000000 0.000000
485000 27 G -184.940582 -4.769197 -79.230904 2.150000 0.000000 0.000000
485000 28 P -188.491959 -3.318729 -74.865677 2.110000 -1.000000 0.000000
485000 29 S -191.039154 -4.532497 -77.224480 1.800000 0.000000 0.000000
485000 30 C -189.242157 -7.396889 -78.440086 2.150000 0.000000 0.000000
485000 31 P -193.073349 -5.564780 -74.056915 2.110000 -1.000000 0.000000
485000 32 S -193.681946 -8.520206 -76.596291 1.800000 0.000000 0.000000
485000 33 C -190.849197 -10.372951 -75.853714 2.150000 0.000000 0.000000
485000 34 P -195.984253 -9.906590 -73.892433 2.110000 -1.000000 0.000000
485000 35 S -196.557587 -13.442306 -75.533844 1.800000 0.000000 0.000000
485000 36 U -193.273758 -14.024128 -74.814049 2.150000 0.000000 0.000000
485000 37 P -198.077393 -15.405976 -72.279007 2.110000 -1.000000 0.000000
490000 1 P -181.525284 -21.213850 -73.111427 2.110000 -1.000000 1.000000
490000 2 S -184.946579 -21.977093 -74.598526 1.800000 0.000000 0.000000
490000 3 G -186.689896 -18.967865 -74.752800 2.150000 0.000000 0.000000
490000 4 P -183.340790 -21.689138 -78.053871 2.110000 -1.000000 0.000000
490000 5 S -186.544495 -22.219498 -79.799034 1.800000 0.000000 0.000000
490000 6 G -187.905304 -19.086992 -79.460724 2.150000 0.000000 0.000000
490000 7 P -185.427750 -21.373507 -83.338943 2.110000 -1.000000 0.000000
490000 8 S -187.864578 -19.733805 -85.718346 1.800000 0.000000 0.000000
490000 9 G -187.939575 -16.963789 -83.784172 2.150000 0.000000 0.000000
490000 10 P -184.845581 -19.914089 -87.903343 2.110000 -1.000000 0.000000
490000 11 S -185.233307 -16.926508 -90.193573 1.800000 0.000000 0.000000
490000 12 C -185.812683 -14.142818 -88.172577 2.150000 0.000000 0.000000
490000 13 P -181.724411 -16.357248 -91.264618 2.110000 -1.000000 0.000000
490000 14 S -181.850967 -12.742003 -90.226265 1.800000 0.000000 0.000000
490000 15 G -182.135788 -13.121185 -86.636620 2.150000 0.000000 0.000000
490000 16 P -178.415421 -11.428457 -89.961906 2.110000 -1.000000 0.000000
490000 17 S -180.497879 -8.355729 -90.032028 1.800000 0.000000 0.000000
490000 18 C -182.152664 -7.813723 -93.273354 2.150000 0.000000 0.000000
490000 19 P -178.336273 -5.206037 -89.033089 2.110000 -1.000000 0.000000
490000 20 S -181.721466 -3.536923 -88.384949 1.800000 0.000000 0.000000
490000 21 A -181.445786 -4.815158 -85.122383 2.150000 0.000000 0.000000
490000 22 P -182.534653 -0.399711 -86.585876 2.110000 -1.000000 0.000000
490000 23 S -184.670685 -2.696982 -84.623314 1.800000 0.000000 0.000000
490000 24 A -186.930618 -4.151722 -86.878288 2.150000 0.000000 0.000000
490000 25 P -187.003433 -1.968616 -81.486198 2.110000 -1.000000 0.000000
490000 26 S -189.784271 -3.965951 -83.024345 1.800000 0.000000 0.000000
490000 27 G -188.062332 -7.081040 -82.982590 2.150000 0.000000 0.000000
490000 28 P -191.801880 -3.756908 -79.699883 2.110000 -1.000000 0.000000
490000 29 S -193.787003 -6.829973 -80.513588 1.800000 0.000000 0.000000
490000 30 C -191.913376 -9.703229 -80.127785 2.150000 0.000000 0.000000
490000 31 P -194.879761 -7.106590 -76.999954 2.110000 -1.000000 0.000000
490000 32 S -196.262695 -10.699009 -77.462830 1.800000 0.000000 0.000000
490000 33 C -193.422638 -12.542256 -77.343071 2.150000 0.000000 0.000000
490000 34 P -196.746490 -9.591067 -73.906052 2.110000 -1.000000 0.000000
490000 35 S -197.129669 -13.039858 -72.665359 1.800000 0.000000 0.000000
490000 36 U -193.806000 -14.206273 -72.335838 2.150000 0.000000 0.000000
490000 37 P -197.114151 -11.322235 -68.868492 2.110000 -1.000000 0.000000
495000 1 P -191.584351 -21.578083 -73.693130 2.110000 -1.000000 1.000000
495000 2 S -194.529877 -22.645748 -76.127739 1.800000 0.000000 0.000000
495000 3 G -194.905807 -19.440355 -77.481407 2.150000 0.000000 0.000000
495000 4 P -192.305466 -23.595856 -79.087517 2.110000 -1.000000 0.000000
495000 5 S -195.117523 -23.447968 -81.622787 1.800000 0.000000 0.000000
495000 6 G -195.284592 -19.944437 -81.789726 2.150000 0.000000 0.000000
495000 7 P -192.993591 -23.910446 -84.632835 2.110000 -1.000000 0.000000
495000 8 S -193.566299 -21.791004 -87.774940 1.800000 0.000000 0.000000
495000 9 G -192.700073 -18.817862 -86.416191 2.150000 0.000000 0.000000
495000 10 P -190.186279 -23.131815 -89.302246 2.110000 -1.000000 0.000000
495000 11 S -189.515930 -20.639425 -92.129044 1.800000 0.000000 0.000000
495000 12 C -189.766464 -17.461239 -90.415993 2.150000 0.000000 0.000000
495000 13 P -185.768768 -20.904577 -92.392334 2.110000 -1.000000 0.000000
495000 14 S -185.729630 -17.948399 -94.534035 1.800000 0.000000 0.000000
495000 15 G -187.315781 -15.427962 -92.860870 2.150000 0.000000 0.000000
495000 16 P -182.150894 -18.482246 -93.976021 2.110000 -1.000000 0.000000
495000 17 S -182.365662 -14.674859 -92.833672 1.800000 0.000000 0.000000
495000 18 C -184.393890 -15.886425 -90.402306 2.150000 0.000000 0.000000
495000 19 P -180.208282 -13.381302 -89.863457 2.110000 -1.000000 0.000000
495000 20 S -181.786072 -9.984668 -90.695122 1.800000 0.000000 0.000000
495000 21 A -185.218246 -10.618010 -89.937035 2.150000 0.000000 0.000000
495000 22 P -181.369186 -9.016618 -87.092453 2.110000 -1.000000 0.000000
495000 23 S -184.318604 -6.570196 -87.430740 1.800000 0.000000 0.000000
495000 24 A -183.262482 -3.313657 -88.086212 2.150000 0.000000 0.000000
495000 25 P -184.541489 -6.007522 -83.878090 2.110000 -1.000000 0.000000
495000 26 S -187.725388 -6.442481 -85.947060 1.800000 0.000000 0.000000
495000 27 G -188.161453 -9.969041 -86.231491 2.150000 0.000000 0.000000
495000 28 P -190.724014 -5.653862 -83.317955 2.110000 -1.000000 0.000000
495000 29 S -192.854813 -6.767037 -86.205788 1.800000 0.000000 0.000000
495000 30 C -192.474426 -10.053165 -84.848900 2.150000 0.000000 0.000000
495000 31 P -196.158188 -6.192841 -84.053329 2.110000 -1.000000 0.000000
495000 32 S -198.962860 -8.845143 -84.705040 1.800000 0.000000 0.000000
495000 33 C -197.054260 -11.500510 -83.338181 2.150000 0.000000 0.000000
495000 34 P -201.181870 -7.707932 -81.730408 2.110000 -1.000000 0.000000
495000 35 S -202.367813 -11.059246 -80.709076 1.800000 0.000000 0.000000
495000 36 U -199.356979 -11.872983 -79.377258 2.150000 0.000000 0.000000
495000 37 P -203.847031 -9.462130 -77.310593 2.110000 -1.000000 0.000000
500000 1 P -180.651413 -24.148140 -76.724358 2.110000 -1.000000 1.000000
500000 2 S -184.125092 -24.908016 -75.535492 1.800000 0.000000 0.000000
500000 3 G -185.249924 -21.878035 -76.243073 2.150000 0.000000 0.000000
500000 4 P -184.136276 -26.031597 -79.144150 2.110000 -1.000000 0.000000
500000 5 S -187.867599 -25.690075 -80.063522 1.800000 0.000000 0.000000
500000 6 G -187.731079 -22.334311 -79.513390 2.150000 0.000000 0.000000
500000 7 P -186.460953 -26.163685 -83.553406 2.110000 -1.000000 0.000000
500000 8 S -188.689117 -24.342720 -86.089859 1.800000 0.000000 0.000000
500000 9 G -188.168030 -21.128119 -84.577278 2.150000 0.000000 0.000000
500000 10 P -185.588440 -25.091169 -88.303368 2.110000 -1.000000 0.000000
500000 11 S -186.662827 -22.400103 -90.774879 1.800000 0.000000 0.000000
500000 12 C -185.968704 -20.047369 -88.435410 2.150000 0.000000 0.000000
500000 13 P -183.044983 -21.748226 -91.770111 2.110000 -1.000000 0.000000
500000 14 S -183.607040 -19.326212 -94.582695 1.800000 0.000000 0.000000
500000 15 G -184.736313 -16.448805 -93.220779 2.150000 0.000000 0.000000
500000 16 P -179.819351 -18.712992 -94.197510 2.110000 -1.000000 0.000000
500000 17 S -180.642273 -15.848990 -96.544144 1.800000 0.000000 0.000000
500000 18 C -182.973663 -13.398501 -95.359230 2.150000 0.000000 0.000000
500000 19 P -177.760956 -15.239868 -94.012283 2.110000 -1.000000 0.000000
500000 20 S -179.595596 -11.993548 -93.897064 1.800000 0.000000 0.000000
500000 21 A -178.651031 -10.257941 -96.587082 2.150000 0.000000 0.000000
500000 22 P -178.830200 -10.215263 -90.593712 2.110000 -1.000000 0.000000
500000 23 S -182.163483 -8.415955 -90.931870 1.800000 0.000000 0.000000
500000 24 A -184.653809 -10.524508 -91.387367 2.150000 0.000000 0.000000
500000 25 P -181.870407 -7.088554 -87.346413 2.110000 -1.000000 0.000000
500000 26 S -185.575912 -7.813174 -88.078049 1.800000 0.000000 0.000000
500000 27 G -185.478714 -11.051511 -87.269135 2.150000 0.000000 0.000000
500000 28 P -187.013092 -7.287777 -84.660294 2.110000 -1.000000 0.000000
500000 29 S -189.896591 -9.340050 -85.697701 1.800000 0.000000 0.000000
500000 30 C -188.740829 -12.587276 -84.660683 2.150000 0.000000 0.000000
500000 31 P -191.726822 -9.307941 -82.273445 2.110000 -1.000000 0.000000
500000 32 S -193.765305 -12.614737 -82.185585 1.800000 0.000000 0.000000
500000 33 C -190.845673 -14.171191 -81.392250 2.150000 0.000000 0.000000
500000 34 P -195.072784 -12.594630 -78.418503 2.110000 -1.000000 0.000000
500000 35 S -195.740799 -16.430094 -78.049583 1.800000 0.000000 0.000000
500000 36 U -192.132675 -16.620848 -77.843979 2.150000 0.000000 0.000000
500000 37 P -195.782867 -16.400826 -74.283371 2.110000 -1.000000 0.000000
