380000 1 P -169.663132 -35.425705 -137.926300 2.110000 -1.000000 1.000000
380000 2 S -171.937805 -33.351482 -135.740814 1.800000 0.000000 0.000000
380000 3 G -170.314606 -33.367695 -132.611160 2.150000 0.000000 0.000000
380000 4 P -171.169586 -29.817917 -137.306717 2.110000 -1.000000 0.000000
380000 5 S -172.407440 -28.045557 -134.384003 1.800000 0.000000 0.000000
380000 6 G -169.176636 -28.607456 -133.039932 2.150000 0.000000 0.000000
380000 7 P -171.027039 -24.538755 -135.689697 2.110000 -1.000000 0.000000
380000 8 S -171.038437 -22.843887 -132.368607 1.800000 0.000000 0.000000
380000 9 G -168.003494 -24.132393 -131.825333 2.150000 0.000000 0.000000
380000 10 P -169.463730 -21.106665 -135.336136 2.110000 -1.000000 0.000000
380000 11 S -166.940262 -18.488226 -134.260162 1.800000 0.000000 0.000000
380000 12 C -164.957642 -20.693354 -132.427811 2.150000 0.000000 0.000000
380000 13 P -165.653336 -17.773293 -137.896118 2.110000 -1.000000 0.000000
380000 14 S -162.162857 -16.528339 -137.432312 1.800000 0.000000 0.000000
380000 15 G -160.964905 -19.296398 -135.741989 2.150000 0.000000 0.000000
380000 16 P -160.571335 -17.788574 -140.706833 2.110000 -1.000000 0.000000
380000 17 S -156.943039 -18.246899 -139.694153 1.800000 0.000000 0.000000
380000 18 C -156.064285 -16.181696 -142.253540 2.150000 0.000000 0.000000
380000 19 P -155.095703 -21.237606 -141.447922 2.110000 -1.000000 0.000000
380000 20 S -154.009003 -22.709164 -138.041443 1.800000 0.000000 0.000000
380000 21 A -150.599701 -22.518387 -138.427490 2.150000 0.000000 0.000000
380000 22 P -153.127762 -26.417223 -137.890411 2.110000 -1.000000 0.000000
380000 23 S -153.203064 -25.883560 -134.056580 1.800000 0.000000 0.000000
380000 24 A -156.648926 -26.565462 -134.654419 2.150000 0.000000 0.000000
380000 25 P -154.177200 -28.993433 -131.747849 2.110000 -1.000000 0.000000
380000 26 S -154.932571 -26.944859 -128.572617 1.800000 0.000000 0.000000
380000 27 G -157.680588 -24.750902 -129.023575 2.150000 0.000000 0.000000
380000 28 P -156.503616 -29.436892 -126.069809 2.110000 -1.000000 0.000000
380000 29 S -158.129898 -26.323380 -124.673988 1.800000 0.000000 0.000000
380000 30 C -160.742661 -26.012539 -126.750679 2.150000 0.000000 0.000000
380000 31 P -160.751190 -27.311476 -121.971268 2.110000 -1.000000 0.000000
380000 32 S -163.715256 -24.989014 -122.651756 1.800000 0.000000 0.000000
380000 33 C -164.699783 -26.974209 -125.407860 2.150000 0.000000 0.000000
380000 34 P -166.135086 -27.328043 -120.694977 2.110000 -1.000000 0.000000
380000 35 S -164.833298 -30.214193 -122.429657 1.800000 0.000000 0.000000
380000 36 U -166.955994 -29.935686 -125.404243 2.150000 0.000000 0.000000
380000 37 P -167.506012 -30.873230 -119.634659 2.110000 -1.000000 0.000000
385000 1 P -177.376587 -21.600368 -124.987831 2.110000 -1.000000 1.000000
385000 2 S -177.967743 -19.096931 -122.257362 1.800000 0.000000 0.000000
385000 3 G -175.277679 -20.192688 -120.555756 2.150000 0.000000 0.000000
385000 4 P -176.524277 -16.687714 -125.185669 2.110000 -1.000000 0.000000
385000 5 S -175.040161 -13.685762 -123.323418 1.800000 0.000000 0.000000
385000 6 G -172.219177 -15.269196 -122.233025 2.150000 0.000000 0.000000
385000 7 P -173.178940 -12.586581 -126.575592 2.110000 -1.000000 0.000000
385000 8 S -169.892090 -10.845869 -125.758911 1.800000 0.000000 0.000000
385000 9 G -168.241638 -13.454767 -123.957817 2.150000 0.000000 0.000000
385000 10 P -169.395615 -11.614595 -129.667496 2.110000 -1.000000 0.000000
385000 11 S -165.575851 -11.154754 -129.121628 1.800000 0.000000 0.000000
385000 12 C -164.554871 -14.308500 -128.000748 2.150000 0.000000 0.000000
385000 13 P -165.091583 -11.878107 -132.820999 2.110000 -1.000000 0.000000
385000 14 S -161.891373 -13.679178 -132.081757 1.800000 0.000000 0.000000
385000 15 G -164.692535 -15.849904 -131.484421 2.150000 0.000000 0.000000
385000 16 P -160.766479 -15.537931 -135.245071 2.110000 -1.000000 0.000000
385000 17 S -159.255692 -17.202831 -132.330521 1.800000 0.000000 0.000000
385000 18 C -162.194107 -18.999477 -131.165634 2.150000 0.000000 0.000000
385000 19 P -157.899918 -20.709721 -133.045975 2.110000 -1.000000 0.000000
385000 20 S -158.491806 -21.072975 -129.449158 1.800000 0.000000 0.000000
385000 21 A -161.734131 -21.720074 -128.197083 2.150000 0.000000 0.000000
385000 22 P -157.655472 -24.672167 -129.153336 2.110000 -1.000000 0.000000
385000 23 S -157.505981 -23.331778 -125.596146 1.800000 0.000000 0.000000
385000 24 A -154.612869 -21.850199 -125.292183 2.150000 0.000000 0.000000
385000 25 P -158.251816 -25.115078 -122.300560 2.110000 -1.000000 0.000000
385000 26 S -157.884872 -21.438303 -121.335136 1.800000 0.000000 0.000000
385000 27 G -160.303558 -20.995447 -123.858208 2.150000 0.000000 0.000000
385000 28 P -159.691574 -22.372124 -118.003372 2.110000 -1.000000 0.000000
385000 29 S -159.723755 -18.707325 -116.924706 1.800000 0.000000 0.000000
385000 30 C -162.580460 -17.742025 -118.733467 2.150000 0.000000 0.000000
385000 31 P -162.270203 -20.276007 -114.404617 2.110000 -1.000000 0.000000
385000 32 S -163.603943 -17.010374 -113.419685 1.800000 0.000000 0.000000
385000 33 C -166.014847 -16.932261 -116.054718 2.150000 0.000000 0.000000
385000 34 P -166.176285 -16.954596 -110.494568 2.110000 -1.000000 0.000000
385000 35 S -167.203445 -20.566584 -111.175064 1.800000 0.000000 0.000000
385000 36 U -169.123535 -19.718943 -114.031288 2.150000 0.000000 0.000000
385000 37 P -169.006744 -19.087111 -108.142471 2.110000 -1.000000 0.000000
390000 1 P -179.033997 -20.672300 -121.580795 2.110000 -1.000000 1.000000
390000 2 S -178.398056 -17.704668 -119.249359 1.800000 0.000000 0.000000
390000 3 G -175.899094 -19.166929 -117.425087 2.150000 0.000000 0.000000
390000 4 P -177.088547 -16.534929 -122.511559 2.110000 -1.000000 0.000000
390000 5 S -175.036118 -13.683635 -121.170044 1.800000 0.000000 0.000000
390000 6 G -172.839310 -15.655910 -119.383446 2.150000 0.000000 0.000000
390000 7 P -173.190231 -14.008116 -124.758026 2.110000 -1.000000 0.000000
390000 8 S -169.726974 -12.719660 -123.554146 1.800000 0.000000 0.000000
390000 9 G -168.199219 -15.465376 -122.431885 2.150000 0.000000 0.000000
390000 10 P -168.181854 -13.414258 -127.218102 2.110000 -1.000000 0.000000
390000 11 S -164.688812 -13.739553 -126.544609 1.800000 0.000000 0.000000
390000 12 C -163.318634 -15.706511 -124.170341 2.150000 0.000000 0.000000
390000 13 P -163.441360 -15.113235 -129.634033 2.110000 -1.000000 0.000000
390000 14 S -160.263504 -16.289139 -127.911804 1.800000 0.000000 0.000000
390000 15 G -162.444611 -19.032070 -126.858917 2.150000 0.000000 0.000000
390000 16 P -158.657074 -18.489176 -130.628281 2.110000 -1.000000 0.000000
390000 17 S -156.711945 -20.919508 -128.393677 1.800000 0.000000 0.000000
390000 18 C -159.636978 -21.552282 -126.572189 2.150000 0.000000 0.000000
390000 19 P -157.342865 -23.415613 -131.210327 2.110000 -1.000000 0.000000
390000 20 S -158.856522 -25.325914 -128.599625 1.800000 0.000000 0.000000
390000 21 A -161.969940 -24.075905 -129.494003 2.150000 0.000000 0.000000
390000 22 P -160.354950 -28.602789 -128.365631 2.110000 -1.000000 0.000000
390000 23 S -160.990219 -27.427271 -124.858971 1.800000 0.000000 0.000000
390000 24 A -163.741409 -25.725765 -126.261345 2.150000 0.000000 0.000000
390000 25 P -162.818649 -29.328550 -122.046745 2.110000 -1.000000 0.000000
390000 26 S -161.229248 -26.824936 -119.727989 1.800000 0.000000 0.000000
390000 27 G -162.068512 -23.981091 -121.052444 2.150000 0.000000 0.000000
390000 28 P -162.307907 -26.257700 -116.174957 2.110000 -1.000000 0.000000
390000 29 S -160.431274 -23.005783 -117.046288 1.800000 0.000000 0.000000
390000 30 C -162.592834 -20.871901 -118.915306 2.150000 0.000000 0.000000
390000 31 P -161.436218 -21.501457 -113.652283 2.110000 -1.000000 0.000000
390000 32 S -162.156113 -17.795116 -113.974785 1.800000 0.000000 0.000000
390000 33 C -164.963547 -17.936501 -115.965714 2.150000 0.000000 0.000000
390000 34 P -163.610031 -16.808908 -110.645828 2.110000 -1.000000 0.000000
390000 35 S -165.568878 -19.997871 -110.559547 1.800000 0.000000 0.000000
390000 36 U -167.879059 -19.139727 -113.022675 2.150000 0.000000 0.000000
390000 37 P -166.551300 -18.837782 -107.033440 2.110000 -1.000000 0.000000
395000 1 P -185.136856 -21.159067 -126.825172 2.110000 -1.000000 1.000000
395000 2 S -183.216843 -17.995041 -126.091225 1.800000 0.000000 0.000000
395000 3 G -180.344025 -19.716173 -125.210167 2.150000 0.000000 0.000000
395000 4 P -181.352951 -16.993357 -129.327545 2.110000 -1.000000 0.000000
395000 5 S -178.901459 -14.336518 -128.443115 1.800000 0.000000 0.000000
395000 6 G -176.706802 -16.510111 -126.744308 2.150000 0.000000 0.000000
395000 7 P -176.271500 -13.330954 -130.867142 2.110000 -1.000000 0.000000
395000 8 S -173.149597 -12.333894 -128.998001 1.800000 0.000000 0.000000
395000 9 G -172.193527 -15.535467 -128.048141 2.150000 0.000000 0.000000
395000 10 P -171.168793 -12.086052 -132.346466 2.110000 -1.000000 0.000000
395000 11 S -167.738708 -12.327211 -130.534485 1.800000 0.000000 0.000000
395000 12 C -167.984009 -15.462204 -128.892960 2.150000 0.000000 0.000000
395000 13 P -165.268936 -13.411557 -133.149780 2.110000 -1.000000 0.000000
395000 14 S -163.463898 -15.260019 -130.480057 1.800000 0.000000 0.000000
395000 15 G -160.734680 -13.332096 -129.356308 2.150000 0.000000 0.000000
395000 16 P -161.969009 -16.777002 -133.610199 2.110000 -1.000000 0.000000
395000 17 S -159.827881 -19.308275 -131.707962 1.800000 0.000000 0.000000
395000 18 C -162.958542 -19.315315 -130.125717 2.150000 0.000000 0.000000
395000 19 P -159.934708 -21.293282 -135.000168 2.110000 -1.000000 0.000000
395000 20 S -161.028488 -24.447157 -133.350723 1.800000 0.000000 0.000000
395000 21 A -163.988525 -23.265455 -131.696228 2.150000 0.000000 0.000000
395000 22 P -163.058044 -27.036882 -135.147995 2.110000 -1.000000 0.000000
395000 23 S -163.685959 -26.912329 -131.232147 1.800000 0.000000 0.000000
395000 24 A -160.747192 -28.627670 -130.091797 2.150000 0.000000 0.000000
395000 25 P -166.604324 -28.941565 -130.315369 2.110000 -1.000000 0.000000
395000 26 S -164.728546 -27.401958 -127.251633 1.800000 0.000000 0.000000
395000 27 G -165.158340 -23.776495 -127.409233 2.150000 0.000000 0.000000
395000 28 P -167.355255 -27.971470 -124.409142 2.110000 -1.000000 0.000000
395000 29 S -165.648254 -24.854046 -122.939072 1.800000 0.000000 0.000000
395000 30 C -167.339157 -22.112082 -124.311958 2.150000 0.000000 0.000000
395000 31 P -167.762955 -24.213087 -119.844429 2.110000 -1.000000 0.000000
395000 32 S -167.513885 -20.436724 -119.730011 1.800000 0.000000 0.000000
395000 33 C -169.409180 -19.197363 -122.220627 2.150000 0.000000 0.000000
395000 34 P -169.589401 -19.413759 -116.724426 2.110000 -1.000000 0.000000
395000 35 S -171.892410 -22.437786 -116.298393 1.800000 0.000000 0.000000
395000 36 U -173.902908 -20.501049 -118.605560 2.150000 0.000000 0.000000
395000 37 P -173.499908 -21.758518 -113.003006 2.110000 -1.000000 0.000000
400000 1 P -179.282013 -16.959276 -135.950775 2.110000 -1.000000 1.000000
400000 2 S -182.026108 -15.303669 -134.210876 1.800000 0.000000 0.000000
400000 3 G -181.842453 -16.119743 -130.994278 2.150000 0.000000 0.000000
400000 4 P -179.097870 -13.226698 -134.735718 2.110000 -1.000000 0.000000
400000 5 S -177.927780 -11.247811 -131.629593 1.800000 0.000000 0.000000
400000 6 G -176.603271 -13.825309 -129.974106 2.150000 0.000000 0.000000
400000 7 P -174.579559 -10.711167 -133.210617 2.110000 -1.000000 0.000000
400000 8 S -171.992584 -10.261698 -130.445343 1.800000 0.000000 0.000000
400000 9 G -171.642166 -13.720833 -129.452164 2.150000 0.000000 0.000000
400000 10 P -169.674561 -10.366265 -133.334244 2.110000 -1.000000 0.000000
400000 11 S -166.996613 -10.077878 -130.563736 1.800000 0.000000 0.000000
400000 12 C -166.790741 -12.972225 -128.622070 2.150000 0.000000 0.000000
400000 13 P -165.650818 -11.390970 -133.687408 2.110000 -1.000000 0.000000
400000 14 S -163.617828 -13.884773 -131.869781 1.800000 0.000000 0.000000
400000 15 G -161.359634 -11.215286 -131.336746 2.150000 0.000000 0.000000
400000 16 P -162.743225 -15.735565 -135.108154 2.110000 -1.000000 0.000000
400000 17 S -159.975357 -18.194590 -133.778656 1.800000 0.000000 0.000000
400000 18 C -161.903458 -18.999241 -131.134781 2.150000 0.000000 0.000000
400000 19 P -160.859818 -20.896250 -136.578720 2.110000 -1.000000 0.000000
400000 20 S -161.727997 -22.633867 -133.306442 1.800000 0.000000 0.000000
400000 21 A -164.849915 -21.052801 -133.838684 2.150000 0.000000 0.000000
400000 22 P -163.691833 -25.783058 -132.510422 2.110000 -1.000000 0.000000
400000 23 S -164.128876 -24.466099 -128.937027 1.800000 0.000000 0.000000
400000 24 A -166.623489 -22.465971 -130.529510 2.150000 0.000000 0.000000
400000 25 P -166.640579 -26.836159 -127.361412 2.110000 -1.000000 0.000000
400000 26 S -166.841751 -24.388821 -124.328232 1.800000 0.000000 0.000000
400000 27 G -167.646347 -21.409269 -125.994431 2.150000 0.000000 0.000000
400000 28 P -170.031586 -25.289335 -122.775414 2.110000 -1.000000 0.000000
400000 29 S -171.066513 -22.319319 -120.758896 1.800000 0.000000 0.000000
400000 30 C -171.830093 -20.637800 -123.813301 2.150000 0.000000 0.000000
400000 31 P -174.685043 -22.913176 -119.594231 2.110000 -1.000000 0.000000
400000 32 S -174.399002 -18.990845 -119.080109 1.800000 0.000000 0.000000
400000 33 C -175.576279 -18.890738 -122.317688 2.150000 0.000000 0.000000
400000 34 P -178.041840 -18.434549 -118.288574 2.110000 -1.000000 0.000000
400000 35 S -178.478271 -21.629332 -120.423538 1.800000 0.000000 0.000000
400000 36 U -179.906876 -19.672541 -122.941406 2.150000 0.000000 0.000000
400000 37 P -181.997437 -22.526253 -119.384079 2.110000 -1.000000 0.000000
405000 1 P -181.795410 -18.287434 -132.623856 2.110000 -1.000000 1.000000
405000 2 S -182.737320 -15.049092 -130.529175 1.800000 0.000000 0.000000
405000 3 G -180.800980 -16.140795 -127.903252 2.150000 0.000000 0.000000
405000 4 P -179.855804 -13.450822 -132.495026 2.110000 -1.000000 0.000000
405000 5 S -178.914963 -10.564575 -130.154373 1.800000 0.000000 0.000000
405000 6 G -177.782883 -12.833262 -127.814598 2.150000 0.000000 0.000000
405000 7 P -175.864136 -10.034798 -132.183975 2.110000 -1.000000 0.000000
405000 8 S -174.011383 -8.011796 -129.519623 1.800000 0.000000 0.000000
405000 9 G -173.679626 -10.626721 -127.430679 2.150000 0.000000 0.000000
405000 10 P -171.337723 -9.118808 -131.954346 2.110000 -1.000000 0.000000
405000 11 S -168.183350 -8.788584 -129.912659 1.800000 0.000000 0.000000
405000 12 C -168.148132 -11.342731 -127.627281 2.150000 0.000000 0.000000
405000 13 P -166.289383 -11.224412 -132.501801 2.110000 -1.000000 0.000000
405000 14 S -163.276764 -12.584412 -130.400269 1.800000 0.000000 0.000000
405000 15 G -165.370758 -14.367126 -128.124268 2.150000 0.000000 0.000000
405000 16 P -163.135635 -15.526774 -132.958572 2.110000 -1.000000 0.000000
405000 17 S -161.846939 -18.706310 -131.489685 1.800000 0.000000 0.000000
405000 18 C -165.135864 -18.228493 -130.377396 2.150000 0.000000 0.000000
405000 19 P -163.192993 -21.552073 -133.388565 2.110000 -1.000000 0.000000
405000 20 S -163.739243 -22.621950 -129.731583 1.800000 0.000000 0.000000
405000 21 A -161.051147 -22.283127 -127.514595 2.150000 0.000000 0.000000
405000 22 P -165.754761 -25.534130 -128.144836 2.110000 -1.000000 0.000000
405000 23 S -165.383270 -23.498823 -125.227203 1.800000 0.000000 0.000000
405000 24 A -168.162048 -21.611389 -126.357719 2.150000 0.000000 0.000000
405000 25 P -167.955246 -24.321934 -122.585907 2.110000 -1.000000 0.000000
405000 26 S -166.643753 -21.285011 -120.625084 1.800000 0.000000 0.000000
405000 27 G -167.592743 -18.613771 -122.607269 2.150000 0.000000 0.000000
405000 28 P -169.018402 -20.097273 -118.025833 2.110000 -1.000000 0.000000
405000 29 S -168.396042 -16.311962 -117.866890 1.800000 0.000000 0.000000
405000 30 C -169.862152 -15.346466 -121.034431 2.150000 0.000000 0.000000
405000 31 P -171.474594 -15.455944 -115.700142 2.110000 -1.000000 0.000000
405000 32 S -172.729248 -11.878343 -116.942108 1.800000 0.000000 0.000000
405000 33 C -174.148346 -13.497239 -119.645882 2.150000 0.000000 0.000000
405000 34 P -175.967407 -12.743750 -115.222954 2.110000 -1.000000 0.000000
405000 35 S -176.648666 -16.036474 -116.951843 1.800000 0.000000 0.000000
405000 36 U -178.724365 -15.200034 -119.312157 2.150000 0.000000 0.000000
405000 37 P -179.374023 -17.655733 -114.819756 2.110000 -1.000000 0.000000
410000 1 P -191.162506 -21.076530 -130.642807 2.110000 -1.000000 1.000000
410000 2 S -193.395035 -18.550346 -128.783157 1.800000 0.000000 0.000000
410000 3 G -192.611511 -18.966188 -125.251335 2.150000 0.000000 0.000000
410000 4 P -190.725510 -15.920772 -129.393677 2.110000 -1.000000 0.000000
410000 5 S -191.395950 -13.119306 -126.957497 1.800000 0.000000 0.000000
410000 6 G -190.085922 -14.355661 -124.174637 2.150000 0.000000 0.000000
410000 7 P -187.872208 -12.814591 -128.566696 2.110000 -1.000000 0.000000
410000 8 S -184.862732 -10.986907 -127.176414 1.800000 0.000000 0.000000
410000 9 G -184.343399 -13.336848 -124.687737 2.150000 0.000000 0.000000
410000 10 P -182.979874 -12.577770 -130.098221 2.110000 -1.000000 0.000000
410000 11 S -179.349594 -11.875803 -129.020416 1.800000 0.000000 0.000000
410000 12 C -179.291946 -13.598568 -126.047989 2.150000 0.000000 0.000000
410000 13 P -177.930069 -14.278613 -131.720795 2.110000 -1.000000 0.000000
410000 14 S -174.719681 -15.487109 -129.974197 1.800000 0.000000 0.000000
410000 15 G -177.061386 -17.003006 -127.881760 2.150000 0.000000 0.000000
410000 16 P -173.510651 -18.521788 -132.001282 2.110000 -1.000000 0.000000
410000 17 S -170.987961 -19.433359 -129.347046 1.800000 0.000000 0.000000
410000 18 C -173.901077 -19.285368 -127.428696 2.150000 0.000000 0.000000
410000 19 P -170.560822 -23.105036 -128.841675 2.110000 -1.000000 0.000000
410000 20 S -169.594650 -22.750359 -125.118431 1.800000 0.000000 0.000000
410000 21 A -172.020859 -20.128836 -123.993439 2.150000 0.000000 0.000000
410000 22 P -170.934006 -25.875216 -123.551407 2.110000 -1.000000 0.000000
410000 23 S -172.457993 -23.674181 -120.820221 1.800000 0.000000 0.000000
410000 24 A -175.675262 -23.878651 -122.469551 2.150000 0.000000 0.000000
410000 25 P -174.880157 -24.411310 -117.906006 2.110000 -1.000000 0.000000
410000 26 S -175.483231 -20.697124 -116.822716 1.800000 0.000000 0.000000
410000 27 G -177.135757 -18.987698 -119.350830 2.150000 0.000000 0.000000
410000 28 P -178.531082 -21.278631 -114.558144 2.110000 -1.000000 0.000000
410000 29 S -179.428711 -17.479925 -114.589500 1.800000 0.000000 0.000000
410000 30 C -180.464493 -16.608416 -117.511536 2.150000 0.000000 0.000000
410000 31 P -183.005661 -18.158405 -112.789490 2.110000 -1.000000 0.000000
410000 32 S -184.784897 -14.794210 -113.692421 1.800000 0.000000 0.000000
410000 33 C -186.102600 -16.361410 -116.570518 2.150000 0.000000 0.000000
410000 34 P -188.119659 -15.036710 -112.224953 2.110000 -1.000000 0.000000
410000 35 S -189.687378 -18.172041 -113.700531 1.800000 0.000000 0.000000
410000 36 U -190.339661 -17.598156 -117.031105 2.150000 0.000000 0.000000
410000 37 P -193.002228 -17.615273 -111.666023 2.110000 -1.000000 0.000000
415000 1 P -194.255981 -9.112906 -128.761642 2.110000 -1.000000 1.000000
415000 2 S -192.534210 -8.329346 -125.420975 1.800000 0.000000 0.000000
415000 3 G -191.610809 -11.527987 -124.671211 2.150000 0.000000 0.000000
415000 4 P -190.497513 -7.997402 -128.538162 2.110000 -1.000000 0.000000
415000 5 S -187.223099 -7.864361 -126.540558 1.800000 0.000000 0.000000
415000 6 G -186.226547 -10.520851 -124.440910 2.150000 0.000000 0.000000
415000 7 P -184.515045 -7.761105 -129.067474 2.110000 -1.000000 0.000000
415000 8 S -181.268082 -8.640525 -126.995407 1.800000 0.000000 0.000000
415000 9 G -181.987656 -12.053609 -126.933807 2.150000 0.000000 0.000000
415000 10 P -179.810806 -9.160560 -130.488281 2.110000 -1.000000 0.000000
415000 11 S -176.390976 -10.732188 -129.669495 1.800000 0.000000 0.000000
415000 12 C -178.176529 -13.586801 -128.427811 2.150000 0.000000 0.000000
415000 13 P -175.415497 -13.178177 -132.337112 2.110000 -1.000000 0.000000
415000 14 S -173.300888 -14.914573 -129.864166 1.800000 0.000000 0.000000
415000 15 G -175.475281 -16.045500 -127.340530 2.150000 0.000000 0.000000
415000 16 P -174.239395 -17.914520 -131.993713 2.110000 -1.000000 0.000000
415000 17 S -172.544983 -20.106667 -129.280121 1.800000 0.000000 0.000000
415000 18 C -174.557144 -19.403660 -126.551064 2.150000 0.000000 0.000000
415000 19 P -174.581375 -23.295456 -129.987762 2.110000 -1.000000 0.000000
415000 20 S -172.128632 -25.532419 -127.816696 1.800000 0.000000 0.000000
415000 21 A -172.163666 -27.552515 -130.596191 2.150000 0.000000 0.000000
415000 22 P -175.067810 -27.777090 -126.394279 2.110000 -1.000000 0.000000
415000 23 S -176.115112 -25.100037 -123.900909 1.800000 0.000000 0.000000
415000 24 A -176.725021 -22.512827 -126.599068 2.150000 0.000000 0.000000
415000 25 P -179.336685 -26.358398 -122.391739 2.110000 -1.000000 0.000000
415000 26 S -178.738663 -22.906290 -120.601257 1.800000 0.000000 0.000000
415000 27 G -179.411209 -20.693357 -123.304420 2.150000 0.000000 0.000000
415000 28 P -181.754410 -23.408514 -118.670959 2.110000 -1.000000 0.000000
415000 29 S -181.409195 -19.826880 -117.537483 1.800000 0.000000 0.000000
415000 30 C -182.598785 -19.466272 -121.062119 2.150000 0.000000 0.000000
415000 31 P -184.730438 -21.174234 -115.987000 2.110000 -1.000000 0.000000
415000 32 S -186.547989 -17.949039 -114.713394 1.800000 0.000000 0.000000
415000 33 C -187.198990 -15.311837 -116.947197 2.150000 0.000000 0.000000
415000 34 P -189.828812 -19.581036 -113.545967 2.110000 -1.000000 0.000000
415000 35 S -190.060379 -20.887686 -117.278809 1.800000 0.000000 0.000000
415000 36 U -192.038391 -18.277351 -119.058510 2.150000 0.000000 0.000000
415000 37 P -192.927582 -23.164688 -116.628448 2.110000 -1.000000 0.000000
420000 1 P -192.654312 -11.250602 -133.348679 2.110000 -1.000000 1.000000
420000 2 S -192.366272 -8.507989 -130.661179 1.800000 0.000000 0.000000
420000 3 G -191.839966 -10.125548 -127.791550 2.150000 0.000000 0.000000
420000 4 P -188.684540 -7.856914 -132.126389 2.110000 -1.000000 0.000000
420000 5 S -187.444931 -6.716857 -128.828491 1.800000 0.000000 0.000000
420000 6 G -187.453476 -9.115699 -126.426407 2.150000 0.000000 0.000000
420000 7 P -184.364655 -7.169356 -131.197968 2.110000 -1.000000 0.000000
420000 8 S -181.096054 -7.650296 -128.987045 1.800000 0.000000 0.000000
420000 9 G -182.549164 -10.871100 -128.433121 2.150000 0.000000 0.000000
420000 10 P -180.296356 -8.323535 -132.485596 2.110000 -1.000000 0.000000
420000 11 S -177.280060 -10.328650 -131.530838 1.800000 0.000000 0.000000
420000 12 C -178.925644 -12.802850 -129.946198 2.150000 0.000000 0.000000
420000 13 P -177.320297 -12.751473 -134.614517 2.110000 -1.000000 0.000000
420000 14 S -176.673004 -15.990690 -132.806915 1.800000 0.000000 0.000000
420000 15 G -173.567810 -15.152412 -131.353439 2.150000 0.000000 0.000000
420000 16 P -177.146011 -19.025755 -134.887711 2.110000 -1.000000 0.000000
420000 17 S -173.602936 -19.996393 -133.649002 1.800000 0.000000 0.000000
420000 18 C -173.437729 -19.804384 -130.201385 2.150000 0.000000 0.000000
420000 19 P -175.346527 -23.466938 -134.021286 2.110000 -1.000000 0.000000
420000 20 S -172.955338 -25.343414 -131.684479 1.800000 0.000000 0.000000
420000 21 A -172.760788 -23.533484 -128.781799 2.150000 0.000000 0.000000
420000 22 P -175.998108 -27.794621 -130.820511 2.110000 -1.000000 0.000000
420000 23 S -175.514679 -25.344742 -127.834061 1.800000 0.000000 0.000000
420000 24 A -176.641647 -22.760031 -129.748306 2.150000 0.000000 0.000000
420000 25 P -178.700531 -26.159992 -126.127998 2.110000 -1.000000 0.000000
420000 26 S -177.905426 -23.336363 -123.665588 1.800000 0.000000 0.000000
420000 27 G -178.878479 -20.831367 -125.638931 2.150000 0.000000 0.000000
420000 28 P -181.428452 -23.322695 -122.288429 2.110000 -1.000000 0.000000
420000 29 S -180.726471 -20.181902 -120.403000 1.800000 0.000000 0.000000
420000 30 C -181.182312 -18.242241 -123.157928 2.150000 0.000000 0.000000
420000 31 P -184.301559 -20.348093 -119.020699 2.110000 -1.000000 0.000000
420000 32 S -183.992859 -16.625706 -118.031807 1.800000 0.000000 0.000000
420000 33 C -185.334808 -15.885663 -121.179153 2.150000 0.000000 0.000000
420000 34 P -187.290298 -16.496241 -116.300354 2.110000 -1.000000 0.000000
420000 35 S -189.622849 -18.387260 -118.804520 1.800000 0.000000 0.000000
420000 36 U -190.620956 -15.309733 -120.418411 2.150000 0.000000 0.000000
420000 37 P -192.405579 -18.684587 -116.301407 2.110000 -1.000000 0.000000
425000 1 P -192.685913 -16.227682 -137.906006 2.110000 -1.000000 1.000000
425000 2 S -191.487335 -13.000268 -136.199417 1.800000 0.000000 0.000000
425000 3 G -189.313705 -14.307221 -133.888168 2.150000 0.000000 0.000000
425000 4 P -188.623230 -13.150419 -138.638474 2.110000 -1.000000 0.000000
425000 5 S -186.671738 -10.738366 -136.319016 1.800000 0.000000 0.000000
425000 6 G -185.887344 -12.676098 -133.582535 2.150000 0.000000 0.000000
425000 7 P -183.521851 -11.457221 -138.461960 2.110000 -1.000000 0.000000
425000 8 S -180.857452 -11.010996 -135.722015 1.800000 0.000000 0.000000
425000 9 G -181.582596 -14.007602 -134.045761 2.150000 0.000000 0.000000
425000 10 P -179.781036 -12.566638 -139.096237 2.110000 -1.000000 0.000000
425000 11 S -177.133667 -14.693817 -137.199142 1.800000 0.000000 0.000000
425000 12 C -179.504044 -16.961857 -135.724854 2.150000 0.000000 0.000000
425000 13 P -177.780945 -16.570673 -140.083878 2.110000 -1.000000 0.000000
425000 14 S -178.163803 -20.239721 -139.154404 1.800000 0.000000 0.000000
425000 15 G -181.078186 -20.213032 -137.243851 2.150000 0.000000 0.000000
425000 16 P -180.363495 -20.793631 -142.128555 2.110000 -1.000000 0.000000
425000 17 S -180.086121 -24.425140 -140.685471 1.800000 0.000000 0.000000
425000 18 C -178.370926 -24.542767 -137.332504 2.150000 0.000000 0.000000
425000 19 P -183.130508 -26.564022 -141.276413 2.110000 -1.000000 0.000000
425000 20 S -181.934830 -28.138395 -138.039017 1.800000 0.000000 0.000000
425000 21 A -182.334671 -30.525488 -140.651932 2.150000 0.000000 0.000000
425000 22 P -184.492752 -30.127399 -136.007202 2.110000 -1.000000 0.000000
425000 23 S -181.750000 -29.216463 -133.647766 1.800000 0.000000 0.000000
425000 24 A -182.419281 -25.925539 -134.587448 2.150000 0.000000 0.000000
425000 25 P -183.624191 -28.871496 -130.404922 2.110000 -1.000000 0.000000
425000 26 S -181.119965 -26.674427 -128.710632 1.800000 0.000000 0.000000
425000 27 G -180.113708 -23.903650 -130.509506 2.150000 0.000000 0.000000
425000 28 P -182.028473 -25.090597 -125.427521 2.110000 -1.000000 0.000000
425000 29 S -180.108948 -21.812138 -124.849602 1.800000 0.000000 0.000000
425000 30 C -181.477859 -19.887726 -127.478073 2.150000 0.000000 0.000000
425000 31 P -182.360229 -20.836479 -122.354149 2.110000 -1.000000 0.000000
425000 32 S -182.455765 -17.124479 -123.021790 1.800000 0.000000 0.000000
425000 33 C -184.044617 -17.150787 -126.314674 2.150000 0.000000 0.000000
425000 34 P -185.513153 -17.200874 -120.741821 2.110000 -1.000000 0.000000
425000 35 S -188.238632 -18.192261 -122.884552 1.800000 0.000000 0.000000
425000 36 U -189.779953 -15.390287 -124.300385 2.150000 0.000000 0.000000
425000 37 P -190.581329 -19.505291 -120.237503 2.110000 -1.000000 0.000000
430000 1 P -194.630341 -12.008304 -139.977829 2.110000 -1.000000 1.000000
430000 2 S -193.076965 -9.321957 -137.935669 1.800000 0.000000 0.000000
430000 3 G -191.473434 -10.514075 -135.040344 2.150000 0.000000 0.000000
430000 4 P -189.849182 -10.039047 -139.759399 2.110000 -1.000000 0.000000
430000 5 S -187.773743 -7.889485 -137.482285 1.800000 0.000000 0.000000
430000 6 G -187.098999 -10.082280 -134.949265 2.150000 0.000000 0.000000
430000 7 P -184.803864 -9.082580 -139.499786 2.110000 -1.000000 0.000000
430000 8 S -182.278656 -9.446733 -136.621521 1.800000 0.000000 0.000000
430000 9 G -183.076218 -12.496911 -135.079498 2.150000 0.000000 0.000000
430000 10 P -180.577682 -11.046933 -139.467896 2.110000 -1.000000 0.000000
430000 11 S -178.289246 -12.918222 -137.124283 1.800000 0.000000 0.000000
430000 12 C -179.952225 -15.160702 -134.969833 2.150000 0.000000 0.000000
430000 13 P -178.365952 -14.217612 -140.780975 2.110000 -1.000000 0.000000
430000 14 S -176.865021 -17.487492 -139.341049 1.800000 0.000000 0.000000
430000 15 G -179.948257 -17.866428 -137.717453 2.150000 0.000000 0.000000
430000 16 P -177.650330 -19.873676 -142.184296 2.110000 -1.000000 0.000000
430000 17 S -177.385101 -23.198093 -140.489120 1.800000 0.000000 0.000000
430000 18 C -178.806458 -23.368252 -137.342850 2.150000 0.000000 0.000000
430000 19 P -178.807068 -26.291121 -142.553070 2.110000 -1.000000 0.000000
430000 20 S -180.761536 -26.636063 -139.285995 1.800000 0.000000 0.000000
430000 21 A -182.320053 -24.250494 -141.200745 2.150000 0.000000 0.000000
430000 22 P -184.351746 -28.236002 -139.432053 2.110000 -1.000000 0.000000
430000 23 S -184.752823 -26.866560 -135.835983 1.800000 0.000000 0.000000
430000 24 A -184.598068 -23.472908 -137.342911 2.150000 0.000000 0.000000
430000 25 P -187.866669 -26.947769 -133.524399 2.110000 -1.000000 0.000000
430000 26 S -185.387970 -25.058622 -131.115097 1.800000 0.000000 0.000000
430000 27 G -185.212173 -21.969584 -132.875351 2.150000 0.000000 0.000000
430000 28 P -188.243439 -24.003740 -128.940628 2.110000 -1.000000 0.000000
430000 29 S -185.547241 -21.701229 -127.100586 1.800000 0.000000 0.000000
430000 30 C -185.823746 -19.437183 -129.923294 2.150000 0.000000 0.000000
430000 31 P -187.501343 -19.355600 -124.657120 2.110000 -1.000000 0.000000
430000 32 S -184.735306 -16.737700 -124.728676 1.800000 0.000000 0.000000
430000 33 C -185.498154 -14.512931 -127.500595 2.150000 0.000000 0.000000
430000 34 P -187.021561 -14.440690 -122.181709 2.110000 -1.000000 0.000000
430000 35 S -189.602386 -16.216713 -124.469635 1.800000 0.000000 0.000000
430000 36 U -189.567108 -14.802931 -127.477921 2.150000 0.000000 0.000000
430000 37 P -191.874268 -13.679151 -122.775993 2.110000 -1.000000 0.000000
435000 1 P -200.795685 -5.232541 -139.233261 2.110000 -1.000000 1.000000
435000 2 S -198.577225 -3.212175 -137.133057 1.800000 0.000000 0.000000
435000 3 G -197.199173 -6.223988 -135.729263 2.150000 0.000000 0.000000
435000 4 P -195.567825 -3.211597 -139.250961 2.110000 -1.000000 0.000000
435000 5 S -193.399765 -1.881374 -136.321228 1.800000 0.000000 0.000000
435000 6 G -193.772232 -4.221567 -133.875610 2.150000 0.000000 0.000000
435000 7 P -190.271484 -3.176573 -138.281525 2.110000 -1.000000 0.000000
435000 8 S -188.416779 -3.620564 -135.077347 1.800000 0.000000 0.000000
435000 9 G -189.770294 -6.402352 -133.768661 2.150000 0.000000 0.000000
435000 10 P -186.822037 -5.148059 -138.008240 2.110000 -1.000000 0.000000
435000 11 S -184.901886 -7.410937 -135.547592 1.800000 0.000000 0.000000
435000 12 C -187.540909 -9.519042 -135.075226 2.150000 0.000000 0.000000
435000 13 P -184.303482 -8.642171 -139.097763 2.110000 -1.000000 0.000000
435000 14 S -184.335617 -12.355265 -138.766357 1.800000 0.000000 0.000000
435000 15 G -187.568283 -12.821914 -137.544754 2.150000 0.000000 0.000000
435000 16 P -184.647446 -13.167353 -142.757294 2.110000 -1.000000 0.000000
435000 17 S -186.161697 -16.694342 -141.683044 1.800000 0.000000 0.000000
435000 18 C -189.619644 -16.173105 -141.168243 2.150000 0.000000 0.000000
435000 19 P -187.196075 -18.948248 -144.510712 2.110000 -1.000000 0.000000
435000 20 S -185.364807 -21.708073 -142.751953 1.800000 0.000000 0.000000
435000 21 A -185.553818 -23.008987 -146.029022 2.150000 0.000000 0.000000
435000 22 P -187.710098 -24.543055 -141.901932 2.110000 -1.000000 0.000000
435000 23 S -188.208603 -22.284040 -138.782898 1.800000 0.000000 0.000000
435000 24 A -190.232727 -20.209791 -141.062363 2.150000 0.000000 0.000000
435000 25 P -191.334381 -22.907763 -136.591171 2.110000 -1.000000 0.000000
435000 26 S -189.381119 -21.507679 -133.508987 1.800000 0.000000 0.000000
435000 27 G -189.698318 -18.605976 -135.521484 2.150000 0.000000 0.000000
435000 28 P -191.509430 -19.844830 -130.687973 2.110000 -1.000000 0.000000
435000 29 S -188.650116 -17.794346 -129.234650 1.800000 0.000000 0.000000
435000 30 C -188.741486 -15.208996 -131.653030 2.150000 0.000000 0.000000
435000 31 P -191.284241 -16.179195 -126.959442 2.110000 -1.000000 0.000000
435000 32 S -189.416306 -13.056253 -126.319908 1.800000 0.000000 0.000000
435000 33 C -190.131332 -10.973787 -128.981934 2.150000 0.000000 0.000000
435000 34 P -192.150436 -11.836637 -123.983116 2.110000 -1.000000 0.000000
435000 35 S -191.537643 -8.463254 -125.160408 1.800000 0.000000 0.000000
435000 36 U -193.816406 -9.051260 -127.729401 2.150000 0.000000 0.000000
435000 37 P -194.634644 -6.448822 -123.401382 2.110000 -1.000000 0.000000
440000 1 P -203.423065 -15.883832 -146.098923 2.110000 -1.000000 1.000000
440000 2 S -203.830032 -12.340783 -144.688675 1.800000 0.000000 0.000000
440000 3 G -202.755264 -12.453842 -141.332031 2.150000 0.000000 0.000000
440000 4 P -201.180405 -9.605458 -145.509232 2.110000 -1.000000 0.000000
440000 5 S -201.008743 -7.592982 -142.306030 1.800000 0.000000 0.000000
440000 6 G -200.363434 -10.184427 -139.932785 2.150000 0.000000 0.000000
440000 7 P -197.696686 -6.746674 -144.036591 2.110000 -1.000000 0.000000
440000 8 S -195.679169 -5.847326 -140.925781 1.800000 0.000000 0.000000
440000 9 G -195.346970 -9.052050 -139.672394 2.150000 0.000000 0.000000
440000 10 P -193.601288 -6.665323 -144.097626 2.110000 -1.000000 0.000000
440000 11 S -190.165314 -8.435477 -143.079117 1.800000 0.000000 0.000000
440000 12 C -191.392014 -11.319799 -141.607529 2.150000 0.000000 0.000000
440000 13 P -189.851852 -10.315174 -146.254013 2.110000 -1.000000 0.000000
440000 14 S -188.183975 -12.988400 -144.080963 1.800000 0.000000 0.000000
440000 15 G -184.861465 -11.476568 -143.877670 2.150000 0.000000 0.000000
440000 16 P -188.689880 -15.574892 -146.757523 2.110000 -1.000000 0.000000
440000 17 S -186.354187 -17.818468 -144.496597 1.800000 0.000000 0.000000
440000 18 C -189.085785 -16.995304 -142.559219 2.150000 0.000000 0.000000
440000 19 P -187.285477 -21.012924 -146.358231 2.110000 -1.000000 0.000000
440000 20 S -187.887817 -22.682304 -142.851624 1.800000 0.000000 0.000000
440000 21 A -184.733047 -23.754269 -142.410294 2.150000 0.000000 0.000000
440000 22 P -190.118622 -25.462147 -141.610077 2.110000 -1.000000 0.000000
440000 23 S -190.049988 -22.885948 -138.803574 1.800000 0.000000 0.000000
440000 24 A -191.903656 -20.318562 -140.004578 2.150000 0.000000 0.000000
440000 25 P -192.638947 -24.019352 -136.321228 2.110000 -1.000000 0.000000
440000 26 S -191.743408 -21.049988 -134.216537 1.800000 0.000000 0.000000
440000 27 G -192.778732 -18.158394 -136.387054 2.150000 0.000000 0.000000
440000 28 P -194.598999 -20.380142 -131.742416 2.110000 -1.000000 0.000000
440000 29 S -194.953461 -16.865173 -130.269577 1.800000 0.000000 0.000000
440000 30 C -196.153534 -15.542929 -133.122040 2.150000 0.000000 0.000000
440000 31 P -197.892517 -17.889713 -128.417603 2.110000 -1.000000 0.000000
440000 32 S -198.853378 -14.065367 -128.641861 1.800000 0.000000 0.000000
440000 33 C -199.761520 -14.045335 -132.051178 2.150000 0.000000 0.000000
440000 34 P -202.637177 -14.083506 -127.623375 2.110000 -1.000000 0.000000
440000 35 S -204.284500 -11.251592 -129.575684 1.800000 0.000000 0.000000
440000 36 U -204.645721 -13.170342 -132.510513 2.150000 0.000000 0.000000
440000 37 P -208.113525 -12.193567 -128.879974 2.110000 -1.000000 0.000000
445000 1 P -206.977798 -7.779670 -136.281097 2.110000 -1.000000 1.000000
445000 2 S -204.133087 -5.584724 -135.621109 1.800000 0.000000 0.000000
445000 3 G -202.600616 -7.745927 -133.316177 2.150000 0.000000 0.000000
445000 4 P -201.238571 -6.429575 -137.804016 2.110000 -1.000000 0.000000
445000 5 S -198.792542 -5.384977 -135.157867 1.800000 0.000000 0.000000
445000 6 G -198.783035 -8.304753 -133.537369 2.150000 0.000000 0.000000
445000 7 P -195.943893 -6.417933 -137.522278 2.110000 -1.000000 0.000000
445000 8 S -192.867172 -6.606522 -135.376877 1.800000 0.000000 0.000000
445000 9 G -193.841492 -9.783560 -134.131729 2.150000 0.000000 0.000000
445000 10 P -191.675323 -7.653026 -138.763580 2.110000 -1.000000 0.000000
445000 11 S -188.787674 -9.671344 -137.510239 1.800000 0.000000 0.000000
445000 12 C -191.414581 -11.864747 -135.968842 2.150000 0.000000 0.000000
445000 13 P -189.049942 -10.720127 -141.286560 2.110000 -1.000000 0.000000
445000 14 S -186.141098 -13.195317 -141.415649 1.800000 0.000000 0.000000
445000 15 G -187.326172 -16.193638 -140.063919 2.150000 0.000000 0.000000
445000 16 P -187.441864 -14.230082 -144.915741 2.110000 -1.000000 0.000000
445000 17 S -185.556168 -17.496042 -144.357651 1.800000 0.000000 0.000000
445000 18 C -183.129440 -17.476965 -141.773209 2.150000 0.000000 0.000000
445000 19 P -189.172577 -18.507092 -142.993835 2.110000 -1.000000 0.000000
445000 20 S -188.658142 -21.768240 -141.136459 1.800000 0.000000 0.000000
445000 21 A -186.942062 -20.794910 -138.343094 2.150000 0.000000 0.000000
445000 22 P -192.160492 -22.908379 -139.545486 2.110000 -1.000000 0.000000
445000 23 S -190.824310 -24.066515 -136.175186 1.800000 0.000000 0.000000
445000 24 A -190.122437 -20.908146 -135.098557 2.150000 0.000000 0.000000
445000 25 P -193.696335 -25.062513 -133.884766 2.110000 -1.000000 0.000000
445000 26 S -191.570847 -23.167706 -131.348862 1.800000 0.000000 0.000000
445000 27 G -191.785782 -19.679007 -132.065109 2.150000 0.000000 0.000000
445000 28 P -194.028091 -22.228630 -128.715714 2.110000 -1.000000 0.000000
445000 29 S -192.134445 -19.344324 -126.947067 1.800000 0.000000 0.000000
445000 30 C -193.101486 -16.984453 -129.019409 2.150000 0.000000 0.000000
445000 31 P -193.936600 -17.608837 -124.220100 2.110000 -1.000000 0.000000
445000 32 S -192.124084 -14.398311 -125.255424 1.800000 0.000000 0.000000
445000 33 C -194.309814 -13.121169 -127.445251 2.150000 0.000000 0.000000
445000 34 P -194.783920 -12.822076 -122.898438 2.110000 -1.000000 0.000000
445000 35 S -195.391083 -9.126675 -123.675484 1.800000 0.000000 0.000000
445000 36 U -197.151291 -9.041949 -126.525902 2.150000 0.000000 0.000000
445000 37 P -198.226028 -10.035739 -121.414635 2.110000 -1.000000 0.000000
450000 1 P -208.408813 -6.454659 -136.442001 2.110000 -1.000000 1.000000
450000 2 S -206.725037 -4.118708 -133.897583 1.800000 0.000000 0.000000
450000 3 G -205.498199 -6.853314 -131.900085 2.150000 0.000000 0.000000
450000 4 P -203.353271 -3.840438 -135.922256 2.110000 -1.000000 0.000000
450000 5 S -200.283493 -3.209198 -133.738693 1.800000 0.000000 0.000000
450000 6 G -200.749084 -6.442169 -132.087967 2.150000 0.000000 0.000000
450000 7 P -197.607864 -3.851628 -136.402817 2.110000 -1.000000 0.000000
450000 8 S -194.252457 -5.140368 -135.067169 1.800000 0.000000 0.000000
450000 9 G -195.657913 -8.324694 -135.019821 2.150000 0.000000 0.000000
450000 10 P -193.271683 -5.262497 -138.900497 2.110000 -1.000000 0.000000
450000 11 S -190.237442 -7.289019 -138.015945 1.800000 0.000000 0.000000
450000 12 C -192.118713 -10.085353 -137.203171 2.150000 0.000000 0.000000
450000 13 P -189.516968 -8.056652 -141.856552 2.110000 -1.000000 0.000000
450000 14 S -187.498428 -11.421215 -141.441650 1.800000 0.000000 0.000000
450000 15 G -190.497711 -13.116081 -139.994522 2.150000 0.000000 0.000000
450000 16 P -188.148849 -12.413727 -145.166046 2.110000 -1.000000 0.000000
450000 17 S -187.593201 -16.299913 -144.943451 1.800000 0.000000 0.000000
450000 18 C -189.327042 -16.654921 -142.161026 2.150000 0.000000 0.000000
450000 19 P -190.375595 -16.497440 -147.205139 2.110000 -1.000000 0.000000
450000 20 S -191.180634 -20.033188 -146.101913 1.800000 0.000000 0.000000
450000 21 A -191.380402 -19.771629 -142.606293 2.150000 0.000000 0.000000
450000 22 P -194.561569 -21.846853 -146.017151 2.110000 -1.000000 0.000000
450000 23 S -194.130310 -22.284405 -142.306793 1.800000 0.000000 0.000000
450000 24 A -194.981155 -18.570448 -142.409988 2.150000 0.000000 0.000000
450000 25 P -196.456009 -23.317751 -139.612915 2.110000 -1.000000 0.000000
450000 26 S -194.151596 -22.188414 -136.746857 1.800000 0.000000 0.000000
450000 27 G -193.931015 -18.957998 -137.855530 2.150000 0.000000 0.000000
450000 28 P -196.667633 -22.033409 -133.846237 2.110000 -1.000000 0.000000
450000 29 S -194.855225 -19.595663 -131.362442 1.800000 0.000000 0.000000
450000 30 C -195.621063 -17.155674 -133.697800 2.150000 0.000000 0.000000
450000 31 P -196.659912 -18.982347 -127.950172 2.110000 -1.000000 0.000000
450000 32 S -195.003174 -15.786878 -127.214417 1.800000 0.000000 0.000000
450000 33 C -196.107880 -13.704911 -129.606918 2.150000 0.000000 0.000000
450000 34 P -196.761292 -14.966807 -124.127571 2.110000 -1.000000 0.000000
450000 35 S -196.127365 -11.458571 -125.557381 1.800000 0.000000 0.000000
450000 36 U -198.635757 -11.298956 -128.098099 2.150000 0.000000 0.000000
450000 37 P -198.179535 -9.213429 -123.171600 2.110000 -1.000000 0.000000
455000 1 P -203.169006 -1.602978 -141.452286 2.110000 -1.000000 1.000000
455000 2 S -201.376465 -1.128941 -138.035370 1.800000 0.000000 0.000000
455000 3 G -201.156525 -4.507010 -137.088348 2.150000 0.000000 0.000000
455000 4 P -197.755264 -1.156171 -139.380737 2.110000 -1.000000 0.000000
455000 5 S -195.734650 -1.260655 -136.185394 1.800000 0.000000 0.000000
455000 6 G -196.295685 -4.352070 -134.476486 2.150000 0.000000 0.000000
455000 7 P -192.918259 -2.250197 -138.453812 2.110000 -1.000000 0.000000
455000 8 S -191.139206 -3.715805 -135.348740 1.800000 0.000000 0.000000
455000 9 G -192.072464 -6.779154 -134.292511 2.150000 0.000000 0.000000
455000 10 P -189.878555 -4.659202 -138.663391 2.110000 -1.000000 0.000000
455000 11 S -187.094467 -7.216529 -138.358978 1.800000 0.000000 0.000000
455000 12 C -189.113998 -9.717253 -137.539520 2.150000 0.000000 0.000000
455000 13 P -187.436005 -7.756758 -142.038162 2.110000 -1.000000 0.000000
455000 14 S -187.728806 -11.654612 -142.876068 1.800000 0.000000 0.000000
455000 15 G -190.742462 -10.657242 -141.626709 2.150000 0.000000 0.000000
455000 16 P -188.703384 -12.858012 -146.290970 2.110000 -1.000000 0.000000
455000 17 S -188.722504 -16.332939 -144.657547 1.800000 0.000000 0.000000
455000 18 C -191.050232 -15.240632 -142.381317 2.150000 0.000000 0.000000
455000 19 P -191.522415 -18.493326 -146.248108 2.110000 -1.000000 0.000000
455000 20 S -190.933609 -20.525696 -143.003098 1.800000 0.000000 0.000000
455000 21 A -190.491852 -18.723595 -140.022430 2.150000 0.000000 0.000000
455000 22 P -194.441925 -21.436722 -142.894562 2.110000 -1.000000 0.000000
455000 23 S -192.286835 -21.662434 -139.670944 1.800000 0.000000 0.000000
455000 24 A -190.675598 -24.546984 -139.279434 2.150000 0.000000 0.000000
455000 25 P -195.422791 -22.331860 -137.690430 2.110000 -1.000000 0.000000
455000 26 S -192.952927 -21.350578 -134.880371 1.800000 0.000000 0.000000
455000 27 G -192.361801 -17.815905 -135.840851 2.150000 0.000000 0.000000
455000 28 P -195.699997 -20.327055 -132.381302 2.110000 -1.000000 0.000000
455000 29 S -193.813644 -17.745779 -130.338699 1.800000 0.000000 0.000000
455000 30 C -193.978134 -15.087972 -132.614014 2.150000 0.000000 0.000000
455000 31 P -197.348221 -17.227657 -128.901947 2.110000 -1.000000 0.000000
455000 32 S -197.038223 -13.893435 -127.175507 1.800000 0.000000 0.000000
455000 33 C -196.768066 -11.936218 -130.017014 2.150000 0.000000 0.000000
455000 34 P -200.579514 -14.773640 -127.231667 2.110000 -1.000000 0.000000
455000 35 S -201.432098 -11.085254 -127.105690 1.800000 0.000000 0.000000
455000 36 U -201.453384 -10.669620 -130.642365 2.150000 0.000000 0.000000
455000 37 P -205.392212 -10.656044 -127.357025 2.110000 -1.000000 0.000000
460000 1 P -210.854431 -8.860222 -147.953125 2.110000 -1.000000 1.000000
460000 2 S -209.883041 -6.182477 -145.436478 1.800000 0.000000 0.000000
460000 3 G -208.770935 -8.266811 -143.122482 2.150000 0.000000 0.000000
460000 4 P -206.226929 -5.515042 -146.056854 2.110000 -1.000000 0.000000
460000 5 S -204.960861 -4.308614 -142.558167 1.800000 0.000000 0.000000
460000 6 G -204.919373 -7.835316 -141.913361 2.150000 0.000000 0.000000
460000 7 P -202.160995 -5.034940 -145.331818 2.110000 -1.000000 0.000000
460000 8 S -198.999573 -5.216277 -143.292038 1.800000 0.000000 0.000000
460000 9 G -198.087219 -8.604758 -142.872467 2.150000 0.000000 0.000000
460000 10 P -197.497543 -5.647106 -146.708237 2.110000 -1.000000 0.000000
460000 11 S -194.018066 -6.586278 -145.451782 1.800000 0.000000 0.000000
460000 12 C -193.769852 -9.180842 -143.228516 2.150000 0.000000 0.000000
460000 13 P -192.671768 -8.710309 -148.280228 2.110000 -1.000000 0.000000
460000 14 S -189.110947 -9.746866 -147.268036 1.800000 0.000000 0.000000
460000 15 G -189.532776 -11.910422 -144.584885 2.150000 0.000000 0.000000
460000 16 P -189.754761 -12.170682 -150.279922 2.110000 -1.000000 0.000000
460000 17 S -187.325516 -15.085630 -149.510544 1.800000 0.000000 0.000000
460000 18 C -185.224869 -12.700992 -151.349167 2.150000 0.000000 0.000000
460000 19 P -189.372299 -17.132256 -151.929337 2.110000 -1.000000 0.000000
460000 20 S -189.492355 -19.211975 -148.745773 1.800000 0.000000 0.000000
460000 21 A -189.591843 -16.936852 -146.307968 2.150000 0.000000 0.000000
460000 22 P -192.461472 -21.126322 -148.121490 2.110000 -1.000000 0.000000
460000 23 S -191.487045 -21.320908 -144.430435 1.800000 0.000000 0.000000
460000 24 A -191.333771 -18.177767 -142.532242 2.150000 0.000000 0.000000
460000 25 P -194.653778 -22.734303 -142.302826 2.110000 -1.000000 0.000000
460000 26 S -193.809982 -20.755157 -139.228043 1.800000 0.000000 0.000000
460000 27 G -194.285843 -17.205465 -139.764297 2.150000 0.000000 0.000000
460000 28 P -196.951797 -21.392561 -137.516159 2.110000 -1.000000 0.000000
460000 29 S -196.802536 -18.344147 -135.450821 1.800000 0.000000 0.000000
460000 30 C -197.628128 -15.770365 -137.660797 2.150000 0.000000 0.000000
460000 31 P -200.132874 -18.567160 -133.573059 2.110000 -1.000000 0.000000
460000 32 S -201.138275 -14.736138 -133.041061 1.800000 0.000000 0.000000
460000 33 C -202.371338 -14.626261 -136.346100 2.150000 0.000000 0.000000
460000 34 P -204.821274 -16.078938 -131.962051 2.110000 -1.000000 0.000000
460000 35 S -206.221512 -12.496039 -131.915436 1.800000 0.000000 0.000000
460000 36 U -206.850983 -11.970242 -135.110626 2.150000 0.000000 0.000000
460000 37 P -209.824265 -13.283715 -131.174103 2.110000 -1.000000 0.000000
465000 1 P -210.206161 -8.596369 -151.041122 2.110000 -1.000000 1.000000
465000 2 S -209.318100 -5.502828 -148.979340 1.800000 0.000000 0.000000
465000 3 G -207.514099 -7.647842 -146.830475 2.150000 0.000000 0.000000
465000 4 P -205.741379 -4.521769 -150.329178 2.110000 -1.000000 0.000000
465000 5 S -204.607117 -2.606456 -147.235229 1.800000 0.000000 0.000000
465000 6 G -203.423447 -5.657218 -145.648911 2.150000 0.000000 0.000000
465000 7 P -200.895645 -3.132613 -148.359375 2.110000 -1.000000 0.000000
465000 8 S -198.659500 -3.328012 -145.323929 1.800000 0.000000 0.000000
465000 9 G -199.953125 -6.746346 -144.741043 2.150000 0.000000 0.000000
465000 10 P -195.812698 -4.285203 -147.729614 2.110000 -1.000000 0.000000
465000 11 S -193.460815 -4.940407 -144.653244 1.800000 0.000000 0.000000
465000 12 C -194.741684 -7.367097 -142.398773 2.150000 0.000000 0.000000
465000 13 P -191.651871 -6.442983 -147.596848 2.110000 -1.000000 0.000000
465000 14 S -190.030014 -8.953911 -145.251144 1.800000 0.000000 0.000000
465000 15 G -186.785629 -7.336681 -145.864380 2.150000 0.000000 0.000000
465000 16 P -188.974075 -11.414105 -148.050964 2.110000 -1.000000 0.000000
465000 17 S -186.176270 -13.611356 -147.174454 1.800000 0.000000 0.000000
465000 18 C -183.755325 -13.771231 -149.979889 2.150000 0.000000 0.000000
465000 19 P -189.071503 -15.302186 -149.214783 2.110000 -1.000000 0.000000
465000 20 S -188.288422 -18.596800 -147.447983 1.800000 0.000000 0.000000
465000 21 A -189.935196 -17.450983 -144.729492 2.150000 0.000000 0.000000
465000 22 P -191.932190 -19.770266 -148.096725 2.110000 -1.000000 0.000000
465000 23 S -193.067581 -20.455610 -144.443314 1.800000 0.000000 0.000000
465000 24 A -194.244308 -17.304258 -144.885086 2.150000 0.000000 0.000000
465000 25 P -196.927338 -20.984324 -143.776672 2.110000 -1.000000 0.000000
465000 26 S -195.902176 -19.539654 -140.541794 1.800000 0.000000 0.000000
465000 27 G -194.763702 -16.299021 -140.984863 2.150000 0.000000 0.000000
465000 28 P -199.295303 -18.919310 -139.200455 2.110000 -1.000000 0.000000
465000 29 S -197.485428 -16.122049 -137.344803 1.800000 0.000000 0.000000
465000 30 C -198.559204 -14.705613 -140.480316 2.150000 0.000000 0.000000
465000 31 P -200.897812 -15.084804 -135.953979 2.110000 -1.000000 0.000000
465000 32 S -199.817337 -11.559834 -135.490372 1.800000 0.000000 0.000000
465000 33 C -200.374176 -10.613794 -138.828796 2.150000 0.000000 0.000000
465000 34 P -203.159988 -10.396146 -134.042114 2.110000 -1.000000 0.000000
465000 35 S -202.677795 -6.938130 -135.520737 1.800000 0.000000 0.000000
465000 36 U -203.094223 -7.636747 -138.893982 2.150000 0.000000 0.000000
465000 37 P -205.736542 -4.781487 -135.169220 2.110000 -1.000000 0.000000
470000 1 P -201.098022 1.729452 -149.305069 2.110000 -1.000000 1.000000
470000 2 S -199.503616 2.816162 -146.150482 1.800000 0.000000 0.000000
470000 3 G -201.518829 1.525558 -143.610306 2.150000 0.000000 0.000000
470000 4 P -196.112701 1.530304 -145.331253 2.110000 -1.000000 0.000000
470000 5 S -196.190369 1.160696 -141.575775 1.800000 0.000000 0.000000
470000 6 G -197.587723 -2.019784 -141.261597 2.150000 0.000000 0.000000
470000 7 P -192.494156 -0.444886 -142.405380 2.110000 -1.000000 0.000000
470000 8 S -191.929108 -2.947176 -139.490707 1.800000 0.000000 0.000000
470000 9 G -194.401810 -5.396291 -139.186798 2.150000 0.000000 0.000000
470000 10 P -189.141602 -4.384676 -141.733795 2.110000 -1.000000 0.000000
470000 11 S -188.615875 -7.983754 -140.979858 1.800000 0.000000 0.000000
470000 12 C -191.254852 -9.862989 -141.819702 2.150000 0.000000 0.000000
470000 13 P -187.217392 -7.639606 -144.590668 2.110000 -1.000000 0.000000
470000 14 S -188.368088 -11.156946 -145.791214 1.800000 0.000000 0.000000
470000 15 G -191.813553 -10.859447 -146.391525 2.150000 0.000000 0.000000
470000 16 P -187.803009 -10.222053 -149.301895 2.110000 -1.000000 0.000000
470000 17 S -188.432617 -13.974298 -149.543762 1.800000 0.000000 0.000000
470000 18 C -189.788284 -14.851997 -146.570419 2.150000 0.000000 0.000000
470000 19 P -191.768356 -13.658082 -151.202652 2.110000 -1.000000 0.000000
470000 20 S -194.011383 -16.417440 -149.831360 1.800000 0.000000 0.000000
470000 21 A -195.149841 -15.355389 -146.588089 2.150000 0.000000 0.000000
470000 22 P -197.603500 -15.700146 -150.485947 2.110000 -1.000000 0.000000
470000 23 S -198.487747 -17.128820 -147.080994 1.800000 0.000000 0.000000
470000 24 A -198.418564 -20.482262 -148.602814 2.150000 0.000000 0.000000
470000 25 P -202.304550 -16.335669 -147.048141 2.110000 -1.000000 0.000000
470000 26 S -200.678955 -16.735218 -143.573257 1.800000 0.000000 0.000000
470000 27 G -198.782013 -13.835135 -143.773865 2.150000 0.000000 0.000000
470000 28 P -204.051193 -15.335655 -142.361176 2.110000 -1.000000 0.000000
470000 29 S -203.210693 -13.855107 -139.095612 1.800000 0.000000 0.000000
470000 30 C -200.637405 -11.748962 -140.012360 2.150000 0.000000 0.000000
470000 31 P -206.431915 -12.258047 -138.126892 2.110000 -1.000000 0.000000
470000 32 S -205.006165 -9.700992 -135.786423 1.800000 0.000000 0.000000
470000 33 C -203.334381 -8.426466 -138.561981 2.150000 0.000000 0.000000
470000 34 P -208.393921 -7.835915 -136.234573 2.110000 -1.000000 0.000000
470000 35 S -205.994705 -5.365269 -134.713120 1.800000 0.000000 0.000000
470000 36 U -205.142380 -4.127532 -137.770462 2.150000 0.000000 0.000000
470000 37 P -207.977020 -2.316864 -135.147232 2.110000 -1.000000 0.000000
475000 1 P -195.949478 1.113450 -152.860428 2.110000 -1.000000 1.000000
475000 2 S -196.517746 3.526414 -149.837601 1.800000 0.000000 0.000000
475000 3 G -198.482986 1.274178 -147.835236 2.150000 0.000000 0.000000
475000 4 P -193.341934 1.803237 -149.153214 2.110000 -1.000000 0.000000
475000 5 S -192.377472 1.829235 -145.590195 1.800000 0.000000 0.000000
475000 6 G -195.635300 0.006075 -145.135956 2.150000 0.000000 0.000000
475000 7 P -189.772064 -0.485691 -147.179214 2.110000 -1.000000 0.000000
475000 8 S -189.404007 -3.610888 -144.941147 1.800000 0.000000 0.000000
475000 9 G -192.177414 -5.385245 -145.011826 2.150000 0.000000 0.000000
475000 10 P -187.448822 -5.267167 -147.773972 2.110000 -1.000000 0.000000
475000 11 S -187.838394 -8.737609 -146.802124 1.800000 0.000000 0.000000
475000 12 C -191.228836 -9.225481 -146.786148 2.150000 0.000000 0.000000
475000 13 P -187.341721 -9.371649 -150.562973 2.110000 -1.000000 0.000000
475000 14 S -189.536163 -12.255359 -149.366699 1.800000 0.000000 0.000000
475000 15 G -186.517700 -14.394840 -149.191238 2.150000 0.000000 0.000000
475000 16 P -190.728378 -13.104830 -153.054764 2.110000 -1.000000 0.000000
475000 17 S -191.651566 -16.457554 -151.651001 1.800000 0.000000 0.000000
475000 18 C -192.388763 -14.908149 -148.809677 2.150000 0.000000 0.000000
475000 19 P -195.379318 -17.275970 -151.326523 2.110000 -1.000000 0.000000
475000 20 S -194.666626 -19.917809 -148.557037 1.800000 0.000000 0.000000
475000 21 A -193.616776 -18.736486 -145.580597 2.150000 0.000000 0.000000
475000 22 P -198.306473 -19.312428 -147.926865 2.110000 -1.000000 0.000000
475000 23 S -198.481049 -19.212170 -144.053604 1.800000 0.000000 0.000000
475000 24 A -196.570084 -16.378487 -144.197525 2.150000 0.000000 0.000000
475000 25 P -201.897293 -17.561066 -143.908279 2.110000 -1.000000 0.000000
475000 26 S -200.518707 -14.922787 -141.633652 1.800000 0.000000 0.000000
475000 27 G -198.922821 -12.542221 -143.803482 2.150000 0.000000 0.000000
475000 28 P -203.550247 -12.671452 -140.983185 2.110000 -1.000000 0.000000
475000 29 S -201.310455 -10.620103 -138.547562 1.800000 0.000000 0.000000
475000 30 C -199.669556 -8.333716 -140.618164 2.150000 0.000000 0.000000
475000 31 P -204.602844 -8.623439 -138.486893 2.110000 -1.000000 0.000000
475000 32 S -202.785873 -5.546903 -136.975403 1.800000 0.000000 0.000000
475000 33 C -201.161804 -4.226424 -139.778214 2.150000 0.000000 0.000000
475000 34 P -206.006531 -3.927776 -137.709442 2.110000 -1.000000 0.000000
475000 35 S -204.110275 -0.726887 -136.871979 1.800000 0.000000 0.000000
475000 36 U -202.424301 -0.325698 -139.985367 2.150000 0.000000 0.000000
475000 37 P -207.498840 0.805863 -138.010849 2.110000 -1.000000 0.000000
480000 1 P -207.016312 1.597881 -141.550018 2.110000 -1.000000 1.000000
480000 2 S -204.541779 1.776149 -138.638809 1.800000 0.000000 0.000000
480000 3 G -204.393509 -1.293619 -136.880661 2.150000 0.000000 0.000000
480000 4 P -201.619354 0.358319 -140.982590 2.110000 -1.000000 0.000000
480000 5 S -198.645050 -0.537448 -138.555649 1.800000 0.000000 0.000000
480000 6 G -199.864609 -3.799472 -138.252777 2.150000 0.000000 0.000000
480000 7 P -196.271988 -2.319591 -140.867737 2.110000 -1.000000 0.000000
480000 8 S -194.629883 -5.325880 -139.315414 1.800000 0.000000 0.000000
480000 9 G -197.371658 -7.512396 -138.680130 2.150000 0.000000 0.000000
480000 10 P -193.500687 -6.691467 -142.683777 2.110000 -1.000000 0.000000
480000 11 S -192.854187 -10.135727 -141.133591 1.800000 0.000000 0.000000
480000 12 C -196.468048 -10.943115 -141.453629 2.150000 0.000000 0.000000
480000 13 P -193.114990 -10.911145 -144.886169 2.110000 -1.000000 0.000000
480000 14 S -189.599472 -11.322961 -146.217316 1.800000 0.000000 0.000000
480000 15 G -189.416687 -14.572246 -144.482117 2.150000 0.000000 0.000000
480000 16 P -192.215424 -12.168683 -148.604141 2.110000 -1.000000 0.000000
480000 17 S -191.427505 -15.690737 -149.714737 1.800000 0.000000 0.000000
480000 18 C -189.196365 -15.989556 -152.339355 2.150000 0.000000 0.000000
480000 19 P -194.538620 -16.432837 -151.250229 2.110000 -1.000000 0.000000
480000 20 S -195.457306 -19.718843 -149.600998 1.800000 0.000000 0.000000
480000 21 A -195.053665 -18.007015 -146.501694 2.150000 0.000000 0.000000
480000 22 P -199.423386 -19.640047 -150.306351 2.110000 -1.000000 0.000000
480000 23 S -200.266525 -22.193642 -147.728821 1.800000 0.000000 0.000000
480000 24 A -199.413284 -22.062506 -144.442032 2.150000 0.000000 0.000000
480000 25 P -203.834213 -21.965294 -146.657806 2.110000 -1.000000 0.000000
480000 26 S -203.578156 -20.401804 -143.134323 1.800000 0.000000 0.000000
480000 27 G -202.267181 -17.425407 -143.751617 2.150000 0.000000 0.000000
480000 28 P -205.835526 -18.721838 -140.567932 2.110000 -1.000000 0.000000
480000 29 S -202.757812 -18.360550 -138.478058 1.800000 0.000000 0.000000
480000 30 C -201.410599 -15.328514 -139.535080 2.150000 0.000000 0.000000
480000 31 P -203.171906 -16.601809 -135.156998 2.110000 -1.000000 0.000000
480000 32 S -199.685150 -15.467505 -134.254745 1.800000 0.000000 0.000000
480000 33 C -199.837158 -12.652537 -136.560059 2.150000 0.000000 0.000000
480000 34 P -201.676086 -13.454960 -131.814316 2.110000 -1.000000 0.000000
480000 35 S -199.175446 -10.686894 -131.858582 1.800000 0.000000 0.000000
480000 36 U -200.830078 -8.954883 -134.418732 2.150000 0.000000 0.000000
480000 37 P -201.704880 -8.546152 -129.998932 2.110000 -1.000000 0.000000
485000 1 P -213.100403 1.544475 -145.915970 2.110000 -1.000000 1.000000
485000 2 S -210.989716 3.958228 -144.013519 1.800000 0.000000 0.000000
485000 3 G -210.837112 1.147106 -141.691635 2.150000 0.000000 0.000000
485000 4 P -207.156372 2.422017 -145.107788 2.110000 -1.000000 0.000000
485000 5 S -205.064209 3.068221 -142.030777 1.800000 0.000000 0.000000
485000 6 G -206.104691 0.872850 -139.722946 2.150000 0.000000 0.000000
485000 7 P -202.289658 0.967931 -143.458618 2.110000 -1.000000 0.000000
485000 8 S -200.303864 -0.606605 -140.673447 1.800000 0.000000 0.000000
485000 9 G -203.167709 -2.626041 -140.052124 2.150000 0.000000 0.000000
485000 10 P -198.998199 -2.492255 -143.879013 2.110000 -1.000000 0.000000
485000 11 S -197.490540 -5.671659 -142.469971 1.800000 0.000000 0.000000
485000 12 C -200.553497 -7.383182 -141.873947 2.150000 0.000000 0.000000
485000 13 P -198.000854 -7.377469 -145.882248 2.110000 -1.000000 0.000000
485000 14 S -198.225357 -11.261330 -146.007462 1.800000 0.000000 0.000000
485000 15 G -200.411270 -12.053375 -143.306000 2.150000 0.000000 0.000000
485000 16 P -199.746048 -11.803973 -149.634705 2.110000 -1.000000 0.000000
485000 17 S -199.931580 -15.502572 -149.259399 1.800000 0.000000 0.000000
485000 18 C -201.502853 -17.048071 -146.649506 2.150000 0.000000 0.000000
485000 19 P -203.660645 -15.304649 -150.824921 2.110000 -1.000000 0.000000
485000 20 S -205.134293 -16.735962 -147.850632 1.800000 0.000000 0.000000
485000 21 A -204.994324 -14.395812 -145.291641 2.150000 0.000000 0.000000
485000 22 P -209.003494 -16.232964 -148.187286 2.110000 -1.000000 0.000000
485000 23 S -208.540237 -16.564100 -144.487244 1.800000 0.000000 0.000000
485000 24 A -208.243546 -20.039324 -144.450272 2.150000 0.000000 0.000000
485000 25 P -211.832825 -15.826665 -142.693161 2.110000 -1.000000 0.000000
485000 26 S -209.444168 -15.386509 -139.715271 1.800000 0.000000 0.000000
485000 27 G -207.190002 -12.815397 -140.430023 2.150000 0.000000 0.000000
485000 28 P -211.112900 -13.417610 -136.802597 2.110000 -1.000000 0.000000
485000 29 S -208.105194 -12.338517 -134.657394 1.800000 0.000000 0.000000
485000 30 C -206.262436 -10.329787 -137.003891 2.150000 0.000000 0.000000
485000 31 P -210.257706 -10.130783 -132.513702 2.110000 -1.000000 0.000000
485000 32 S -207.418991 -7.629061 -131.274384 1.800000 0.000000 0.000000
485000 33 C -206.342087 -6.045300 -134.118317 2.150000 0.000000 0.000000
485000 34 P -209.828674 -5.188268 -129.774445 2.110000 -1.000000 0.000000
485000 35 S -207.284775 -2.432103 -130.906815 1.800000 0.000000 0.000000
485000 36 U -206.817184 -2.434482 -134.486862 2.150000 0.000000 0.000000
485000 37 P -209.612335 0.179755 -130.368805 2.110000 -1.000000 0.000000
490000 1 P -209.802612 -0.235414 -154.612396 2.110000 -1.000000 1.000000
490000 2 S -207.442993 0.852685 -151.626389 1.800000 0.000000 0.000000
490000 3 G -208.905777 -1.376521 -149.663925 2.150000 0.000000 0.000000
490000 4 P -205.110245 -1.322237 -153.532272 2.110000 -1.000000 0.000000
490000 5 S -203.106339 -1.652339 -150.266006 1.800000 0.000000 0.000000
490000 6 G -205.155212 -4.103624 -148.989380 2.150000 0.000000 0.000000
490000 7 P -200.620728 -4.388631 -151.002319 2.110000 -1.000000 0.000000
490000 8 S -200.584488 -6.128083 -147.683304 1.800000 0.000000 0.000000
490000 9 G -203.330383 -7.921732 -148.342194 2.150000 0.000000 0.000000
490000 10 P -198.394150 -8.112574 -149.832230 2.110000 -1.000000 0.000000
490000 11 S -198.439026 -10.877829 -147.199982 1.800000 0.000000 0.000000
490000 12 C -201.719254 -11.957164 -147.777420 2.150000 0.000000 0.000000
490000 13 P -197.481888 -12.632775 -150.432327 2.110000 -1.000000 0.000000
490000 14 S -199.377930 -16.038097 -150.487732 1.800000 0.000000 0.000000
490000 15 G -201.977203 -13.999436 -151.304153 2.150000 0.000000 0.000000
490000 16 P -199.428391 -16.798138 -154.236649 2.110000 -1.000000 0.000000
490000 17 S -200.830658 -20.118372 -153.272476 1.800000 0.000000 0.000000
490000 18 C -202.026627 -18.610472 -150.515167 2.150000 0.000000 0.000000
490000 19 P -203.741196 -19.734200 -155.481857 2.110000 -1.000000 0.000000
490000 20 S -205.767929 -22.172026 -153.323914 1.800000 0.000000 0.000000
490000 21 A -204.922958 -25.035398 -154.745483 2.150000 0.000000 0.000000
490000 22 P -209.481918 -21.299000 -153.942368 2.110000 -1.000000 0.000000
490000 23 S -209.616348 -22.094299 -150.272171 1.800000 0.000000 0.000000
490000 24 A -206.587906 -20.144217 -149.400497 2.150000 0.000000 0.000000
490000 25 P -212.651871 -19.886057 -149.554977 2.110000 -1.000000 0.000000
490000 26 S -210.893463 -19.606129 -146.114243 1.800000 0.000000 0.000000
490000 27 G -208.839035 -16.949614 -146.675095 2.150000 0.000000 0.000000
490000 28 P -213.499451 -16.794720 -145.146072 2.110000 -1.000000 0.000000
490000 29 S -210.948502 -15.623259 -142.402481 1.800000 0.000000 0.000000
490000 30 C -209.364349 -13.132947 -144.284775 2.150000 0.000000 0.000000
490000 31 P -212.480499 -12.758533 -140.510834 2.110000 -1.000000 0.000000
490000 32 S -209.110886 -11.412582 -139.662277 1.800000 0.000000 0.000000
490000 33 C -208.513702 -9.525808 -142.585083 2.150000 0.000000 0.000000
490000 34 P -211.159546 -8.448633 -138.146637 2.110000 -1.000000 0.000000
490000 35 S -208.980957 -5.303663 -138.547806 1.800000 0.000000 0.000000
490000 36 U -209.970093 -5.816889 -141.984756 2.150000 0.000000 0.000000
490000 37 P -211.498947 -2.629816 -137.184647 2.110000 -1.000000 0.000000
495000 1 P -205.569443 -4.020111 -153.659134 2.110000 -1.000000 1.000000
495000 2 S -203.765884 -2.692337 -150.459717 1.800000 0.000000 0.000000
495000 3 G -205.888367 -5.101669 -148.627075 2.150000 0.000000 0.000000
495000 4 P -200.500198 -4.443389 -149.955750 2.110000 -1.000000 0.000000
495000 5 S -200.623734 -3.809499 -146.145187 1.800000 0.000000 0.000000
495000 6 G -203.328018 -5.664252 -144.849213 2.150000 0.000000 0.000000
495000 7 P -198.135681 -6.570410 -147.516922 2.110000 -1.000000 0.000000
495000 8 S -197.959030 -8.974792 -144.500504 1.800000 0.000000 0.000000
495000 9 G -200.499207 -11.222333 -144.250473 2.150000 0.000000 0.000000
495000 10 P -196.160400 -11.096008 -146.874512 2.110000 -1.000000 0.000000
495000 11 S -195.665863 -14.378853 -145.235321 1.800000 0.000000 0.000000
495000 12 C -199.231079 -14.867410 -145.168228 2.150000 0.000000 0.000000
495000 13 P -195.205338 -14.533991 -149.183960 2.110000 -1.000000 0.000000
495000 14 S -196.855179 -17.887743 -149.372803 1.800000 0.000000 0.000000
495000 15 G -199.668869 -15.737914 -148.851318 2.150000 0.000000 0.000000
495000 16 P -197.637970 -18.507029 -152.953262 2.110000 -1.000000 0.000000
495000 17 S -198.047546 -22.213366 -152.479477 1.800000 0.000000 0.000000
495000 18 C -198.380692 -21.443369 -149.312134 2.150000 0.000000 0.000000
495000 19 P -201.831299 -21.432596 -153.339523 2.110000 -1.000000 0.000000
495000 20 S -202.935623 -24.195307 -151.081299 1.800000 0.000000 0.000000
495000 21 A -202.128510 -23.722403 -147.597656 2.150000 0.000000 0.000000
495000 22 P -206.521912 -22.996944 -150.870743 2.110000 -1.000000 0.000000
495000 23 S -207.375107 -25.428236 -148.105560 1.800000 0.000000 0.000000
495000 24 A -205.198044 -24.992802 -145.219757 2.150000 0.000000 0.000000
495000 25 P -210.673141 -23.215458 -147.168839 2.110000 -1.000000 0.000000
495000 26 S -209.242874 -21.783113 -143.835205 1.800000 0.000000 0.000000
495000 27 G -206.005722 -20.615597 -144.066391 2.150000 0.000000 0.000000
495000 28 P -211.660599 -19.211214 -142.370117 2.110000 -1.000000 0.000000
495000 29 S -209.153992 -18.060049 -139.647781 1.800000 0.000000 0.000000
495000 30 C -206.841476 -16.430792 -141.898407 2.150000 0.000000 0.000000
495000 31 P -211.075531 -14.980458 -138.430115 2.110000 -1.000000 0.000000
495000 32 S -208.157776 -13.105335 -136.887573 1.800000 0.000000 0.000000
495000 33 C -207.498199 -11.296641 -139.660889 2.150000 0.000000 0.000000
495000 34 P -210.079147 -10.013493 -136.063141 2.110000 -1.000000 0.000000
495000 35 S -207.199585 -7.446453 -136.423050 1.800000 0.000000 0.000000
495000 36 U -206.310226 -6.968902 -139.792542 2.150000 0.000000 0.000000
495000 37 P -209.566452 -4.722350 -136.198471 2.110000 -1.000000 0.000000
500000 1 P -207.682724 -5.811923 -156.520294 2.110000 -1.000000 1.000000
500000 2 S -207.284424 -2.838060 -154.329422 1.800000 0.000000 0.000000
500000 3 G -208.605255 -3.748996 -151.136795 2.150000 0.000000 0.000000
500000 4 P -203.965195 -4.331315 -153.247665 2.110000 -1.000000 0.000000
500000 5 S -203.800354 -3.367697 -149.454163 1.800000 0.000000 0.000000
500000 6 G -206.402893 -5.270626 -148.008820 2.150000 0.000000 0.000000
500000 7 P -201.129349 -6.173062 -149.891083 2.110000 -1.000000 0.000000
500000 8 S -201.288864 -7.671845 -146.613708 1.800000 0.000000 0.000000
500000 9 G -204.591202 -9.011182 -147.264359 2.150000 0.000000 0.000000
500000 10 P -199.156372 -10.582687 -148.106949 2.110000 -1.000000 0.000000
500000 11 S -199.998230 -13.956355 -146.465958 1.800000 0.000000 0.000000
500000 12 C -202.920486 -12.877226 -147.880295 2.150000 0.000000 0.000000
500000 13 P -198.117188 -14.701887 -149.599777 2.110000 -1.000000 0.000000
500000 14 S -199.537003 -17.782288 -151.194427 1.800000 0.000000 0.000000
500000 15 G -202.729309 -16.749287 -151.792572 2.150000 0.000000 0.000000
500000 16 P -198.810165 -17.186230 -154.840912 2.110000 -1.000000 0.000000
500000 17 S -201.525970 -19.339443 -156.317566 1.800000 0.000000 0.000000
500000 18 C -200.423630 -22.160099 -154.581558 2.150000 0.000000 0.000000
500000 19 P -204.896149 -18.054777 -155.175064 2.110000 -1.000000 0.000000
500000 20 S -206.328140 -21.604259 -154.530029 1.800000 0.000000 0.000000
500000 21 A -203.851685 -22.905708 -152.097656 2.150000 0.000000 0.000000
500000 22 P -209.005997 -19.742138 -152.397308 2.110000 -1.000000 0.000000
500000 23 S -212.281128 -20.213488 -154.289093 1.800000 0.000000 0.000000
500000 24 A -213.528366 -23.494030 -153.880402 2.150000 0.000000 0.000000
500000 25 P -214.928970 -18.239399 -152.342560 2.110000 -1.000000 0.000000
500000 26 S -213.289383 -19.115921 -149.025177 1.800000 0.000000 0.000000
500000 27 G -211.308609 -16.168751 -149.195587 2.150000 0.000000 0.000000
500000 28 P -215.868576 -17.171125 -146.884323 2.110000 -1.000000 0.000000
500000 29 S -213.615829 -16.865383 -143.729340 1.800000 0.000000 0.000000
500000 30 C -211.571060 -14.461737 -145.400757 2.150000 0.000000 0.000000
500000 31 P -216.227310 -14.114354 -143.006241 2.110000 -1.000000 0.000000
500000 32 S -213.873734 -11.945098 -140.825577 1.800000 0.000000 0.000000
500000 33 C -212.092636 -10.246432 -143.084518 2.150000 0.000000 0.000000
500000 34 P -216.834152 -9.542094 -141.200714 2.110000 -1.000000 0.000000
500000 35 S -215.620087 -5.859528 -141.442581 1.800000 0.000000 0.000000
500000 36 U -215.334122 -5.348076 -145.092041 2.150000 0.000000 0.000000
500000 37 P -219.250839 -4.567969 -141.769531 2.110000 -1.000000 0.000000
