380000 1 P -156.442673 48.854889 -168.031128 2.110000 -1.000000 1.000000
380000 2 S -155.065338 45.864895 -166.104095 1.800000 0.000000 0.000000
380000 3 G -157.876556 45.533909 -164.205490 2.150000 0.000000 0.000000
380000 4 P -155.484955 43.707600 -169.438400 2.110000 -1.000000 0.000000
380000 5 S -155.819916 40.128204 -168.168640 1.800000 0.000000 0.000000
380000 6 G -159.084854 40.621212 -167.289536 2.150000 0.000000 0.000000
380000 7 P -156.729385 39.282616 -171.770248 2.110000 -1.000000 0.000000
380000 8 S -159.192123 36.364208 -171.009171 1.800000 0.000000 0.000000
380000 9 G -161.788223 38.358116 -169.894974 2.150000 0.000000 0.000000
380000 10 P -159.147461 37.404785 -174.658218 2.110000 -1.000000 0.000000
380000 11 S -162.721802 36.794567 -175.369644 1.800000 0.000000 0.000000
380000 12 C -163.766449 39.993130 -174.331604 2.150000 0.000000 0.000000
380000 13 P -162.860199 38.559540 -178.945145 2.110000 -1.000000 0.000000
380000 14 S -166.493011 39.845322 -179.561356 1.800000 0.000000 0.000000
380000 15 G -166.476669 41.634121 -176.730316 2.150000 0.000000 0.000000
380000 16 P -165.881638 42.829372 -182.058548 2.110000 -1.000000 0.000000
380000 17 S -168.533005 44.876095 -180.409164 1.800000 0.000000 0.000000
380000 18 C -171.282257 42.967949 -181.648392 2.150000 0.000000 0.000000
380000 19 P -168.866455 48.409557 -181.858871 2.110000 -1.000000 0.000000
380000 20 S -170.905182 50.234718 -179.254486 1.800000 0.000000 0.000000
380000 21 A -172.486313 47.243858 -178.385498 2.150000 0.000000 0.000000
380000 22 P -169.651962 50.176815 -175.750504 2.110000 -1.000000 0.000000
380000 23 S -172.998138 49.846592 -173.767334 1.800000 0.000000 0.000000
380000 24 A -173.649063 46.423889 -173.982666 2.150000 0.000000 0.000000
380000 25 P -172.673981 49.443760 -169.764771 2.110000 -1.000000 0.000000
380000 26 S -173.924698 45.838722 -169.833206 1.800000 0.000000 0.000000
380000 27 G -171.479599 44.146656 -171.744690 2.150000 0.000000 0.000000
380000 28 P -173.800735 44.204796 -166.354065 2.110000 -1.000000 0.000000
380000 29 S -173.347610 40.385902 -167.145172 1.800000 0.000000 0.000000
380000 30 C -169.822372 41.687763 -167.794022 2.150000 0.000000 0.000000
380000 31 P -172.606201 40.186363 -162.970886 2.110000 -1.000000 0.000000
380000 32 S -170.089569 37.647659 -162.218475 1.800000 0.000000 0.000000
380000 33 C -167.016495 39.077549 -163.408020 2.150000 0.000000 0.000000
380000 34 P -169.071426 38.525543 -158.741318 2.110000 -1.000000 0.000000
380000 35 S -165.477280 37.616783 -158.793503 1.800000 0.000000 0.000000
380000 36 U -164.130417 39.796684 -161.394196 2.150000 0.000000 0.000000
380000 37 P -163.657761 39.026005 -155.775208 2.110000 -1.000000 0.000000
385000 1 P -156.468140 48.506275 -174.718201 2.110000 -1.000000 1.000000
385000 2 S -155.819260 44.820675 -174.387863 1.800000 0.000000 0.000000
385000 3 G -158.111130 43.263714 -172.153214 2.150000 0.000000 0.000000
385000 4 P -155.812561 43.701466 -178.010788 2.110000 -1.000000 0.000000
385000 5 S -156.374405 39.849644 -177.767563 1.800000 0.000000 0.000000
385000 6 G -159.570862 39.272396 -176.024445 2.150000 0.000000 0.000000
385000 7 P -157.095825 39.629089 -181.325180 2.110000 -1.000000 0.000000
385000 8 S -159.503052 36.941677 -180.119965 1.800000 0.000000 0.000000
385000 9 G -161.678589 39.566055 -179.752243 2.150000 0.000000 0.000000
385000 10 P -160.667389 36.885769 -183.669571 2.110000 -1.000000 0.000000
385000 11 S -164.139328 35.695427 -182.681000 1.800000 0.000000 0.000000
385000 12 C -165.325684 38.241852 -180.742447 2.150000 0.000000 0.000000
385000 13 P -165.439056 37.168156 -185.950241 2.110000 -1.000000 0.000000
385000 14 S -169.048050 38.417965 -185.710312 1.800000 0.000000 0.000000
385000 15 G -168.958069 39.993969 -182.757721 2.150000 0.000000 0.000000
385000 16 P -168.808578 41.574745 -187.401154 2.110000 -1.000000 0.000000
385000 17 S -172.385056 41.721962 -185.945618 1.800000 0.000000 0.000000
385000 18 C -172.151505 42.680576 -182.543411 2.150000 0.000000 0.000000
385000 19 P -171.082336 44.805134 -187.257431 2.110000 -1.000000 0.000000
385000 20 S -173.048141 47.597248 -185.590988 1.800000 0.000000 0.000000
385000 21 A -175.663132 45.331509 -184.778488 2.150000 0.000000 0.000000
385000 22 P -170.791382 47.123375 -182.441208 2.110000 -1.000000 0.000000
385000 23 S -173.229080 49.650387 -180.977554 1.800000 0.000000 0.000000
385000 24 A -176.543045 48.302750 -181.074860 2.150000 0.000000 0.000000
385000 25 P -172.727585 49.629341 -177.215195 2.110000 -1.000000 0.000000
385000 26 S -174.147598 46.215614 -178.115021 1.800000 0.000000 0.000000
385000 27 G -170.926697 44.937271 -178.966431 2.150000 0.000000 0.000000
385000 28 P -173.975571 44.507782 -174.590927 2.110000 -1.000000 0.000000
385000 29 S -172.958878 41.094440 -175.693268 1.800000 0.000000 0.000000
385000 30 C -169.545868 42.341599 -176.294983 2.150000 0.000000 0.000000
385000 31 P -172.815247 40.571163 -172.006165 2.110000 -1.000000 0.000000
385000 32 S -170.453903 37.647053 -171.868042 1.800000 0.000000 0.000000
385000 33 C -167.818558 38.238941 -173.635513 2.150000 0.000000 0.000000
385000 34 P -170.936951 39.359318 -168.420090 2.110000 -1.000000 0.000000
385000 35 S -167.476898 37.995125 -167.160858 1.800000 0.000000 0.000000
385000 36 U -166.023972 39.271275 -169.978012 2.150000 0.000000 0.000000
385000 37 P -168.942505 40.775787 -165.008011 2.110000 -1.000000 0.000000
390000 1 P -159.829163 40.917686 -177.710602 2.110000 -1.000000 1.000000
390000 2 S -160.508713 38.121887 -175.126953 1.800000 0.000000 0.000000
390000 3 G -163.937897 38.480480 -174.550507 2.150000 0.000000 0.000000
390000 4 P -159.854767 36.214157 -178.444275 2.110000 -1.000000 0.000000
390000 5 S -162.399933 33.522404 -177.924133 1.800000 0.000000 0.000000
390000 6 G -165.152863 35.807510 -177.499268 2.150000 0.000000 0.000000
390000 7 P -161.933044 33.191635 -181.559006 2.110000 -1.000000 0.000000
390000 8 S -165.073868 31.609972 -183.147614 1.800000 0.000000 0.000000
390000 9 G -168.172272 33.531967 -182.175446 2.150000 0.000000 0.000000
390000 10 P -163.448334 32.954216 -186.338058 2.110000 -1.000000 0.000000
390000 11 S -166.910690 33.904873 -187.718719 1.800000 0.000000 0.000000
390000 12 C -166.800842 36.963951 -186.238174 2.150000 0.000000 0.000000
390000 13 P -167.675186 35.802940 -191.117935 2.110000 -1.000000 0.000000
390000 14 S -170.898331 36.839188 -189.272583 1.800000 0.000000 0.000000
390000 15 G -170.626358 39.512348 -186.962738 2.150000 0.000000 0.000000
390000 16 P -171.110397 39.245377 -192.178436 2.110000 -1.000000 0.000000
390000 17 S -173.502640 41.316704 -189.943817 1.800000 0.000000 0.000000
390000 18 C -176.204010 40.128143 -192.222260 2.150000 0.000000 0.000000
390000 19 P -171.414597 44.001972 -191.725845 2.110000 -1.000000 0.000000
390000 20 S -173.396576 47.279728 -191.456116 1.800000 0.000000 0.000000
390000 21 A -176.704056 45.684017 -191.328064 2.150000 0.000000 0.000000
390000 22 P -172.344055 46.010513 -188.017761 2.110000 -1.000000 0.000000
390000 23 S -172.770721 49.284363 -186.249008 1.800000 0.000000 0.000000
390000 24 A -176.503464 49.241707 -186.910263 2.150000 0.000000 0.000000
390000 25 P -173.188080 48.752434 -182.395447 2.110000 -1.000000 0.000000
390000 26 S -174.845367 45.420589 -182.765793 1.800000 0.000000 0.000000
390000 27 G -171.914688 43.886063 -183.259064 2.150000 0.000000 0.000000
390000 28 P -175.676453 44.963612 -179.263031 2.110000 -1.000000 0.000000
390000 29 S -176.897415 41.531239 -180.622421 1.800000 0.000000 0.000000
390000 30 C -173.753479 40.212189 -180.863907 2.150000 0.000000 0.000000
390000 31 P -177.964432 40.814926 -176.880295 2.110000 -1.000000 0.000000
390000 32 S -177.091293 37.411480 -178.019653 1.800000 0.000000 0.000000
390000 33 C -173.701035 37.293659 -178.016876 2.150000 0.000000 0.000000
390000 34 P -177.450012 35.832603 -174.572556 2.110000 -1.000000 0.000000
390000 35 S -174.748383 33.298897 -174.111176 1.800000 0.000000 0.000000
390000 36 U -171.708878 34.752522 -174.007767 2.150000 0.000000 0.000000
390000 37 P -175.417786 33.809013 -170.443909 2.110000 -1.000000 0.000000
395000 1 P -159.890732 31.211468 -174.123611 2.110000 -1.000000 1.000000
395000 2 S -161.243576 27.732010 -174.702194 1.800000 0.000000 0.000000
395000 3 G -164.677216 27.462259 -174.718475 2.150000 0.000000 0.000000
395000 4 P -161.042755 27.114237 -178.701462 2.110000 -1.000000 0.000000
395000 5 S -163.799469 24.476017 -179.142426 1.800000 0.000000 0.000000
395000 6 G -166.284958 27.076326 -179.190811 2.150000 0.000000 0.000000
395000 7 P -163.882080 24.811951 -182.821671 2.110000 -1.000000 0.000000
395000 8 S -167.362488 24.305777 -184.043518 1.800000 0.000000 0.000000
395000 9 G -169.844162 26.600779 -183.229324 2.150000 0.000000 0.000000
395000 10 P -166.773193 26.079569 -187.364090 2.110000 -1.000000 0.000000
395000 11 S -169.945389 27.882448 -188.637894 1.800000 0.000000 0.000000
395000 12 C -169.928299 29.744745 -185.419830 2.150000 0.000000 0.000000
395000 13 P -168.386383 30.087255 -191.127884 2.110000 -1.000000 0.000000
395000 14 S -170.857758 32.710167 -190.165771 1.800000 0.000000 0.000000
395000 15 G -170.134125 33.228352 -186.926529 2.150000 0.000000 0.000000
395000 16 P -169.979523 36.046242 -192.141861 2.110000 -1.000000 0.000000
395000 17 S -171.902283 38.308998 -189.638687 1.800000 0.000000 0.000000
395000 18 C -170.564819 37.481907 -186.464417 2.150000 0.000000 0.000000
395000 19 P -169.683197 41.165527 -190.548386 2.110000 -1.000000 0.000000
395000 20 S -171.888687 43.640903 -188.503098 1.800000 0.000000 0.000000
395000 21 A -169.672165 44.944698 -186.412308 2.150000 0.000000 0.000000
395000 22 P -173.250275 41.278118 -185.616913 2.110000 -1.000000 0.000000
395000 23 S -172.585815 43.768860 -182.813507 1.800000 0.000000 0.000000
395000 24 A -169.366531 42.771214 -181.990463 2.150000 0.000000 0.000000
395000 25 P -174.139038 41.887386 -180.121460 2.110000 -1.000000 0.000000
395000 26 S -176.319763 39.386356 -181.974533 1.800000 0.000000 0.000000
395000 27 G -173.813110 37.684147 -183.729965 2.150000 0.000000 0.000000
395000 28 P -177.213013 37.436584 -178.783508 2.110000 -1.000000 0.000000
395000 29 S -178.380859 34.717690 -181.203079 1.800000 0.000000 0.000000
395000 30 C -175.175415 33.408398 -182.678268 2.150000 0.000000 0.000000
395000 31 P -178.506531 32.364170 -178.369812 2.110000 -1.000000 0.000000
395000 32 S -177.940536 29.521229 -180.841614 1.800000 0.000000 0.000000
395000 33 C -174.623871 29.183571 -181.128738 2.150000 0.000000 0.000000
395000 34 P -177.935333 26.777437 -178.148193 2.110000 -1.000000 0.000000
395000 35 S -175.388550 24.654812 -180.065491 1.800000 0.000000 0.000000
395000 36 U -172.624359 26.238226 -178.561874 2.150000 0.000000 0.000000
395000 37 P -174.457016 21.789635 -177.581284 2.110000 -1.000000 0.000000
400000 1 P -158.671692 43.086815 -182.913300 2.110000 -1.000000 1.000000
400000 2 S -157.731049 39.503323 -182.067322 1.800000 0.000000 0.000000
400000 3 G -159.890152 37.116547 -180.885376 2.150000 0.000000 0.000000
400000 4 P -158.065292 38.694626 -185.798203 2.110000 -1.000000 0.000000
400000 5 S -159.090881 35.400639 -184.411835 1.800000 0.000000 0.000000
400000 6 G -162.416382 36.693260 -183.363525 2.150000 0.000000 0.000000
400000 7 P -160.452423 34.549881 -187.742142 2.110000 -1.000000 0.000000
400000 8 S -162.846786 31.464312 -187.179016 1.800000 0.000000 0.000000
400000 9 G -165.881027 32.413101 -185.601715 2.150000 0.000000 0.000000
400000 10 P -163.639938 32.526379 -190.924866 2.110000 -1.000000 0.000000
400000 11 S -166.861191 31.431143 -192.352829 1.800000 0.000000 0.000000
400000 12 C -169.280823 33.203999 -190.451950 2.150000 0.000000 0.000000
400000 13 P -166.344803 33.799541 -195.163849 2.110000 -1.000000 0.000000
400000 14 S -169.932510 35.078224 -195.353333 1.800000 0.000000 0.000000
400000 15 G -171.267548 36.505550 -192.501999 2.150000 0.000000 0.000000
400000 16 P -169.290787 38.536007 -197.410477 2.110000 -1.000000 0.000000
400000 17 S -171.966385 40.517578 -195.763077 1.800000 0.000000 0.000000
400000 18 C -171.482651 41.029881 -192.440399 2.150000 0.000000 0.000000
400000 19 P -169.266937 42.958832 -196.938782 2.110000 -1.000000 0.000000
400000 20 S -169.720108 46.441727 -195.507278 1.800000 0.000000 0.000000
400000 21 A -172.776917 45.234665 -196.393066 2.150000 0.000000 0.000000
400000 22 P -170.282074 45.425552 -191.796463 2.110000 -1.000000 0.000000
400000 23 S -173.443024 47.270275 -190.183853 1.800000 0.000000 0.000000
400000 24 A -176.610504 45.868927 -191.353729 2.150000 0.000000 0.000000
400000 25 P -173.526108 45.714565 -186.742233 2.110000 -1.000000 0.000000
400000 26 S -176.020874 43.160038 -187.966354 1.800000 0.000000 0.000000
400000 27 G -174.517258 40.776077 -189.729874 2.150000 0.000000 0.000000
400000 28 P -176.447861 41.472591 -184.609314 2.110000 -1.000000 0.000000
400000 29 S -176.915390 37.849045 -185.638428 1.800000 0.000000 0.000000
400000 30 C -174.162979 35.813896 -186.381287 2.150000 0.000000 0.000000
400000 31 P -176.386948 37.407665 -181.795303 2.110000 -1.000000 0.000000
400000 32 S -174.109772 34.339832 -181.933868 1.800000 0.000000 0.000000
400000 33 C -171.356476 36.580528 -182.998978 2.150000 0.000000 0.000000
400000 34 P -173.413559 34.647079 -178.311035 2.110000 -1.000000 0.000000
400000 35 S -170.720490 32.071835 -178.669678 1.800000 0.000000 0.000000
400000 36 U -168.210159 34.011826 -180.016388 2.150000 0.000000 0.000000
400000 37 P -169.995148 31.913095 -175.034317 2.110000 -1.000000 0.000000
405000 1 P -158.915436 36.959824 -190.721420 2.110000 -1.000000 1.000000
405000 2 S -158.418076 33.139290 -190.193268 1.800000 0.000000 0.000000
405000 3 G -161.200302 31.662466 -188.497147 2.150000 0.000000 0.000000
405000 4 P -158.931686 32.302567 -193.881943 2.110000 -1.000000 0.000000
405000 5 S -161.159973 29.144751 -193.233704 1.800000 0.000000 0.000000
405000 6 G -164.150711 31.024477 -192.890213 2.150000 0.000000 0.000000
405000 7 P -162.240555 28.969496 -196.854111 2.110000 -1.000000 0.000000
405000 8 S -165.353775 27.094225 -195.763489 1.800000 0.000000 0.000000
405000 9 G -168.086426 28.755417 -194.246017 2.150000 0.000000 0.000000
405000 10 P -165.781647 28.099771 -199.217758 2.110000 -1.000000 0.000000
405000 11 S -169.560379 28.535872 -199.330780 1.800000 0.000000 0.000000
405000 12 C -168.729858 31.098188 -197.313019 2.150000 0.000000 0.000000
405000 13 P -168.652863 30.528658 -202.612198 2.110000 -1.000000 0.000000
405000 14 S -170.578690 33.795845 -202.173035 1.800000 0.000000 0.000000
405000 15 G -169.516235 34.660896 -199.003769 2.150000 0.000000 0.000000
405000 16 P -168.923233 36.560780 -204.189957 2.110000 -1.000000 0.000000
405000 17 S -168.560867 38.395367 -200.849625 1.800000 0.000000 0.000000
405000 18 C -165.841736 36.762230 -199.342194 2.150000 0.000000 0.000000
405000 19 P -167.081589 41.869488 -201.038361 2.110000 -1.000000 0.000000
405000 20 S -169.668640 42.904568 -198.441605 1.800000 0.000000 0.000000
405000 21 A -172.554398 42.093708 -200.295929 2.150000 0.000000 0.000000
405000 22 P -169.248901 40.577198 -195.180725 2.110000 -1.000000 0.000000
405000 23 S -170.885315 43.516766 -193.480469 1.800000 0.000000 0.000000
405000 24 A -173.405548 42.905956 -195.726852 2.150000 0.000000 0.000000
405000 25 P -172.378815 42.568199 -190.134460 2.110000 -1.000000 0.000000
405000 26 S -174.837601 39.863995 -191.271835 1.800000 0.000000 0.000000
405000 27 G -173.057159 37.138287 -191.747833 2.150000 0.000000 0.000000
405000 28 P -174.844009 39.106586 -187.525879 2.110000 -1.000000 0.000000
405000 29 S -175.153152 35.467880 -187.515686 1.800000 0.000000 0.000000
405000 30 C -171.746765 34.668617 -188.495712 2.150000 0.000000 0.000000
405000 31 P -174.562592 33.768990 -184.095474 2.110000 -1.000000 0.000000
405000 32 S -173.350372 30.259987 -184.299713 1.800000 0.000000 0.000000
405000 33 C -170.611832 30.902462 -186.072540 2.150000 0.000000 0.000000
405000 34 P -172.340408 30.670343 -180.813202 2.110000 -1.000000 0.000000
405000 35 S -169.399658 28.566437 -179.960251 1.800000 0.000000 0.000000
405000 36 U -167.114807 30.656744 -181.631241 2.150000 0.000000 0.000000
405000 37 P -167.134644 29.078270 -176.661621 2.110000 -1.000000 0.000000
410000 1 P -152.528503 37.294502 -184.344757 2.110000 -1.000000 1.000000
410000 2 S -151.800247 33.729763 -183.125839 1.800000 0.000000 0.000000
410000 3 G -155.431564 33.654087 -182.295532 2.150000 0.000000 0.000000
410000 4 P -152.407669 32.378082 -186.718628 2.110000 -1.000000 0.000000
410000 5 S -154.272156 29.020206 -186.238205 1.800000 0.000000 0.000000
410000 6 G -157.069275 30.746731 -185.431229 2.150000 0.000000 0.000000
410000 7 P -154.854721 29.162905 -190.053345 2.110000 -1.000000 0.000000
410000 8 S -157.634323 26.846115 -189.081375 1.800000 0.000000 0.000000
410000 9 G -160.137100 28.001160 -186.799103 2.150000 0.000000 0.000000
410000 10 P -159.427216 28.102058 -192.390762 2.110000 -1.000000 0.000000
410000 11 S -163.115463 28.055653 -191.548553 1.800000 0.000000 0.000000
410000 12 C -162.839066 30.600451 -189.335541 2.150000 0.000000 0.000000
410000 13 P -162.931107 30.383547 -194.768127 2.110000 -1.000000 0.000000
410000 14 S -165.658859 32.436058 -193.285065 1.800000 0.000000 0.000000
410000 15 G -164.447174 34.639839 -190.857040 2.150000 0.000000 0.000000
410000 16 P -165.691681 35.341358 -195.649109 2.110000 -1.000000 0.000000
410000 17 S -165.782516 38.423771 -193.537735 1.800000 0.000000 0.000000
410000 18 C -162.758759 39.277687 -192.083191 2.150000 0.000000 0.000000
410000 19 P -165.873932 41.577648 -195.727966 2.110000 -1.000000 0.000000
410000 20 S -166.070282 44.193081 -193.050278 1.800000 0.000000 0.000000
410000 21 A -163.250549 45.872864 -193.779709 2.150000 0.000000 0.000000
410000 22 P -164.116745 43.025295 -190.207184 2.110000 -1.000000 0.000000
410000 23 S -166.594131 44.199398 -187.717133 1.800000 0.000000 0.000000
410000 24 A -169.652695 42.242104 -188.071075 2.150000 0.000000 0.000000
410000 25 P -166.831146 42.575142 -184.270538 2.110000 -1.000000 0.000000
410000 26 S -169.219788 39.954140 -185.306519 1.800000 0.000000 0.000000
410000 27 G -168.734238 37.942520 -188.183273 2.150000 0.000000 0.000000
410000 28 P -169.573837 37.462482 -182.218048 2.110000 -1.000000 0.000000
410000 29 S -170.022583 34.283886 -184.133835 1.800000 0.000000 0.000000
410000 30 C -167.104095 33.200432 -185.547791 2.150000 0.000000 0.000000
410000 31 P -170.020386 33.047497 -180.648315 2.110000 -1.000000 0.000000
410000 32 S -168.433792 29.900497 -181.675674 1.800000 0.000000 0.000000
410000 33 C -165.522507 31.679003 -182.201965 2.150000 0.000000 0.000000
410000 34 P -167.891586 29.115871 -178.165451 2.110000 -1.000000 0.000000
410000 35 S -165.015976 26.695309 -178.962708 1.800000 0.000000 0.000000
410000 36 U -162.616684 29.099661 -179.998779 2.150000 0.000000 0.000000
410000 37 P -164.769836 26.793011 -175.155945 2.110000 -1.000000 0.000000
415000 1 P -149.986267 36.947964 -186.828506 2.110000 -1.000000 1.000000
415000 2 S -150.607117 33.260197 -185.693817 1.800000 0.000000 0.000000
415000 3 G -154.031967 33.415363 -184.661423 2.150000 0.000000 0.000000
415000 4 P -152.068161 32.034679 -188.878464 2.110000 -1.000000 0.000000
415000 5 S -154.151733 28.901089 -187.907349 1.800000 0.000000 0.000000
415000 6 G -157.136490 29.194973 -185.996414 2.150000 0.000000 0.000000
415000 7 P -155.039566 29.636707 -191.572189 2.110000 -1.000000 0.000000
415000 8 S -158.567581 27.961897 -192.045944 1.800000 0.000000 0.000000
415000 9 G -160.316513 30.374416 -190.295120 2.150000 0.000000 0.000000
415000 10 P -158.387207 30.329544 -194.937164 2.110000 -1.000000 0.000000
415000 11 S -162.244034 30.359039 -195.094421 1.800000 0.000000 0.000000
415000 12 C -163.341721 32.355145 -192.465591 2.150000 0.000000 0.000000
415000 13 P -162.709564 33.181519 -197.824448 2.110000 -1.000000 0.000000
415000 14 S -166.424866 33.916431 -196.814056 1.800000 0.000000 0.000000
415000 15 G -166.790955 35.815563 -193.778168 2.150000 0.000000 0.000000
415000 16 P -165.676468 37.172234 -198.853561 2.110000 -1.000000 0.000000
415000 17 S -168.016022 40.009308 -197.845810 1.800000 0.000000 0.000000
415000 18 C -166.489731 40.009541 -194.505646 2.150000 0.000000 0.000000
415000 19 P -166.514847 43.512802 -198.385956 2.110000 -1.000000 0.000000
415000 20 S -168.472870 45.527439 -195.579956 1.800000 0.000000 0.000000
415000 21 A -170.241913 42.785851 -195.937912 2.150000 0.000000 0.000000
415000 22 P -166.577225 44.768311 -192.153412 2.110000 -1.000000 0.000000
415000 23 S -169.544510 46.371429 -190.246780 1.800000 0.000000 0.000000
415000 24 A -171.659470 43.847992 -191.476166 2.150000 0.000000 0.000000
415000 25 P -167.602463 44.499836 -187.570435 2.110000 -1.000000 0.000000
415000 26 S -169.713409 41.440018 -187.507568 1.800000 0.000000 0.000000
415000 27 G -166.944458 39.964947 -188.946411 2.150000 0.000000 0.000000
415000 28 P -168.976730 40.000698 -184.200317 2.110000 -1.000000 0.000000
415000 29 S -169.735519 36.419655 -185.413803 1.800000 0.000000 0.000000
415000 30 C -167.541443 35.422813 -187.952454 2.150000 0.000000 0.000000
415000 31 P -168.245697 34.882786 -182.195908 2.110000 -1.000000 0.000000
415000 32 S -168.750473 31.560171 -184.243591 1.800000 0.000000 0.000000
415000 33 C -165.619827 31.997513 -185.581299 2.150000 0.000000 0.000000
415000 34 P -167.278702 30.041624 -181.091263 2.110000 -1.000000 0.000000
415000 35 S -164.455765 27.910883 -182.727112 1.800000 0.000000 0.000000
415000 36 U -162.190475 30.495070 -182.856750 2.150000 0.000000 0.000000
415000 37 P -163.281708 26.056744 -179.710999 2.110000 -1.000000 0.000000
420000 1 P -152.847977 43.876736 -179.205383 2.110000 -1.000000 1.000000
420000 2 S -151.613708 40.672466 -177.558029 1.800000 0.000000 0.000000
420000 3 G -154.345490 38.620964 -177.160385 2.150000 0.000000 0.000000
420000 4 P -151.341003 38.732990 -180.857620 2.110000 -1.000000 0.000000
420000 5 S -151.904831 35.148258 -179.654816 1.800000 0.000000 0.000000
420000 6 G -155.273483 35.251553 -179.357101 2.150000 0.000000 0.000000
420000 7 P -152.723450 35.497387 -183.285782 2.110000 -1.000000 0.000000
420000 8 S -155.294907 32.560463 -183.810547 1.800000 0.000000 0.000000
420000 9 G -158.401596 33.497425 -182.477219 2.150000 0.000000 0.000000
420000 10 P -156.699417 33.524925 -187.076553 2.110000 -1.000000 0.000000
420000 11 S -159.573914 31.305548 -185.972931 1.800000 0.000000 0.000000
420000 12 C -162.374207 32.947746 -184.598587 2.150000 0.000000 0.000000
420000 13 P -160.119141 33.232841 -189.292511 2.110000 -1.000000 0.000000
420000 14 S -163.543106 34.199215 -188.656387 1.800000 0.000000 0.000000
420000 15 G -161.574890 36.041740 -186.640472 2.150000 0.000000 0.000000
420000 16 P -164.105011 37.455887 -190.887863 2.110000 -1.000000 0.000000
420000 17 S -166.070236 39.139668 -188.169678 1.800000 0.000000 0.000000
420000 18 C -164.375824 39.379456 -185.232468 2.150000 0.000000 0.000000
420000 19 P -165.763336 42.813931 -189.216751 2.110000 -1.000000 0.000000
420000 20 S -168.015244 44.488998 -186.773941 1.800000 0.000000 0.000000
420000 21 A -170.192535 41.724285 -186.831802 2.150000 0.000000 0.000000
420000 22 P -167.054642 42.830414 -183.560974 2.110000 -1.000000 0.000000
420000 23 S -170.372726 44.052460 -182.002319 1.800000 0.000000 0.000000
420000 24 A -172.867325 42.255463 -183.272202 2.150000 0.000000 0.000000
420000 25 P -171.026535 41.691494 -178.958313 2.110000 -1.000000 0.000000
420000 26 S -172.410812 39.181866 -181.586349 1.800000 0.000000 0.000000
420000 27 G -169.468903 37.813847 -182.825333 2.150000 0.000000 0.000000
420000 28 P -171.514603 36.866535 -178.786545 2.110000 -1.000000 0.000000
420000 29 S -170.124420 33.936016 -180.901718 1.800000 0.000000 0.000000
420000 30 C -166.925720 34.469463 -181.959396 2.150000 0.000000 0.000000
420000 31 P -168.720703 31.997047 -177.456436 2.110000 -1.000000 0.000000
420000 32 S -166.205429 30.172302 -179.712448 1.800000 0.000000 0.000000
420000 33 C -163.915024 33.096176 -179.590027 2.150000 0.000000 0.000000
420000 34 P -164.110611 28.690861 -176.903091 2.110000 -1.000000 0.000000
420000 35 S -161.018021 28.380610 -179.003235 1.800000 0.000000 0.000000
420000 36 U -159.957855 31.712393 -179.081039 2.150000 0.000000 0.000000
420000 37 P -158.052124 27.466131 -177.106735 2.110000 -1.000000 0.000000
425000 1 P -151.102325 40.720764 -170.486237 2.110000 -1.000000 1.000000
425000 2 S -150.607788 37.212852 -171.699478 1.800000 0.000000 0.000000
425000 3 G -153.469116 35.834480 -170.111008 2.150000 0.000000 0.000000
425000 4 P -152.031830 37.262447 -175.334091 2.110000 -1.000000 0.000000
425000 5 S -152.811829 33.471409 -175.042740 1.800000 0.000000 0.000000
425000 6 G -156.283325 33.429703 -174.467850 2.150000 0.000000 0.000000
425000 7 P -154.106445 33.819309 -178.537720 2.110000 -1.000000 0.000000
425000 8 S -156.139282 30.737068 -179.314209 1.800000 0.000000 0.000000
425000 9 G -159.147919 31.194340 -177.583206 2.150000 0.000000 0.000000
425000 10 P -156.886429 33.255928 -182.071579 2.110000 -1.000000 0.000000
425000 11 S -160.150284 31.530279 -182.863739 1.800000 0.000000 0.000000
425000 12 C -161.730667 32.929016 -179.919174 2.150000 0.000000 0.000000
425000 13 P -160.833633 34.684124 -185.138519 2.110000 -1.000000 0.000000
425000 14 S -164.457626 34.297672 -185.125732 1.800000 0.000000 0.000000
425000 15 G -165.713562 35.068604 -182.134308 2.150000 0.000000 0.000000
425000 16 P -165.238678 37.705715 -186.686768 2.110000 -1.000000 0.000000
425000 17 S -168.951691 37.516312 -185.823898 1.800000 0.000000 0.000000
425000 18 C -168.299744 38.251102 -182.505630 2.150000 0.000000 0.000000
425000 19 P -168.182831 41.109310 -186.605377 2.110000 -1.000000 0.000000
425000 20 S -171.668228 41.918739 -184.954041 1.800000 0.000000 0.000000
425000 21 A -172.721451 38.338474 -184.921249 2.150000 0.000000 0.000000
425000 22 P -170.859421 41.300674 -181.103058 2.110000 -1.000000 0.000000
425000 23 S -174.272186 40.993858 -179.341019 1.800000 0.000000 0.000000
425000 24 A -174.627228 37.701180 -180.174194 2.150000 0.000000 0.000000
425000 25 P -172.309570 40.481323 -175.792099 2.110000 -1.000000 0.000000
425000 26 S -172.898468 36.908051 -176.570251 1.800000 0.000000 0.000000
425000 27 G -169.270508 36.892735 -176.743134 2.150000 0.000000 0.000000
425000 28 P -171.369797 36.007595 -172.955414 2.110000 -1.000000 0.000000
425000 29 S -170.695465 32.633675 -174.456116 1.800000 0.000000 0.000000
425000 30 C -167.883926 33.064945 -176.462708 2.150000 0.000000 0.000000
425000 31 P -169.380936 31.867611 -170.829193 2.110000 -1.000000 0.000000
425000 32 S -167.015671 29.070673 -172.247482 1.800000 0.000000 0.000000
425000 33 C -164.531296 31.045515 -174.047195 2.150000 0.000000 0.000000
425000 34 P -165.077698 27.972818 -169.161011 2.110000 -1.000000 0.000000
425000 35 S -161.941147 27.054256 -171.005966 1.800000 0.000000 0.000000
425000 36 U -159.920914 29.610371 -171.748291 2.150000 0.000000 0.000000
425000 37 P -160.559769 25.523605 -167.542664 2.110000 -1.000000 0.000000
430000 1 P -152.907349 40.616020 -181.554993 2.110000 -1.000000 1.000000
430000 2 S -151.383972 37.289444 -182.613434 1.800000 0.000000 0.000000
430000 3 G -154.173141 35.264996 -181.984039 2.150000 0.000000 0.000000
430000 4 P -152.234482 37.843174 -186.437302 2.110000 -1.000000 0.000000
430000 5 S -154.027847 34.477921 -187.307602 1.800000 0.000000 0.000000
430000 6 G -157.250244 35.338463 -186.045883 2.150000 0.000000 0.000000
430000 7 P -155.065491 35.488739 -191.048050 2.110000 -1.000000 0.000000
430000 8 S -157.727829 32.920391 -191.068710 1.800000 0.000000 0.000000
430000 9 G -160.392441 34.341274 -189.516663 2.150000 0.000000 0.000000
430000 10 P -157.991302 35.186275 -194.055084 2.110000 -1.000000 0.000000
430000 11 S -161.633331 34.789017 -195.027084 1.800000 0.000000 0.000000
430000 12 C -163.307098 35.950714 -192.011902 2.150000 0.000000 0.000000
430000 13 P -161.193649 38.152130 -196.617462 2.110000 -1.000000 0.000000
430000 14 S -164.245560 39.039795 -194.622116 1.800000 0.000000 0.000000
430000 15 G -162.546616 40.631866 -192.000534 2.150000 0.000000 0.000000
430000 16 P -164.607040 42.960926 -195.236053 2.110000 -1.000000 0.000000
430000 17 S -166.584488 43.624275 -191.960632 1.800000 0.000000 0.000000
430000 18 C -164.246689 44.008583 -189.240280 2.150000 0.000000 0.000000
430000 19 P -166.023453 47.422359 -192.943451 2.110000 -1.000000 0.000000
430000 20 S -168.676132 47.952621 -190.421417 1.800000 0.000000 0.000000
430000 21 A -170.584915 45.268269 -192.115829 2.150000 0.000000 0.000000
430000 22 P -166.711517 47.160320 -187.175781 2.110000 -1.000000 0.000000
430000 23 S -169.698227 45.439892 -185.490234 1.800000 0.000000 0.000000
430000 24 A -168.820450 42.996494 -187.675308 2.150000 0.000000 0.000000
430000 25 P -168.390976 43.685490 -182.019135 2.110000 -1.000000 0.000000
430000 26 S -170.160370 40.376656 -182.760010 1.800000 0.000000 0.000000
430000 27 G -168.281555 39.242645 -185.653381 2.150000 0.000000 0.000000
430000 28 P -169.711533 38.209965 -179.728546 2.110000 -1.000000 0.000000
430000 29 S -169.271835 34.916428 -181.553757 1.800000 0.000000 0.000000
430000 30 C -166.128159 35.256824 -182.950424 2.150000 0.000000 0.000000
430000 31 P -168.395782 32.719006 -178.515381 2.110000 -1.000000 0.000000
430000 32 S -165.977615 30.270248 -180.047089 1.800000 0.000000 0.000000
430000 33 C -163.529373 32.777428 -180.405640 2.150000 0.000000 0.000000
430000 34 P -165.051971 29.068495 -176.679840 2.110000 -1.000000 0.000000
430000 35 S -162.618225 27.044912 -178.590225 1.800000 0.000000 0.000000
430000 36 U -160.270355 29.096764 -180.127609 2.150000 0.000000 0.000000
430000 37 P -161.166748 27.389498 -175.166916 2.110000 -1.000000 0.000000
435000 1 P -153.944489 41.426498 -179.891953 2.110000 -1.000000 1.000000
435000 2 S -153.218124 37.731300 -180.199631 1.800000 0.000000 0.000000
435000 3 G -156.461929 36.879093 -180.130814 2.150000 0.000000 0.000000
435000 4 P -153.513916 38.729172 -183.671143 2.110000 -1.000000 0.000000
435000 5 S -155.061447 35.154617 -184.206314 1.800000 0.000000 0.000000
435000 6 G -158.315125 36.081326 -183.568604 2.150000 0.000000 0.000000
435000 7 P -155.449936 36.161942 -187.795151 2.110000 -1.000000 0.000000
435000 8 S -157.883026 33.249172 -188.186523 1.800000 0.000000 0.000000
435000 9 G -160.679413 34.393646 -186.685577 2.150000 0.000000 0.000000
435000 10 P -159.013016 34.074177 -191.683319 2.110000 -1.000000 0.000000
435000 11 S -162.563629 32.920071 -192.128555 1.800000 0.000000 0.000000
435000 12 C -165.047714 33.928112 -189.726715 2.150000 0.000000 0.000000
435000 13 P -162.771225 35.953751 -194.985306 2.110000 -1.000000 0.000000
435000 14 S -166.258011 36.930115 -193.967850 1.800000 0.000000 0.000000
435000 15 G -165.231628 37.562817 -190.692368 2.150000 0.000000 0.000000
435000 16 P -164.912415 39.899021 -195.858444 2.110000 -1.000000 0.000000
435000 17 S -167.728973 41.814148 -193.721527 1.800000 0.000000 0.000000
435000 18 C -166.140884 43.279926 -191.017685 2.150000 0.000000 0.000000
435000 19 P -167.097763 45.322792 -194.810013 2.110000 -1.000000 0.000000
435000 20 S -170.647308 46.376259 -193.434738 1.800000 0.000000 0.000000
435000 21 A -169.940292 49.571293 -192.316177 2.150000 0.000000 0.000000
435000 22 P -170.485733 44.533554 -190.092438 2.110000 -1.000000 0.000000
435000 23 S -170.452393 47.336464 -187.582245 1.800000 0.000000 0.000000
435000 24 A -174.002716 47.319130 -187.531372 2.150000 0.000000 0.000000
435000 25 P -170.898438 45.066093 -184.428009 2.110000 -1.000000 0.000000
435000 26 S -173.158432 42.542332 -186.351028 1.800000 0.000000 0.000000
435000 27 G -170.041138 41.221024 -187.330994 2.150000 0.000000 0.000000
435000 28 P -172.615845 40.534527 -183.170258 2.110000 -1.000000 0.000000
435000 29 S -172.298538 37.020302 -184.300735 1.800000 0.000000 0.000000
435000 30 C -169.229965 36.786224 -185.680969 2.150000 0.000000 0.000000
435000 31 P -171.731628 34.718575 -181.236435 2.110000 -1.000000 0.000000
435000 32 S -169.405563 32.205235 -182.837601 1.800000 0.000000 0.000000
435000 33 C -166.999817 34.637070 -182.241440 2.150000 0.000000 0.000000
435000 34 P -169.506805 31.557367 -179.207596 2.110000 -1.000000 0.000000
435000 35 S -165.993866 29.973213 -178.336975 1.800000 0.000000 0.000000
435000 36 U -164.516190 32.849911 -179.319351 2.150000 0.000000 0.000000
435000 37 P -166.055222 31.066637 -174.872040 2.110000 -1.000000 0.000000
440000 1 P -154.679138 42.529457 -181.662674 2.110000 -1.000000 1.000000
440000 2 S -154.979111 38.799084 -181.400528 1.800000 0.000000 0.000000
440000 3 G -158.325424 39.405762 -181.321854 2.150000 0.000000 0.000000
440000 4 P -155.277832 38.484104 -185.242218 2.110000 -1.000000 0.000000
440000 5 S -156.696381 34.923862 -184.674103 1.800000 0.000000 0.000000
440000 6 G -159.968414 34.893768 -183.621292 2.150000 0.000000 0.000000
440000 7 P -157.349777 35.669727 -188.475967 2.110000 -1.000000 0.000000
440000 8 S -160.395721 33.577854 -189.191711 1.800000 0.000000 0.000000
440000 9 G -163.057159 35.691559 -188.282135 2.150000 0.000000 0.000000
440000 10 P -160.092941 36.116043 -192.214615 2.110000 -1.000000 0.000000
440000 11 S -163.458405 36.615131 -193.841080 1.800000 0.000000 0.000000
440000 12 C -165.161041 37.695145 -190.835785 2.150000 0.000000 0.000000
440000 13 P -163.236252 39.419178 -196.274170 2.110000 -1.000000 0.000000
440000 14 S -166.937546 40.152325 -196.195663 1.800000 0.000000 0.000000
440000 15 G -167.201050 40.119572 -192.832214 2.150000 0.000000 0.000000
440000 16 P -167.662018 43.718060 -197.243439 2.110000 -1.000000 0.000000
440000 17 S -171.298355 43.783634 -195.941193 1.800000 0.000000 0.000000
440000 18 C -170.406006 44.018322 -192.589111 2.150000 0.000000 0.000000
440000 19 P -171.515945 47.596809 -195.825058 2.110000 -1.000000 0.000000
440000 20 S -173.777069 47.656174 -192.696671 1.800000 0.000000 0.000000
440000 21 A -175.299088 44.943565 -194.106415 2.150000 0.000000 0.000000
440000 22 P -171.839828 47.006584 -189.577438 2.110000 -1.000000 0.000000
440000 23 S -171.594864 50.117603 -187.306534 1.800000 0.000000 0.000000
440000 24 A -175.056107 50.546658 -186.716782 2.150000 0.000000 0.000000
440000 25 P -170.834610 48.142342 -184.396210 2.110000 -1.000000 0.000000
440000 26 S -173.146347 45.355263 -185.400360 1.800000 0.000000 0.000000
440000 27 G -170.594742 43.407841 -187.032043 2.150000 0.000000 0.000000
440000 28 P -171.763931 44.028923 -182.144150 2.110000 -1.000000 0.000000
440000 29 S -172.974594 40.578049 -182.735062 1.800000 0.000000 0.000000
440000 30 C -170.268295 39.003807 -184.191452 2.150000 0.000000 0.000000
440000 31 P -172.033600 39.378178 -179.179703 2.110000 -1.000000 0.000000
440000 32 S -171.255661 35.528408 -179.384094 1.800000 0.000000 0.000000
440000 33 C -168.373367 35.907303 -181.357452 2.150000 0.000000 0.000000
440000 34 P -169.922501 34.908512 -175.784561 2.110000 -1.000000 0.000000
440000 35 S -167.010696 32.642124 -176.750381 1.800000 0.000000 0.000000
440000 36 U -165.462616 35.776188 -176.721130 2.150000 0.000000 0.000000
440000 37 P -164.787689 31.876101 -173.556808 2.110000 -1.000000 0.000000
445000 1 P -149.536301 44.519485 -183.785919 2.110000 -1.000000 1.000000
445000 2 S -150.235092 40.782383 -182.915604 1.800000 0.000000 0.000000
445000 3 G -153.686829 40.243244 -182.594421 2.150000 0.000000 0.000000
445000 4 P -150.916260 40.692348 -186.536224 2.110000 -1.000000 0.000000
445000 5 S -152.900330 37.596111 -186.951584 1.800000 0.000000 0.000000
445000 6 G -155.870621 38.481670 -185.701416 2.150000 0.000000 0.000000
445000 7 P -153.930450 38.348022 -190.676910 2.110000 -1.000000 0.000000
445000 8 S -156.884628 36.403767 -191.754944 1.800000 0.000000 0.000000
445000 9 G -159.508606 37.156349 -189.473160 2.150000 0.000000 0.000000
445000 10 P -156.727524 39.235882 -194.465408 2.110000 -1.000000 0.000000
445000 11 S -160.538727 38.610126 -194.671585 1.800000 0.000000 0.000000
445000 12 C -162.177032 40.643906 -192.376465 2.150000 0.000000 0.000000
445000 13 P -160.802994 41.524014 -196.980713 2.110000 -1.000000 0.000000
445000 14 S -164.071381 42.695019 -195.612289 1.800000 0.000000 0.000000
445000 15 G -163.114029 44.922146 -192.856186 2.150000 0.000000 0.000000
445000 16 P -164.701660 46.095234 -197.153015 2.110000 -1.000000 0.000000
445000 17 S -167.480682 47.041878 -194.492798 1.800000 0.000000 0.000000
445000 18 C -170.176422 45.196312 -195.193146 2.150000 0.000000 0.000000
445000 19 P -168.780609 50.686028 -195.100143 2.110000 -1.000000 0.000000
445000 20 S -170.640930 51.822460 -192.027039 1.800000 0.000000 0.000000
445000 21 A -173.103745 49.289589 -191.455719 2.150000 0.000000 0.000000
445000 22 P -167.852310 50.399067 -189.531219 2.110000 -1.000000 0.000000
445000 23 S -167.586395 53.023510 -186.698456 1.800000 0.000000 0.000000
445000 24 A -171.184128 53.123615 -186.368759 2.150000 0.000000 0.000000
445000 25 P -167.115341 50.321159 -184.071564 2.110000 -1.000000 0.000000
445000 26 S -169.040405 47.790756 -186.060547 1.800000 0.000000 0.000000
445000 27 G -167.598557 45.934505 -188.359024 2.150000 0.000000 0.000000
445000 28 P -169.242950 45.202324 -183.379105 2.110000 -1.000000 0.000000
445000 29 S -169.657593 42.435501 -185.845612 1.800000 0.000000 0.000000
445000 30 C -166.571167 41.958450 -187.389206 2.150000 0.000000 0.000000
445000 31 P -169.429840 40.264889 -182.646408 2.110000 -1.000000 0.000000
445000 32 S -167.963684 37.729313 -185.106018 1.800000 0.000000 0.000000
445000 33 C -164.641693 39.112713 -185.796478 2.150000 0.000000 0.000000
445000 34 P -167.224899 36.219223 -181.652466 2.110000 -1.000000 0.000000
445000 35 S -164.457870 34.523495 -183.588867 1.800000 0.000000 0.000000
445000 36 U -161.824875 36.851807 -184.084625 2.150000 0.000000 0.000000
445000 37 P -162.219086 33.947075 -180.419449 2.110000 -1.000000 0.000000
450000 1 P -150.723618 42.201221 -187.743042 2.110000 -1.000000 1.000000
450000 2 S -149.459793 38.820187 -188.435287 1.800000 0.000000 0.000000
450000 3 G -151.778778 36.706551 -186.678619 2.150000 0.000000 0.000000
450000 4 P -150.642792 38.238079 -192.098785 2.110000 -1.000000 0.000000
450000 5 S -150.598312 34.473450 -191.289108 1.800000 0.000000 0.000000
450000 6 G -153.853500 34.034550 -190.264404 2.150000 0.000000 0.000000
450000 7 P -152.505157 35.513535 -194.253448 2.110000 -1.000000 0.000000
450000 8 S -155.457443 33.139896 -194.907791 1.800000 0.000000 0.000000
450000 9 G -157.587555 34.789562 -193.007950 2.150000 0.000000 0.000000
450000 10 P -156.551575 35.469727 -197.579147 2.110000 -1.000000 0.000000
450000 11 S -160.360718 35.483974 -197.636322 1.800000 0.000000 0.000000
450000 12 C -161.008224 37.256821 -194.695969 2.150000 0.000000 0.000000
450000 13 P -160.635742 38.820724 -199.535553 2.110000 -1.000000 0.000000
450000 14 S -164.055161 40.288887 -198.455719 1.800000 0.000000 0.000000
450000 15 G -162.298706 40.812630 -195.605774 2.150000 0.000000 0.000000
450000 16 P -163.902634 44.197948 -198.884323 2.110000 -1.000000 0.000000
450000 17 S -166.540985 45.109901 -196.179398 1.800000 0.000000 0.000000
450000 18 C -163.746399 44.920582 -194.050735 2.150000 0.000000 0.000000
450000 19 P -165.262146 48.824921 -196.412689 2.110000 -1.000000 0.000000
450000 20 S -165.229385 49.229721 -192.531082 1.800000 0.000000 0.000000
450000 21 A -167.830399 50.994915 -191.028046 2.150000 0.000000 0.000000
450000 22 P -162.845184 47.212303 -190.433411 2.110000 -1.000000 0.000000
450000 23 S -164.979935 47.843468 -187.389328 1.800000 0.000000 0.000000
450000 24 A -168.307663 46.871025 -188.263519 2.150000 0.000000 0.000000
450000 25 P -163.987289 45.797241 -184.365509 2.110000 -1.000000 0.000000
450000 26 S -166.309509 42.873363 -185.355392 1.800000 0.000000 0.000000
450000 27 G -164.513474 41.438736 -187.862534 2.150000 0.000000 0.000000
450000 28 P -165.341537 40.532059 -182.534515 2.110000 -1.000000 0.000000
450000 29 S -166.106506 37.402645 -184.758270 1.800000 0.000000 0.000000
450000 30 C -163.574570 37.732891 -187.042664 2.150000 0.000000 0.000000
450000 31 P -164.923798 34.836994 -182.290421 2.110000 -1.000000 0.000000
450000 32 S -164.690079 32.518883 -185.143326 1.800000 0.000000 0.000000
450000 33 C -161.380310 32.718246 -185.558777 2.150000 0.000000 0.000000
450000 34 P -163.248322 30.195683 -182.722748 2.110000 -1.000000 0.000000
450000 35 S -160.690811 28.481041 -185.188217 1.800000 0.000000 0.000000
450000 36 U -158.158676 30.865145 -185.333344 2.150000 0.000000 0.000000
450000 37 P -158.598038 27.046852 -182.536392 2.110000 -1.000000 0.000000
455000 1 P -149.810684 39.751770 -189.799011 2.110000 -1.000000 1.000000
455000 2 S -149.046967 36.010571 -189.162506 1.800000 0.000000 0.000000
455000 3 G -152.315506 35.110577 -187.964203 2.150000 0.000000 0.000000
455000 4 P -150.267685 36.343609 -192.905670 2.110000 -1.000000 0.000000
455000 5 S -151.358902 32.705841 -192.504883 1.800000 0.000000 0.000000
455000 6 G -154.531128 32.419750 -191.102417 2.150000 0.000000 0.000000
455000 7 P -153.571945 32.992928 -195.497498 2.110000 -1.000000 0.000000
455000 8 S -156.179947 30.208412 -194.930054 1.800000 0.000000 0.000000
455000 9 G -158.678452 31.450123 -193.148071 2.150000 0.000000 0.000000
455000 10 P -156.861252 32.377213 -198.079849 2.110000 -1.000000 0.000000
455000 11 S -160.680130 32.792992 -198.433350 1.800000 0.000000 0.000000
455000 12 C -160.588089 34.505768 -195.572968 2.150000 0.000000 0.000000
455000 13 P -160.971115 36.031925 -200.361374 2.110000 -1.000000 0.000000
455000 14 S -164.547302 36.534492 -198.916779 1.800000 0.000000 0.000000
455000 15 G -163.979156 37.435627 -195.890793 2.150000 0.000000 0.000000
455000 16 P -164.527863 40.079674 -200.392685 2.110000 -1.000000 0.000000
455000 17 S -166.828552 40.681335 -197.142075 1.800000 0.000000 0.000000
455000 18 C -169.667755 40.543419 -199.129593 2.150000 0.000000 0.000000
455000 19 P -165.953522 44.378193 -197.604141 2.110000 -1.000000 0.000000
455000 20 S -168.618591 44.267242 -194.851013 1.800000 0.000000 0.000000
455000 21 A -168.740082 47.164402 -192.905884 2.150000 0.000000 0.000000
455000 22 P -167.218277 42.498001 -192.013428 2.110000 -1.000000 0.000000
455000 23 S -166.729843 45.500580 -189.245239 1.800000 0.000000 0.000000
455000 24 A -169.810349 46.709717 -187.988113 2.150000 0.000000 0.000000
455000 25 P -165.794006 43.362724 -186.341934 2.110000 -1.000000 0.000000
455000 26 S -167.345856 39.847061 -186.788712 1.800000 0.000000 0.000000
455000 27 G -165.099609 38.666073 -189.138657 2.150000 0.000000 0.000000
455000 28 P -166.363403 38.292225 -183.299744 2.110000 -1.000000 0.000000
455000 29 S -166.417419 34.630100 -184.083206 1.800000 0.000000 0.000000
455000 30 C -163.733978 34.375538 -186.087982 2.150000 0.000000 0.000000
455000 31 P -164.568146 32.851650 -181.324738 2.110000 -1.000000 0.000000
455000 32 S -162.543823 29.799088 -182.535217 1.800000 0.000000 0.000000
455000 33 C -160.223709 31.621586 -184.272156 2.150000 0.000000 0.000000
455000 34 P -161.087036 29.405462 -179.132416 2.110000 -1.000000 0.000000
455000 35 S -158.131348 27.182568 -180.359634 1.800000 0.000000 0.000000
455000 36 U -157.019226 30.221310 -182.257904 2.150000 0.000000 0.000000
455000 37 P -156.672791 27.933773 -176.733688 2.110000 -1.000000 0.000000
460000 1 P -151.786163 43.861073 -186.996674 2.110000 -1.000000 1.000000
460000 2 S -150.972839 40.933071 -189.049362 1.800000 0.000000 0.000000
460000 3 G -153.350052 39.131454 -187.561600 2.150000 0.000000 0.000000
460000 4 P -152.624313 42.047043 -192.300186 2.110000 -1.000000 0.000000
460000 5 S -152.909210 38.610245 -193.775330 1.800000 0.000000 0.000000
460000 6 G -155.201813 37.242626 -191.443268 2.150000 0.000000 0.000000
460000 7 P -154.449387 38.377548 -197.088516 2.110000 -1.000000 0.000000
460000 8 S -155.849930 34.979702 -197.686569 1.800000 0.000000 0.000000
460000 9 G -159.077133 34.783375 -196.320145 2.150000 0.000000 0.000000
460000 10 P -157.335876 37.208935 -200.354492 2.110000 -1.000000 0.000000
460000 11 S -160.646606 35.568005 -201.205109 1.800000 0.000000 0.000000
460000 12 C -162.454620 36.417526 -198.340302 2.150000 0.000000 0.000000
460000 13 P -161.165329 39.181076 -202.576889 2.110000 -1.000000 0.000000
460000 14 S -164.899399 39.989635 -201.902969 1.800000 0.000000 0.000000
460000 15 G -165.408463 38.795017 -198.885742 2.150000 0.000000 0.000000
460000 16 P -165.709412 43.856220 -201.713959 2.110000 -1.000000 0.000000
460000 17 S -168.717026 43.526222 -199.530182 1.800000 0.000000 0.000000
460000 18 C -166.902573 42.107460 -196.787872 2.150000 0.000000 0.000000
460000 19 P -168.634918 46.873135 -197.987427 2.110000 -1.000000 0.000000
460000 20 S -171.377426 46.784119 -195.476334 1.800000 0.000000 0.000000
460000 21 A -173.824936 45.501633 -197.700470 2.150000 0.000000 0.000000
460000 22 P -169.426895 44.432587 -193.089828 2.110000 -1.000000 0.000000
460000 23 S -172.784378 43.073490 -191.627289 1.800000 0.000000 0.000000
460000 24 A -172.868393 41.110218 -194.501083 2.150000 0.000000 0.000000
460000 25 P -171.803711 40.414204 -188.922073 2.110000 -1.000000 0.000000
460000 26 S -171.980453 37.475288 -191.186096 1.800000 0.000000 0.000000
460000 27 G -168.714264 37.627247 -192.472168 2.150000 0.000000 0.000000
460000 28 P -170.588669 35.584728 -188.095520 2.110000 -1.000000 0.000000
460000 29 S -169.243286 32.717323 -190.454041 1.800000 0.000000 0.000000
460000 30 C -166.331635 34.466022 -191.325394 2.150000 0.000000 0.000000
460000 31 P -167.515121 31.740978 -187.120193 2.110000 -1.000000 0.000000
460000 32 S -164.309311 29.910770 -188.159332 1.800000 0.000000 0.000000
460000 33 C -162.374069 32.907269 -188.697372 2.150000 0.000000 0.000000
460000 34 P -163.474045 30.116802 -184.577972 2.110000 -1.000000 0.000000
460000 35 S -159.794830 29.529020 -184.998413 1.800000 0.000000 0.000000
460000 36 U -158.663147 32.357906 -186.432388 2.150000 0.000000 0.000000
460000 37 P -160.034988 30.609856 -181.451889 2.110000 -1.000000 0.000000
465000 1 P -158.270599 38.993961 -183.800705 2.110000 -1.000000 1.000000
465000 2 S -157.728775 35.349010 -184.852158 1.800000 0.000000 0.000000
465000 3 G -160.940964 34.540333 -183.867828 2.150000 0.000000 0.000000
465000 4 P -158.326935 36.343449 -188.434418 2.110000 -1.000000 0.000000
465000 5 S -158.551285 32.607750 -189.071274 1.800000 0.000000 0.000000
465000 6 G -161.620270 32.234901 -187.483063 2.150000 0.000000 0.000000
465000 7 P -159.674500 35.055073 -191.720093 2.110000 -1.000000 0.000000
465000 8 S -161.929871 32.636097 -193.537949 1.800000 0.000000 0.000000
465000 9 G -165.056778 32.114258 -192.291946 2.150000 0.000000 0.000000
465000 10 P -163.399414 35.220367 -195.996780 2.110000 -1.000000 0.000000
465000 11 S -166.551636 33.312504 -196.476166 1.800000 0.000000 0.000000
465000 12 C -168.176819 34.379604 -193.427368 2.150000 0.000000 0.000000
465000 13 P -167.840195 36.951599 -197.407272 2.110000 -1.000000 0.000000
465000 14 S -171.476669 36.462284 -196.945572 1.800000 0.000000 0.000000
465000 15 G -172.543427 35.687489 -200.080124 2.150000 0.000000 0.000000
465000 16 P -171.431305 40.415348 -196.960175 2.110000 -1.000000 0.000000
465000 17 S -173.883179 40.438545 -194.229416 1.800000 0.000000 0.000000
465000 18 C -171.357697 38.093945 -193.102036 2.150000 0.000000 0.000000
465000 19 P -172.325897 42.994148 -192.058533 2.110000 -1.000000 0.000000
465000 20 S -175.651749 42.866302 -189.886993 1.800000 0.000000 0.000000
465000 21 A -177.275909 40.873901 -192.333191 2.150000 0.000000 0.000000
465000 22 P -174.465759 39.625202 -187.855881 2.110000 -1.000000 0.000000
465000 23 S -175.943573 40.206024 -184.304840 1.800000 0.000000 0.000000
465000 24 A -179.243179 39.158756 -184.307404 2.150000 0.000000 0.000000
465000 25 P -175.108810 37.432659 -182.019791 2.110000 -1.000000 0.000000
465000 26 S -175.983109 34.592445 -184.164780 1.800000 0.000000 0.000000
465000 27 G -173.365768 35.200527 -186.232727 2.150000 0.000000 0.000000
465000 28 P -174.862946 31.818399 -182.248383 2.110000 -1.000000 0.000000
465000 29 S -174.563217 29.525295 -185.321899 1.800000 0.000000 0.000000
465000 30 C -171.623444 30.062290 -186.808075 2.150000 0.000000 0.000000
465000 31 P -173.435669 27.882126 -182.248871 2.110000 -1.000000 0.000000
465000 32 S -170.380600 25.654186 -181.834702 1.800000 0.000000 0.000000
465000 33 C -167.987976 27.951658 -183.093033 2.150000 0.000000 0.000000
465000 34 P -171.186157 26.745657 -178.415451 2.110000 -1.000000 0.000000
465000 35 S -167.303543 26.625826 -177.740906 1.800000 0.000000 0.000000
465000 36 U -166.945572 29.818258 -179.389633 2.150000 0.000000 0.000000
465000 37 P -167.491806 28.605734 -174.366867 2.110000 -1.000000 0.000000
470000 1 P -157.734680 31.454769 -178.057236 2.110000 -1.000000 1.000000
470000 2 S -157.971848 28.579330 -180.369720 1.800000 0.000000 0.000000
470000 3 G -161.223236 27.971176 -179.367004 2.150000 0.000000 0.000000
470000 4 P -159.075470 31.053648 -182.909302 2.110000 -1.000000 0.000000
470000 5 S -161.136353 28.742901 -185.275604 1.800000 0.000000 0.000000
470000 6 G -164.135590 29.211378 -183.511917 2.150000 0.000000 0.000000
470000 7 P -162.807190 30.939787 -187.965836 2.110000 -1.000000 0.000000
470000 8 S -165.841324 28.660538 -188.680649 1.800000 0.000000 0.000000
470000 9 G -167.797775 28.498665 -185.770081 2.150000 0.000000 0.000000
470000 10 P -167.260773 31.635775 -190.576920 2.110000 -1.000000 0.000000
470000 11 S -171.047745 31.347916 -191.083328 1.800000 0.000000 0.000000
470000 12 C -172.659729 31.880924 -188.117157 2.150000 0.000000 0.000000
470000 13 P -170.350708 34.963558 -191.984497 2.110000 -1.000000 0.000000
470000 14 S -173.213440 35.654270 -189.650467 1.800000 0.000000 0.000000
470000 15 G -171.570679 36.304104 -186.585052 2.150000 0.000000 0.000000
470000 16 P -171.973297 39.225437 -190.567932 2.110000 -1.000000 0.000000
470000 17 S -175.191269 40.485928 -188.569305 1.800000 0.000000 0.000000
470000 18 C -172.999191 40.232159 -185.749207 2.150000 0.000000 0.000000
470000 19 P -174.000031 44.071690 -188.163239 2.110000 -1.000000 0.000000
470000 20 S -175.788208 44.889622 -184.808105 1.800000 0.000000 0.000000
470000 21 A -178.037582 42.301773 -185.383453 2.150000 0.000000 0.000000
470000 22 P -174.277863 42.093815 -182.405075 2.110000 -1.000000 0.000000
470000 23 S -177.059921 41.689442 -179.657120 1.800000 0.000000 0.000000
470000 24 A -179.384628 39.477184 -181.035004 2.150000 0.000000 0.000000
470000 25 P -176.192276 38.920307 -176.997894 2.110000 -1.000000 0.000000
470000 26 S -178.739456 36.476254 -178.522598 1.800000 0.000000 0.000000
470000 27 G -176.787796 36.134418 -181.459015 2.150000 0.000000 0.000000
470000 28 P -178.316879 32.984253 -176.948029 2.110000 -1.000000 0.000000
470000 29 S -177.672791 31.000011 -180.173294 1.800000 0.000000 0.000000
470000 30 C -174.493546 32.010746 -180.849777 2.150000 0.000000 0.000000
470000 31 P -176.847260 28.019806 -178.176590 2.110000 -1.000000 0.000000
470000 32 S -175.568604 25.440371 -180.675659 1.800000 0.000000 0.000000
470000 33 C -172.227768 26.747755 -180.701416 2.150000 0.000000 0.000000
470000 34 P -174.515091 23.348534 -177.820892 2.110000 -1.000000 0.000000
470000 35 S -172.332077 22.465170 -180.724884 1.800000 0.000000 0.000000
470000 36 U -169.153427 24.006067 -180.394882 2.150000 0.000000 0.000000
470000 37 P -170.530212 19.885242 -178.453644 2.110000 -1.000000 0.000000
475000 1 P -161.211075 40.214962 -177.144760 2.110000 -1.000000 1.000000
475000 2 S -160.509140 37.210571 -179.335480 1.800000 0.000000 0.000000
475000 3 G -162.397552 34.989166 -177.451447 2.150000 0.000000 0.000000
475000 4 P -162.372818 37.305290 -182.811920 2.110000 -1.000000 0.000000
475000 5 S -162.316177 33.563301 -183.283798 1.800000 0.000000 0.000000
475000 6 G -164.544983 32.904949 -180.671219 2.150000 0.000000 0.000000
475000 7 P -164.578995 34.953541 -185.996155 2.110000 -1.000000 0.000000
475000 8 S -166.521454 31.591618 -186.750153 1.800000 0.000000 0.000000
475000 9 G -168.311356 31.697412 -183.680939 2.150000 0.000000 0.000000
475000 10 P -167.749161 34.587433 -188.717789 2.110000 -1.000000 0.000000
475000 11 S -171.224060 33.242905 -189.654266 1.800000 0.000000 0.000000
475000 12 C -172.122665 33.267227 -186.415421 2.150000 0.000000 0.000000
475000 13 P -171.607697 36.924553 -190.769714 2.110000 -1.000000 0.000000
475000 14 S -175.307907 36.775620 -189.633347 1.800000 0.000000 0.000000
475000 15 G -174.876297 37.323235 -186.183395 2.150000 0.000000 0.000000
475000 16 P -175.115982 40.752918 -189.694916 2.110000 -1.000000 0.000000
475000 17 S -178.353928 41.309277 -187.866379 1.800000 0.000000 0.000000
475000 18 C -177.675354 41.197231 -184.421967 2.150000 0.000000 0.000000
475000 19 P -178.236145 45.365818 -187.536438 2.110000 -1.000000 0.000000
475000 20 S -180.804596 44.614521 -184.874176 1.800000 0.000000 0.000000
475000 21 A -182.214111 41.676945 -186.355515 2.150000 0.000000 0.000000
475000 22 P -179.187119 42.864109 -181.661591 2.110000 -1.000000 0.000000
475000 23 S -181.934509 40.640648 -181.030930 1.800000 0.000000 0.000000
475000 24 A -181.746048 38.201969 -183.614212 2.150000 0.000000 0.000000
475000 25 P -180.595322 38.665154 -177.742340 2.110000 -1.000000 0.000000
475000 26 S -181.579605 35.209980 -178.808777 1.800000 0.000000 0.000000
475000 27 G -178.911880 35.592773 -180.811859 2.150000 0.000000 0.000000
475000 28 P -179.869568 32.955898 -176.458435 2.110000 -1.000000 0.000000
475000 29 S -179.118668 29.926231 -178.560226 1.800000 0.000000 0.000000
475000 30 C -176.657684 31.004965 -180.934769 2.150000 0.000000 0.000000
475000 31 P -176.786987 27.934675 -175.924072 2.110000 -1.000000 0.000000
475000 32 S -174.354462 25.771814 -177.818863 1.800000 0.000000 0.000000
475000 33 C -172.555206 28.641794 -179.197876 2.150000 0.000000 0.000000
475000 34 P -171.879883 24.632420 -175.237213 2.110000 -1.000000 0.000000
475000 35 S -168.642563 25.052799 -177.132034 1.800000 0.000000 0.000000
475000 36 U -168.673935 28.496149 -176.768173 2.150000 0.000000 0.000000
475000 37 P -166.699539 24.755711 -173.839844 2.110000 -1.000000 0.000000
480000 1 P -163.258850 40.994907 -180.528137 2.110000 -1.000000 1.000000
480000 2 S -160.659241 38.562252 -181.931396 1.800000 0.000000 0.000000
480000 3 G -162.283569 35.673653 -180.773224 2.150000 0.000000 0.000000
480000 4 P -161.912750 39.193714 -185.645203 2.110000 -1.000000 0.000000
480000 5 S -160.649506 35.785076 -186.602310 1.800000 0.000000 0.000000
480000 6 G -163.388992 34.029469 -185.399002 2.150000 0.000000 0.000000
480000 7 P -162.222229 35.502789 -190.082458 2.110000 -1.000000 0.000000
480000 8 S -162.876694 31.957407 -191.407120 1.800000 0.000000 0.000000
480000 9 G -165.586700 32.101898 -189.330475 2.150000 0.000000 0.000000
480000 10 P -164.711823 34.258121 -193.815659 2.110000 -1.000000 0.000000
480000 11 S -167.552536 31.876829 -194.411194 1.800000 0.000000 0.000000
480000 12 C -169.630737 31.716190 -191.732986 2.150000 0.000000 0.000000
480000 13 P -169.226746 35.449432 -194.862000 2.110000 -1.000000 0.000000
480000 14 S -172.824295 34.866089 -195.268814 1.800000 0.000000 0.000000
480000 15 G -174.120224 31.959051 -193.710388 2.150000 0.000000 0.000000
480000 16 P -173.155640 38.293003 -193.690460 2.110000 -1.000000 0.000000
480000 17 S -176.910065 38.703011 -193.366226 1.800000 0.000000 0.000000
480000 18 C -178.149445 35.803814 -191.638306 2.150000 0.000000 0.000000
480000 19 P -176.219147 41.140724 -190.669144 2.110000 -1.000000 0.000000
480000 20 S -179.484085 39.194607 -190.192734 1.800000 0.000000 0.000000
480000 21 A -181.563217 41.954983 -189.250549 2.150000 0.000000 0.000000
480000 22 P -178.690094 39.018410 -186.495453 2.110000 -1.000000 0.000000
480000 23 S -180.584671 35.836262 -185.848129 1.800000 0.000000 0.000000
480000 24 A -179.759933 33.426548 -188.257462 2.150000 0.000000 0.000000
480000 25 P -178.902756 35.215633 -182.358032 2.110000 -1.000000 0.000000
480000 26 S -178.483322 31.795235 -183.856628 1.800000 0.000000 0.000000
480000 27 G -175.759155 32.738110 -185.592911 2.150000 0.000000 0.000000
480000 28 P -176.578629 30.001112 -181.089188 2.110000 -1.000000 0.000000
480000 29 S -175.753250 27.565451 -184.025604 1.800000 0.000000 0.000000
480000 30 C -173.154526 28.425659 -186.055054 2.150000 0.000000 0.000000
480000 31 P -173.712616 25.948240 -181.232254 2.110000 -1.000000 0.000000
480000 32 S -171.173569 24.661232 -183.689148 1.800000 0.000000 0.000000
480000 33 C -169.580887 27.808372 -182.903107 2.150000 0.000000 0.000000
480000 34 P -168.094437 22.962206 -182.174072 2.110000 -1.000000 0.000000
480000 35 S -165.931335 24.870514 -184.720413 1.800000 0.000000 0.000000
480000 36 U -165.239990 27.160820 -182.119812 2.150000 0.000000 0.000000
480000 37 P -162.128723 24.978462 -184.173462 2.110000 -1.000000 0.000000
485000 1 P -160.636063 34.794296 -195.651703 2.110000 -1.000000 1.000000
485000 2 S -160.339157 31.354952 -196.846512 1.800000 0.000000 0.000000
485000 3 G -163.163300 30.383429 -194.980988 2.150000 0.000000 0.000000
485000 4 P -162.284897 32.765301 -199.777557 2.110000 -1.000000 0.000000
485000 5 S -163.662369 29.265793 -200.171341 1.800000 0.000000 0.000000
485000 6 G -166.192322 29.559658 -197.668167 2.150000 0.000000 0.000000
485000 7 P -166.189346 30.964092 -202.329590 2.110000 -1.000000 0.000000
485000 8 S -168.255783 27.835213 -201.992722 1.800000 0.000000 0.000000
485000 9 G -169.981323 28.668686 -198.942032 2.150000 0.000000 0.000000
485000 10 P -169.769699 31.102364 -203.545776 2.110000 -1.000000 0.000000
485000 11 S -173.556671 30.599737 -203.311478 1.800000 0.000000 0.000000
485000 12 C -173.725006 30.391928 -199.903503 2.150000 0.000000 0.000000
485000 13 P -172.878708 34.214062 -203.761932 2.110000 -1.000000 0.000000
485000 14 S -175.211594 35.189789 -200.796280 1.800000 0.000000 0.000000
485000 15 G -172.211792 34.283508 -198.880859 2.150000 0.000000 0.000000
485000 16 P -174.415771 38.735699 -199.456909 2.110000 -1.000000 0.000000
485000 17 S -178.182755 38.860214 -198.562637 1.800000 0.000000 0.000000
485000 18 C -179.246445 35.687889 -197.374329 2.150000 0.000000 0.000000
485000 19 P -177.671677 40.545998 -195.233444 2.110000 -1.000000 0.000000
485000 20 S -181.025482 39.425758 -193.837082 1.800000 0.000000 0.000000
485000 21 A -180.520660 36.308117 -194.065674 2.150000 0.000000 0.000000
485000 22 P -179.989609 40.459923 -190.254700 2.110000 -1.000000 0.000000
485000 23 S -178.755463 36.904636 -190.690979 1.800000 0.000000 0.000000
485000 24 A -181.561218 36.319302 -188.926376 2.150000 0.000000 0.000000
485000 25 P -176.712708 35.729496 -187.635468 2.110000 -1.000000 0.000000
485000 26 S -178.098175 32.565594 -188.916321 1.800000 0.000000 0.000000
485000 27 G -176.934631 32.701199 -192.118637 2.150000 0.000000 0.000000
485000 28 P -176.551910 30.016777 -186.821472 2.110000 -1.000000 0.000000
485000 29 S -176.589142 26.963800 -189.082336 1.800000 0.000000 0.000000
485000 30 C -175.097458 28.816748 -191.721664 2.150000 0.000000 0.000000
485000 31 P -174.328705 24.864574 -186.738144 2.110000 -1.000000 0.000000
485000 32 S -172.573654 23.391752 -189.724091 1.800000 0.000000 0.000000
485000 33 C -169.982620 25.797764 -190.598022 2.150000 0.000000 0.000000
485000 34 P -170.251648 21.741058 -187.141281 2.110000 -1.000000 0.000000
485000 35 S -168.490250 20.147215 -190.076721 1.800000 0.000000 0.000000
485000 36 U -167.212219 22.809698 -192.162735 2.150000 0.000000 0.000000
485000 37 P -165.684372 18.672838 -187.902664 2.110000 -1.000000 0.000000
490000 1 P -163.169022 21.244696 -190.504059 2.110000 -1.000000 1.000000
490000 2 S -163.873093 19.357418 -193.751999 1.800000 0.000000 0.000000
490000 3 G -166.949173 17.602240 -193.895767 2.150000 0.000000 0.000000
490000 4 P -164.779556 22.231405 -195.769974 2.110000 -1.000000 0.000000
490000 5 S -167.417419 20.396427 -197.693893 1.800000 0.000000 0.000000
490000 6 G -169.241043 20.850002 -194.771622 2.150000 0.000000 0.000000
490000 7 P -168.271179 23.608513 -199.691986 2.110000 -1.000000 0.000000
490000 8 S -171.880539 22.704994 -201.134125 1.800000 0.000000 0.000000
490000 9 G -173.347565 22.038286 -198.012161 2.150000 0.000000 0.000000
490000 10 P -171.121719 26.498968 -201.863922 2.110000 -1.000000 0.000000
490000 11 S -174.716782 27.722311 -201.916794 1.800000 0.000000 0.000000
490000 12 C -175.853851 26.868357 -198.717026 2.150000 0.000000 0.000000
490000 13 P -173.732468 31.216936 -200.818710 2.110000 -1.000000 0.000000
490000 14 S -176.637329 33.600014 -200.646255 1.800000 0.000000 0.000000
490000 15 G -177.244736 31.018402 -198.651917 2.150000 0.000000 0.000000
490000 16 P -174.594879 36.018761 -198.375824 2.110000 -1.000000 0.000000
490000 17 S -177.084229 37.565697 -195.831650 1.800000 0.000000 0.000000
490000 18 C -177.681549 34.540062 -194.746979 2.150000 0.000000 0.000000
490000 19 P -175.345490 39.247997 -192.750381 2.110000 -1.000000 0.000000
490000 20 S -177.278824 36.902767 -190.456497 1.800000 0.000000 0.000000
490000 21 A -175.212570 34.407837 -191.093506 2.150000 0.000000 0.000000
490000 22 P -176.885391 35.803806 -186.699554 2.110000 -1.000000 0.000000
490000 23 S -177.938080 32.583740 -188.282944 1.800000 0.000000 0.000000
490000 24 A -181.181412 32.533718 -187.161560 2.150000 0.000000 0.000000
490000 25 P -177.063065 30.531265 -185.373993 2.110000 -1.000000 0.000000
490000 26 S -179.576736 28.579742 -187.373276 1.800000 0.000000 0.000000
490000 27 G -178.772629 28.076235 -190.717804 2.150000 0.000000 0.000000
490000 28 P -179.771194 25.115326 -186.132980 2.110000 -1.000000 0.000000
490000 29 S -181.570831 23.538082 -189.102448 1.800000 0.000000 0.000000
490000 30 C -180.027069 24.065504 -192.311951 2.150000 0.000000 0.000000
490000 31 P -181.005219 20.018534 -187.505127 2.110000 -1.000000 0.000000
490000 32 S -180.676758 17.721981 -190.660645 1.800000 0.000000 0.000000
490000 33 C -177.503403 18.367386 -191.737061 2.150000 0.000000 0.000000
490000 34 P -179.789169 13.869585 -190.498993 2.110000 -1.000000 0.000000
490000 35 S -178.509048 13.748012 -194.038956 1.800000 0.000000 0.000000
490000 36 U -175.664215 15.591499 -193.919754 2.150000 0.000000 0.000000
490000 37 P -176.476456 10.636363 -194.571106 2.110000 -1.000000 0.000000
495000 1 P -156.733627 24.068537 -193.778412 2.110000 -1.000000 1.000000
495000 2 S -157.645660 20.729776 -195.107193 1.800000 0.000000 0.000000
495000 3 G -159.932587 19.524803 -192.693985 2.150000 0.000000 0.000000
495000 4 P -159.655319 22.038919 -198.035843 2.110000 -1.000000 0.000000
495000 5 S -161.722290 18.960527 -198.504578 1.800000 0.000000 0.000000
495000 6 G -164.196945 19.898514 -196.210403 2.150000 0.000000 0.000000
495000 7 P -163.340164 22.104515 -200.254913 2.110000 -1.000000 0.000000
495000 8 S -166.928635 20.707188 -199.987518 1.800000 0.000000 0.000000
495000 9 G -168.033005 21.601227 -196.825928 2.150000 0.000000 0.000000
495000 10 P -166.632721 24.484743 -201.492630 2.110000 -1.000000 0.000000
495000 11 S -170.390518 24.288574 -200.839752 1.800000 0.000000 0.000000
495000 12 C -170.967453 24.282373 -197.482468 2.150000 0.000000 0.000000
495000 13 P -169.883331 28.050001 -201.161591 2.110000 -1.000000 0.000000
495000 14 S -172.989807 29.907148 -199.872055 1.800000 0.000000 0.000000
495000 15 G -173.501266 28.684683 -196.799881 2.150000 0.000000 0.000000
495000 16 P -171.168640 33.201385 -198.976257 2.110000 -1.000000 0.000000
495000 17 S -172.717209 34.238846 -195.863632 1.800000 0.000000 0.000000
495000 18 C -171.080429 31.355284 -194.800919 2.150000 0.000000 0.000000
495000 19 P -169.772720 36.777672 -195.057785 2.110000 -1.000000 0.000000
495000 20 S -170.561310 35.018192 -191.691895 1.800000 0.000000 0.000000
495000 21 A -173.400818 36.994823 -191.024536 2.150000 0.000000 0.000000
495000 22 P -168.686874 35.169853 -188.346405 2.110000 -1.000000 0.000000
495000 23 S -171.207962 32.489601 -187.030411 1.800000 0.000000 0.000000
495000 24 A -170.047821 31.280947 -190.372986 2.150000 0.000000 0.000000
495000 25 P -169.355804 30.021051 -184.754898 2.110000 -1.000000 0.000000
495000 26 S -172.163666 27.496460 -185.654617 1.800000 0.000000 0.000000
495000 27 G -171.742096 26.367680 -188.967804 2.150000 0.000000 0.000000
495000 28 P -170.518509 24.915663 -183.641663 2.110000 -1.000000 0.000000
495000 29 S -172.765137 22.266893 -185.437408 1.800000 0.000000 0.000000
495000 30 C -170.943024 22.092619 -188.379303 2.150000 0.000000 0.000000
495000 31 P -172.052078 18.958990 -184.668808 2.110000 -1.000000 0.000000
495000 32 S -172.859055 17.076420 -187.667801 1.800000 0.000000 0.000000
495000 33 C -170.008560 17.777491 -189.381393 2.150000 0.000000 0.000000
495000 34 P -170.757843 14.670841 -185.542160 2.110000 -1.000000 0.000000
495000 35 S -169.379684 12.682192 -188.355530 1.800000 0.000000 0.000000
495000 36 U -166.698929 15.009923 -189.003418 2.150000 0.000000 0.000000
495000 37 P -167.105667 11.622109 -185.595291 2.110000 -1.000000 0.000000
500000 1 P -154.010422 22.041012 -187.354782 2.110000 -1.000000 1.000000
500000 2 S -154.499374 19.593019 -190.450806 1.800000 0.000000 0.000000
500000 3 G -157.961151 19.177696 -190.165161 2.150000 0.000000 0.000000
500000 4 P -155.997742 22.280903 -192.857742 2.110000 -1.000000 0.000000
500000 5 S -158.355820 20.313232 -195.296280 1.800000 0.000000 0.000000
500000 6 G -161.080460 20.611761 -193.200378 2.150000 0.000000 0.000000
500000 7 P -160.128220 22.589432 -198.055603 2.110000 -1.000000 0.000000
500000 8 S -163.106216 20.149122 -197.854385 1.800000 0.000000 0.000000
500000 9 G -166.019150 21.144400 -195.861389 2.150000 0.000000 0.000000
500000 10 P -163.920197 23.315638 -199.725876 2.110000 -1.000000 0.000000
500000 11 S -167.529663 23.938618 -199.437668 1.800000 0.000000 0.000000
500000 12 C -168.644272 24.065939 -196.106918 2.150000 0.000000 0.000000
500000 13 P -165.780380 26.986624 -200.497284 2.110000 -1.000000 0.000000
500000 14 S -168.473221 29.401482 -200.162109 1.800000 0.000000 0.000000
500000 15 G -168.957550 29.409100 -196.738388 2.150000 0.000000 0.000000
500000 16 P -165.747543 32.085419 -199.446472 2.110000 -1.000000 0.000000
500000 17 S -167.751099 33.427948 -196.296326 1.800000 0.000000 0.000000
500000 18 C -167.239365 31.305132 -193.725372 2.150000 0.000000 0.000000
500000 19 P -164.255188 34.808601 -195.537003 2.110000 -1.000000 0.000000
500000 20 S -166.485413 35.935196 -192.584900 1.800000 0.000000 0.000000
500000 21 A -165.872269 39.339321 -192.429688 2.150000 0.000000 0.000000
500000 22 P -164.877182 36.191586 -189.031693 2.110000 -1.000000 0.000000
500000 23 S -167.518936 33.565910 -188.366074 1.800000 0.000000 0.000000
500000 24 A -166.002182 30.987726 -189.609818 2.150000 0.000000 0.000000
500000 25 P -166.840103 31.626171 -184.948975 2.110000 -1.000000 0.000000
500000 26 S -170.372330 30.143061 -185.510895 1.800000 0.000000 0.000000
500000 27 G -169.315781 28.532139 -188.270370 2.150000 0.000000 0.000000
500000 28 P -169.882660 27.153500 -183.431763 2.110000 -1.000000 0.000000
500000 29 S -171.411102 23.997875 -185.244141 1.800000 0.000000 0.000000
500000 30 C -169.249634 23.387247 -187.767609 2.150000 0.000000 0.000000
500000 31 P -171.466248 20.459532 -183.553604 2.110000 -1.000000 0.000000
500000 32 S -171.230835 18.521021 -186.913895 1.800000 0.000000 0.000000
500000 33 C -168.628860 19.593088 -189.007706 2.150000 0.000000 0.000000
500000 34 P -170.965790 14.792320 -187.027878 2.110000 -1.000000 0.000000
500000 35 S -169.044357 14.908875 -190.251297 1.800000 0.000000 0.000000
500000 36 U -166.359894 16.315849 -188.529221 2.150000 0.000000 0.000000
500000 37 P -167.577972 11.365037 -190.625015 2.110000 -1.000000 0.000000
