380000 1 P -176.593857 -2.729170 -89.668465 2.110000 -1.000000 1.000000
380000 2 S -180.002396 -1.217267 -89.699959 1.800000 0.000000 0.000000
380000 3 G -179.651535 0.971106 -92.256897 2.150000 0.000000 0.000000
380000 4 P -181.155624 -4.596196 -90.955048 2.110000 -1.000000 0.000000
380000 5 S -183.993484 -4.298122 -93.632431 1.800000 0.000000 0.000000
380000 6 G -182.726349 -1.922473 -95.866539 2.150000 0.000000 0.000000
380000 7 P -184.358475 -7.524985 -95.647247 2.110000 -1.000000 0.000000
380000 8 S -185.987915 -6.457943 -98.912262 1.800000 0.000000 0.000000
380000 9 G -183.904694 -3.685044 -99.453720 2.150000 0.000000 0.000000
380000 10 P -184.925507 -9.500972 -100.762047 2.110000 -1.000000 0.000000
380000 11 S -184.072784 -7.852387 -104.072922 1.800000 0.000000 0.000000
380000 12 C -181.442047 -6.392713 -102.251129 2.150000 0.000000 0.000000
380000 13 P -181.297668 -10.677453 -105.319046 2.110000 -1.000000 0.000000
380000 14 S -178.601669 -9.030097 -107.402611 1.800000 0.000000 0.000000
380000 15 G -177.403488 -7.486345 -104.622063 2.150000 0.000000 0.000000
380000 16 P -176.609833 -11.868176 -106.514977 2.110000 -1.000000 0.000000
380000 17 S -172.965439 -10.763072 -106.174171 1.800000 0.000000 0.000000
380000 18 C -173.891312 -8.651660 -108.766167 2.150000 0.000000 0.000000
380000 19 P -173.552597 -8.200334 -103.360886 2.110000 -1.000000 0.000000
380000 20 S -171.622360 -5.477756 -105.002090 1.800000 0.000000 0.000000
380000 21 A -173.013168 -4.520993 -107.794724 2.150000 0.000000 0.000000
380000 22 P -172.739502 -2.575865 -102.469124 2.110000 -1.000000 0.000000
380000 23 S -170.006210 -0.784876 -104.728355 1.800000 0.000000 0.000000
380000 24 A -171.950089 -0.821572 -107.724808 2.150000 0.000000 0.000000
380000 25 P -171.657104 2.825578 -103.857002 2.110000 -1.000000 0.000000
380000 26 S -174.516388 2.734566 -106.334045 1.800000 0.000000 0.000000
380000 27 G -176.048187 0.967680 -103.825325 2.150000 0.000000 0.000000
380000 28 P -176.048996 6.038336 -105.567375 2.110000 -1.000000 0.000000
380000 29 S -179.857040 5.903052 -104.939812 1.800000 0.000000 0.000000
380000 30 C -179.300644 3.280601 -102.698944 2.150000 0.000000 0.000000
380000 31 P -179.893570 9.223183 -103.521744 2.110000 -1.000000 0.000000
380000 32 S -183.039688 8.399424 -101.744308 1.800000 0.000000 0.000000
380000 33 C -183.181427 6.234507 -99.224648 2.150000 0.000000 0.000000
380000 34 P -182.456284 11.792385 -100.324318 2.110000 -1.000000 0.000000
380000 35 S -183.862106 11.403798 -96.920387 1.800000 0.000000 0.000000
380000 36 U -181.486221 9.285260 -95.363380 2.150000 0.000000 0.000000
380000 37 P -182.738846 14.740579 -95.372871 2.110000 -1.000000 0.000000
385000 1 P -173.136307 -4.553769 -94.506302 2.110000 -1.000000 1.000000
385000 2 S -174.427841 -2.413594 -91.428825 1.800000 0.000000 0.000000
385000 3 G -175.265533 -0.301579 -94.281952 2.150000 0.000000 0.000000
385000 4 P -176.929962 -4.950173 -92.979568 2.110000 -1.000000 0.000000
385000 5 S -180.050980 -3.035650 -93.665451 1.800000 0.000000 0.000000
385000 6 G -179.231430 -1.622340 -96.655510 2.150000 0.000000 0.000000
385000 7 P -180.755341 -6.246297 -95.671402 2.110000 -1.000000 0.000000
385000 8 S -182.877472 -5.369131 -98.618164 1.800000 0.000000 0.000000
385000 9 G -180.568298 -3.607109 -100.509758 2.150000 0.000000 0.000000
385000 10 P -182.303680 -8.987477 -100.094177 2.110000 -1.000000 0.000000
385000 11 S -182.763992 -8.162715 -103.670395 1.800000 0.000000 0.000000
385000 12 C -179.617905 -6.868086 -104.476273 2.150000 0.000000 0.000000
385000 13 P -181.233414 -11.389562 -104.627327 2.110000 -1.000000 0.000000
385000 14 S -178.752441 -9.784776 -107.423996 1.800000 0.000000 0.000000
385000 15 G -176.480026 -9.111670 -105.137184 2.150000 0.000000 0.000000
385000 16 P -177.436661 -13.324887 -106.829384 2.110000 -1.000000 0.000000
385000 17 S -174.332031 -12.383567 -108.998833 1.800000 0.000000 0.000000
385000 18 C -172.071899 -15.255684 -109.037025 2.150000 0.000000 0.000000
385000 19 P -172.586426 -9.058571 -107.794525 2.110000 -1.000000 0.000000
385000 20 S -171.685898 -7.580166 -111.199135 1.800000 0.000000 0.000000
385000 21 A -175.120636 -6.509257 -112.099602 2.150000 0.000000 0.000000
385000 22 P -170.714462 -4.819853 -109.075172 2.110000 -1.000000 0.000000
385000 23 S -171.375854 -2.140529 -111.562424 1.800000 0.000000 0.000000
385000 24 A -174.896973 -2.091310 -110.840706 2.150000 0.000000 0.000000
385000 25 P -170.625900 1.621127 -110.050903 2.110000 -1.000000 0.000000
385000 26 S -174.306580 2.239409 -110.310333 1.800000 0.000000 0.000000
385000 27 G -175.780884 0.540865 -107.490211 2.150000 0.000000 0.000000
385000 28 P -174.246277 5.580186 -108.794502 2.110000 -1.000000 0.000000
385000 29 S -177.790298 5.535778 -107.922638 1.800000 0.000000 0.000000
385000 30 C -177.640533 3.473500 -105.060944 2.150000 0.000000 0.000000
385000 31 P -177.779205 8.784737 -105.902710 2.110000 -1.000000 0.000000
385000 32 S -181.074814 7.161276 -104.587891 1.800000 0.000000 0.000000
385000 33 C -179.001572 5.335248 -102.141418 2.150000 0.000000 0.000000
385000 34 P -180.922043 10.348979 -102.329384 2.110000 -1.000000 0.000000
385000 35 S -181.966843 8.510998 -99.473206 1.800000 0.000000 0.000000
385000 36 U -179.595490 6.490042 -97.732208 2.150000 0.000000 0.000000
385000 37 P -181.891418 10.132934 -95.916466 2.110000 -1.000000 0.000000
390000 1 P -168.210098 -7.076869 -87.852127 2.110000 -1.000000 1.000000
390000 2 S -171.525299 -5.586657 -86.666061 1.800000 0.000000 0.000000
390000 3 G -171.013763 -2.800430 -88.763184 2.150000 0.000000 0.000000
390000 4 P -172.561142 -8.261448 -89.108185 2.110000 -1.000000 0.000000
390000 5 S -175.919479 -6.236156 -89.601257 1.800000 0.000000 0.000000
390000 6 G -175.591309 -3.226116 -91.462128 2.150000 0.000000 0.000000
390000 7 P -176.836716 -9.151213 -92.340439 2.110000 -1.000000 0.000000
390000 8 S -178.517426 -6.785369 -94.965492 1.800000 0.000000 0.000000
390000 9 G -175.638229 -5.006593 -96.160606 2.150000 0.000000 0.000000
390000 10 P -178.201416 -9.582013 -97.637482 2.110000 -1.000000 0.000000
390000 11 S -178.095901 -7.798523 -100.815224 1.800000 0.000000 0.000000
390000 12 C -174.971481 -6.439331 -100.649704 2.150000 0.000000 0.000000
390000 13 P -177.041412 -11.122674 -102.416443 2.110000 -1.000000 0.000000
390000 14 S -174.153854 -9.778926 -104.644630 1.800000 0.000000 0.000000
390000 15 G -172.117554 -7.964861 -102.486168 2.150000 0.000000 0.000000
390000 16 P -172.856796 -13.338035 -104.735893 2.110000 -1.000000 0.000000
390000 17 S -169.283478 -12.126382 -105.336700 1.800000 0.000000 0.000000
390000 18 C -170.830170 -9.129191 -106.504425 2.150000 0.000000 0.000000
390000 19 P -169.017761 -10.341257 -101.837730 2.110000 -1.000000 0.000000
390000 20 S -165.565369 -9.586591 -103.288071 1.800000 0.000000 0.000000
390000 21 A -166.939835 -8.647801 -106.735283 2.150000 0.000000 0.000000
390000 22 P -165.225388 -6.903026 -100.606308 2.110000 -1.000000 0.000000
390000 23 S -162.876785 -4.835778 -102.901321 1.800000 0.000000 0.000000
390000 24 A -165.591202 -4.240250 -104.977081 2.150000 0.000000 0.000000
390000 25 P -162.120377 -1.908819 -100.470985 2.110000 -1.000000 0.000000
390000 26 S -164.527649 -0.225122 -102.865540 1.800000 0.000000 0.000000
390000 27 G -167.652863 -1.150534 -101.715118 2.150000 0.000000 0.000000
390000 28 P -165.334274 2.908782 -100.707314 2.110000 -1.000000 0.000000
390000 29 S -169.098312 3.188338 -101.179527 1.800000 0.000000 0.000000
390000 30 C -170.446945 1.541359 -98.328690 2.150000 0.000000 0.000000
390000 31 P -168.914032 6.225547 -98.816040 2.110000 -1.000000 0.000000
390000 32 S -172.612335 6.522664 -97.798622 1.800000 0.000000 0.000000
390000 33 C -172.117279 4.023803 -95.353966 2.150000 0.000000 0.000000
390000 34 P -172.191208 9.094341 -95.159851 2.110000 -1.000000 0.000000
390000 35 S -174.854691 8.134610 -92.708298 1.800000 0.000000 0.000000
390000 36 U -173.211411 5.724124 -90.761307 2.150000 0.000000 0.000000
390000 37 P -172.940689 11.118800 -91.567497 2.110000 -1.000000 0.000000
395000 1 P -166.440994 -3.720766 -94.947235 2.110000 -1.000000 1.000000
395000 2 S -169.042404 -1.562844 -92.922371 1.800000 0.000000 0.000000
395000 3 G -168.469971 0.865917 -95.311829 2.150000 0.000000 0.000000
395000 4 P -171.815826 -3.852819 -94.319214 2.110000 -1.000000 0.000000
395000 5 S -174.588043 -1.304148 -94.715942 1.800000 0.000000 0.000000
395000 6 G -172.877289 1.368859 -96.038124 2.150000 0.000000 0.000000
395000 7 P -175.721130 -4.254095 -96.916656 2.110000 -1.000000 0.000000
395000 8 S -177.521820 -1.806087 -99.387985 1.800000 0.000000 0.000000
395000 9 G -174.976318 -0.395359 -101.347717 2.150000 0.000000 0.000000
395000 10 P -177.405136 -5.157877 -101.085800 2.110000 -1.000000 0.000000
395000 11 S -177.275635 -4.260495 -104.800537 1.800000 0.000000 0.000000
395000 12 C -174.247803 -2.482743 -105.024529 2.150000 0.000000 0.000000
395000 13 P -175.923828 -7.530076 -105.485252 2.110000 -1.000000 0.000000
395000 14 S -173.698959 -6.359033 -108.327057 1.800000 0.000000 0.000000
395000 15 G -175.417969 -7.746684 -111.357094 2.150000 0.000000 0.000000
395000 16 P -172.609924 -9.960993 -106.980049 2.110000 -1.000000 0.000000
395000 17 S -169.142609 -10.365514 -108.585953 1.800000 0.000000 0.000000
395000 18 C -168.149597 -8.026585 -110.969246 2.150000 0.000000 0.000000
395000 19 P -167.488083 -7.807970 -105.779434 2.110000 -1.000000 0.000000
395000 20 S -164.544678 -7.233944 -108.276009 1.800000 0.000000 0.000000
395000 21 A -165.901199 -4.144743 -109.536674 2.150000 0.000000 0.000000
395000 22 P -163.626923 -5.216234 -105.255157 2.110000 -1.000000 0.000000
395000 23 S -161.284241 -3.413777 -107.670135 1.800000 0.000000 0.000000
395000 24 A -162.309280 -1.495340 -110.242821 2.150000 0.000000 0.000000
395000 25 P -160.717377 0.206240 -106.216301 2.110000 -1.000000 0.000000
395000 26 S -163.458389 1.772994 -108.600807 1.800000 0.000000 0.000000
395000 27 G -165.732895 -0.526028 -106.752899 2.150000 0.000000 0.000000
395000 28 P -163.738388 5.205900 -107.156715 2.110000 -1.000000 0.000000
395000 29 S -167.173615 5.785600 -108.215958 1.800000 0.000000 0.000000
395000 30 C -168.801636 4.044104 -105.912689 2.150000 0.000000 0.000000
395000 31 P -166.473022 8.969851 -106.170120 2.110000 -1.000000 0.000000
395000 32 S -169.881348 9.708467 -104.636650 1.800000 0.000000 0.000000
395000 33 C -169.823410 7.213323 -102.430771 2.150000 0.000000 0.000000
395000 34 P -168.616714 12.423518 -102.371780 2.110000 -1.000000 0.000000
395000 35 S -170.943954 12.150721 -99.507233 1.800000 0.000000 0.000000
395000 36 U -171.156570 8.802076 -98.322342 2.150000 0.000000 0.000000
395000 37 P -169.743149 13.949005 -96.321426 2.110000 -1.000000 0.000000
400000 1 P -164.807434 -0.394685 -89.566971 2.110000 -1.000000 1.000000
400000 2 S -168.270630 1.429443 -89.985283 1.800000 0.000000 0.000000
400000 3 G -167.168777 3.618763 -92.243568 2.150000 0.000000 0.000000
400000 4 P -169.223633 -1.754459 -91.703735 2.110000 -1.000000 0.000000
400000 5 S -171.904938 -0.503927 -94.151512 1.800000 0.000000 0.000000
400000 6 G -169.751205 0.845627 -96.483917 2.150000 0.000000 0.000000
400000 7 P -171.906967 -4.016847 -95.676399 2.110000 -1.000000 0.000000
400000 8 S -173.451355 -3.459033 -99.122986 1.800000 0.000000 0.000000
400000 9 G -170.564194 -1.870648 -100.293907 2.150000 0.000000 0.000000
400000 10 P -172.362808 -7.055963 -99.679825 2.110000 -1.000000 0.000000
400000 11 S -172.735428 -5.998328 -103.256462 1.800000 0.000000 0.000000
400000 12 C -169.600952 -4.291517 -103.173660 2.150000 0.000000 0.000000
400000 13 P -170.850555 -9.281159 -102.725166 2.110000 -1.000000 0.000000
400000 14 S -167.332703 -9.021285 -104.201576 1.800000 0.000000 0.000000
400000 15 G -167.264008 -7.499293 -101.251411 2.150000 0.000000 0.000000
400000 16 P -166.155029 -12.333935 -102.591690 2.110000 -1.000000 0.000000
400000 17 S -163.114273 -12.297032 -104.951965 1.800000 0.000000 0.000000
400000 18 C -161.065475 -14.579216 -103.548088 2.150000 0.000000 0.000000
400000 19 P -162.137451 -9.158525 -103.044456 2.110000 -1.000000 0.000000
400000 20 S -159.546616 -7.518078 -105.103378 1.800000 0.000000 0.000000
400000 21 A -161.124222 -6.378471 -107.948402 2.150000 0.000000 0.000000
400000 22 P -158.869049 -4.141090 -103.343468 2.110000 -1.000000 0.000000
400000 23 S -158.272797 -3.162200 -106.870941 1.800000 0.000000 0.000000
400000 24 A -161.299103 -2.232712 -108.545891 2.150000 0.000000 0.000000
400000 25 P -157.239441 0.485478 -106.502602 2.110000 -1.000000 0.000000
400000 26 S -160.626282 1.669823 -108.019791 1.800000 0.000000 0.000000
400000 27 G -162.230667 0.126743 -105.412163 2.150000 0.000000 0.000000
400000 28 P -160.520874 5.320943 -107.053787 2.110000 -1.000000 0.000000
400000 29 S -164.249908 6.239044 -106.987900 1.800000 0.000000 0.000000
400000 30 C -165.902679 4.202597 -104.645386 2.150000 0.000000 0.000000
400000 31 P -163.572662 9.489778 -105.208542 2.110000 -1.000000 0.000000
400000 32 S -167.095749 10.380832 -103.771515 1.800000 0.000000 0.000000
400000 33 C -167.260239 8.030359 -101.352226 2.150000 0.000000 0.000000
400000 34 P -165.603821 13.384842 -101.904121 2.110000 -1.000000 0.000000
400000 35 S -167.904953 13.552638 -98.876144 1.800000 0.000000 0.000000
400000 36 U -167.289001 11.792988 -96.226372 2.150000 0.000000 0.000000
400000 37 P -164.778214 15.657591 -98.393585 2.110000 -1.000000 0.000000
405000 1 P -160.285080 -1.918263 -91.597237 2.110000 -1.000000 1.000000
405000 2 S -162.662415 0.797380 -90.751579 1.800000 0.000000 0.000000
405000 3 G -163.272339 2.064252 -93.727036 2.150000 0.000000 0.000000
405000 4 P -165.318146 -2.168121 -90.801575 2.110000 -1.000000 0.000000
405000 5 S -168.808456 -1.195976 -91.847855 1.800000 0.000000 0.000000
405000 6 G -168.106598 -0.669443 -95.308960 2.150000 0.000000 0.000000
405000 7 P -168.570633 -4.844152 -92.230972 2.110000 -1.000000 0.000000
405000 8 S -171.726761 -4.933657 -94.214287 1.800000 0.000000 0.000000
405000 9 G -170.281647 -3.856428 -97.070442 2.150000 0.000000 0.000000
405000 10 P -171.939041 -8.637617 -95.209854 2.110000 -1.000000 0.000000
405000 11 S -174.120956 -8.278175 -98.504402 1.800000 0.000000 0.000000
405000 12 C -171.844681 -7.159277 -100.692070 2.150000 0.000000 0.000000
405000 13 P -172.105057 -11.642591 -98.264420 2.110000 -1.000000 0.000000
405000 14 S -172.196548 -13.092979 -101.866463 1.800000 0.000000 0.000000
405000 15 G -170.475449 -10.361217 -103.086815 2.150000 0.000000 0.000000
405000 16 P -168.874222 -14.627161 -100.709717 2.110000 -1.000000 0.000000
405000 17 S -166.537170 -14.175034 -103.723480 1.800000 0.000000 0.000000
405000 18 C -168.923462 -13.745281 -106.233795 2.150000 0.000000 0.000000
405000 19 P -165.257462 -10.548444 -103.179939 2.110000 -1.000000 0.000000
405000 20 S -163.650238 -11.181058 -106.674629 1.800000 0.000000 0.000000
405000 21 A -166.227356 -12.367035 -108.820328 2.150000 0.000000 0.000000
405000 22 P -163.581146 -7.279341 -106.637085 2.110000 -1.000000 0.000000
405000 23 S -162.164764 -6.241346 -110.051064 1.800000 0.000000 0.000000
405000 24 A -165.324280 -6.983072 -111.435989 2.150000 0.000000 0.000000
405000 25 P -162.467407 -2.555373 -109.836281 2.110000 -1.000000 0.000000
405000 26 S -166.240433 -2.136810 -110.321243 1.800000 0.000000 0.000000
405000 27 G -166.605972 -3.390259 -107.227798 2.150000 0.000000 0.000000
405000 28 P -167.520523 1.387318 -109.656555 2.110000 -1.000000 0.000000
405000 29 S -171.118103 1.470159 -108.085373 1.800000 0.000000 0.000000
405000 30 C -169.955719 0.694822 -104.910324 2.150000 0.000000 0.000000
405000 31 P -170.558426 5.523278 -107.610542 2.110000 -1.000000 0.000000
405000 32 S -172.215759 6.333456 -104.256920 1.800000 0.000000 0.000000
405000 33 C -169.789551 4.250105 -102.560478 2.150000 0.000000 0.000000
405000 34 P -170.697296 9.474805 -103.344231 2.110000 -1.000000 0.000000
405000 35 S -170.973282 9.876411 -99.495338 1.800000 0.000000 0.000000
405000 36 U -168.275970 7.635357 -98.612251 2.150000 0.000000 0.000000
405000 37 P -169.603622 13.401223 -99.965050 2.110000 -1.000000 0.000000
410000 1 P -157.019073 3.723117 -89.605301 2.110000 -1.000000 1.000000
410000 2 S -160.402359 3.151047 -87.693611 1.800000 0.000000 0.000000
410000 3 G -163.112457 4.078238 -89.372154 2.150000 0.000000 0.000000
410000 4 P -161.047272 -0.629747 -88.075066 2.110000 -1.000000 0.000000
410000 5 S -164.770279 -0.646313 -87.649086 1.800000 0.000000 0.000000
410000 6 G -165.312531 0.659924 -90.715469 2.150000 0.000000 0.000000
410000 7 P -165.229050 -4.353742 -88.669991 2.110000 -1.000000 0.000000
410000 8 S -168.787704 -5.031880 -89.869522 1.800000 0.000000 0.000000
410000 9 G -167.933655 -4.861145 -93.225578 2.150000 0.000000 0.000000
410000 10 P -166.892349 -8.119325 -88.944557 2.110000 -1.000000 0.000000
410000 11 S -168.843704 -9.856850 -91.669022 1.800000 0.000000 0.000000
410000 12 C -167.350296 -8.539675 -94.490280 2.150000 0.000000 0.000000
410000 13 P -166.235901 -12.487435 -92.365791 2.110000 -1.000000 0.000000
410000 14 S -164.690094 -11.575492 -95.634750 1.800000 0.000000 0.000000
410000 15 G -163.307892 -8.919103 -93.933037 2.150000 0.000000 0.000000
410000 16 P -161.684494 -13.842225 -95.084610 2.110000 -1.000000 0.000000
410000 17 S -160.774094 -15.243484 -98.650246 1.800000 0.000000 0.000000
410000 18 C -163.580734 -15.101052 -100.606071 2.150000 0.000000 0.000000
410000 19 P -158.901917 -11.862472 -99.787598 2.110000 -1.000000 0.000000
410000 20 S -159.579422 -12.359550 -103.459007 1.800000 0.000000 0.000000
410000 21 A -162.831818 -11.191697 -103.072723 2.150000 0.000000 0.000000
410000 22 P -158.396332 -8.786240 -104.276619 2.110000 -1.000000 0.000000
410000 23 S -161.761505 -8.530006 -105.770599 1.800000 0.000000 0.000000
410000 24 A -162.206024 -6.967769 -102.832771 2.150000 0.000000 0.000000
410000 25 P -162.572189 -4.953364 -106.987579 2.110000 -1.000000 0.000000
410000 26 S -166.122498 -5.584732 -106.257065 1.800000 0.000000 0.000000
410000 27 G -166.213211 -6.175593 -102.792572 2.150000 0.000000 0.000000
410000 28 P -166.429550 -1.731629 -106.373207 2.110000 -1.000000 0.000000
410000 29 S -169.683060 -1.878803 -104.593254 1.800000 0.000000 0.000000
410000 30 C -168.075821 -1.836180 -101.683167 2.150000 0.000000 0.000000
410000 31 P -169.791779 1.971932 -103.851448 2.110000 -1.000000 0.000000
410000 32 S -171.828033 1.180581 -100.751091 1.800000 0.000000 0.000000
410000 33 C -169.031952 0.964010 -98.811111 2.150000 0.000000 0.000000
410000 34 P -172.246796 4.912750 -99.748138 2.110000 -1.000000 0.000000
410000 35 S -173.037155 3.579763 -96.306694 1.800000 0.000000 0.000000
410000 36 U -169.567947 2.796408 -95.531021 2.150000 0.000000 0.000000
410000 37 P -172.556396 7.268721 -95.312241 2.110000 -1.000000 0.000000
415000 1 P -161.848312 1.119678 -83.910072 2.110000 -1.000000 1.000000
415000 2 S -165.570251 0.937124 -84.449776 1.800000 0.000000 0.000000
415000 3 G -165.280624 1.663159 -87.914032 2.150000 0.000000 0.000000
415000 4 P -165.879745 -2.925804 -84.299728 2.110000 -1.000000 0.000000
415000 5 S -168.847046 -2.972826 -86.774246 1.800000 0.000000 0.000000
415000 6 G -166.611023 -2.851006 -89.428062 2.150000 0.000000 0.000000
415000 7 P -168.121490 -6.782942 -86.069008 2.110000 -1.000000 0.000000
415000 8 S -169.686172 -8.002060 -89.415855 1.800000 0.000000 0.000000
415000 9 G -167.916443 -6.239620 -92.034485 2.150000 0.000000 0.000000
415000 10 P -168.120163 -11.299926 -88.701546 2.110000 -1.000000 0.000000
415000 11 S -168.419327 -13.732122 -91.717781 1.800000 0.000000 0.000000
415000 12 C -167.061066 -12.283968 -94.473129 2.150000 0.000000 0.000000
415000 13 P -165.693451 -15.417774 -89.813850 2.110000 -1.000000 0.000000
415000 14 S -163.078064 -16.378506 -92.384354 1.800000 0.000000 0.000000
415000 15 G -161.145126 -13.723891 -93.876434 2.150000 0.000000 0.000000
415000 16 P -160.066345 -17.058954 -90.375061 2.110000 -1.000000 0.000000
415000 17 S -157.861221 -17.880735 -93.336983 1.800000 0.000000 0.000000
415000 18 C -159.522186 -16.353653 -95.870567 2.150000 0.000000 0.000000
415000 19 P -154.805496 -15.739448 -92.843010 2.110000 -1.000000 0.000000
415000 20 S -154.815109 -16.565664 -96.481911 1.800000 0.000000 0.000000
415000 21 A -152.923080 -19.751034 -95.860909 2.150000 0.000000 0.000000
415000 22 P -152.674393 -13.740329 -97.431328 2.110000 -1.000000 0.000000
415000 23 S -155.120392 -13.944722 -100.294136 1.800000 0.000000 0.000000
415000 24 A -157.521988 -12.747655 -97.916992 2.150000 0.000000 0.000000
415000 25 P -155.040436 -10.254728 -100.742844 2.110000 -1.000000 0.000000
415000 26 S -158.280640 -10.318325 -102.675674 1.800000 0.000000 0.000000
415000 27 G -160.277878 -11.000252 -100.034004 2.150000 0.000000 0.000000
415000 28 P -158.999924 -6.554469 -102.922676 2.110000 -1.000000 0.000000
415000 29 S -162.859238 -7.028758 -102.958954 1.800000 0.000000 0.000000
415000 30 C -162.944351 -7.289321 -99.415474 2.150000 0.000000 0.000000
415000 31 P -162.945343 -3.087984 -103.329498 2.110000 -1.000000 0.000000
415000 32 S -166.378021 -3.316531 -101.796455 1.800000 0.000000 0.000000
415000 33 C -165.866989 -3.566586 -98.407242 2.150000 0.000000 0.000000
415000 34 P -166.776138 0.556321 -101.905388 2.110000 -1.000000 0.000000
415000 35 S -169.646317 0.647729 -99.352509 1.800000 0.000000 0.000000
415000 36 U -167.662170 0.027551 -96.609673 2.150000 0.000000 0.000000
415000 37 P -168.232697 4.279710 -99.779701 2.110000 -1.000000 0.000000
420000 1 P -153.116180 -8.605443 -88.571175 2.110000 -1.000000 1.000000
420000 2 S -156.195908 -6.282128 -87.708801 1.800000 0.000000 0.000000
420000 3 G -157.065033 -5.755212 -90.952560 2.150000 0.000000 0.000000
420000 4 P -157.687775 -9.808904 -87.313118 2.110000 -1.000000 0.000000
420000 5 S -161.423080 -9.880503 -88.238846 1.800000 0.000000 0.000000
420000 6 G -160.730911 -8.890933 -91.494987 2.150000 0.000000 0.000000
420000 7 P -160.902863 -13.560112 -88.457466 2.110000 -1.000000 0.000000
420000 8 S -163.257004 -14.490582 -91.351318 1.800000 0.000000 0.000000
420000 9 G -160.913284 -13.022010 -93.731133 2.150000 0.000000 0.000000
420000 10 P -161.410751 -17.723335 -90.345055 2.110000 -1.000000 0.000000
420000 11 S -161.058762 -19.413076 -93.622734 1.800000 0.000000 0.000000
420000 12 C -159.079544 -16.472038 -93.859253 2.150000 0.000000 0.000000
420000 13 P -158.722504 -20.625967 -91.175598 2.110000 -1.000000 0.000000
420000 14 S -157.185028 -22.558432 -94.246124 1.800000 0.000000 0.000000
420000 15 G -156.727875 -19.552919 -95.748306 2.150000 0.000000 0.000000
420000 16 P -153.931320 -22.946621 -92.316635 2.110000 -1.000000 0.000000
420000 17 S -152.288132 -23.472624 -95.918816 1.800000 0.000000 0.000000
420000 18 C -150.315796 -25.971497 -94.748451 2.150000 0.000000 0.000000
420000 19 P -149.429153 -20.906994 -96.209709 2.110000 -1.000000 0.000000
420000 20 S -149.369766 -20.808140 -99.960579 1.800000 0.000000 0.000000
420000 21 A -152.867844 -19.902452 -100.984932 2.150000 0.000000 0.000000
420000 22 P -148.128662 -17.199156 -99.791290 2.110000 -1.000000 0.000000
420000 23 S -150.228821 -16.780014 -103.002319 1.800000 0.000000 0.000000
420000 24 A -152.940201 -15.898701 -101.131721 2.150000 0.000000 0.000000
420000 25 P -149.018417 -13.395875 -103.149399 2.110000 -1.000000 0.000000
420000 26 S -152.955414 -12.776985 -103.763031 1.800000 0.000000 0.000000
420000 27 G -154.416153 -12.138495 -100.724495 2.150000 0.000000 0.000000
420000 28 P -152.764847 -9.104787 -104.204803 2.110000 -1.000000 0.000000
420000 29 S -156.460999 -9.180506 -104.547241 1.800000 0.000000 0.000000
420000 30 C -157.806854 -9.945424 -101.347351 2.150000 0.000000 0.000000
420000 31 P -158.201889 -5.564452 -104.753769 2.110000 -1.000000 0.000000
420000 32 S -161.670197 -6.478255 -103.681908 1.800000 0.000000 0.000000
420000 33 C -161.050034 -7.114550 -100.395691 2.150000 0.000000 0.000000
420000 34 P -161.171097 -2.716503 -103.977921 2.110000 -1.000000 0.000000
420000 35 S -162.792206 -1.287619 -100.711792 1.800000 0.000000 0.000000
420000 36 U -161.352875 -2.925466 -98.120918 2.150000 0.000000 0.000000
420000 37 P -161.089233 1.735687 -100.599129 2.110000 -1.000000 0.000000
425000 1 P -158.435455 -5.910507 -85.915169 2.110000 -1.000000 1.000000
425000 2 S -162.062057 -6.210177 -87.017242 1.800000 0.000000 0.000000
425000 3 G -161.795441 -7.031889 -90.383743 2.150000 0.000000 0.000000
425000 4 P -162.327240 -9.856970 -86.081467 2.110000 -1.000000 0.000000
425000 5 S -164.810379 -10.831947 -88.804993 1.800000 0.000000 0.000000
425000 6 G -163.509415 -10.451031 -91.851578 2.150000 0.000000 0.000000
425000 7 P -162.912888 -13.998595 -87.503716 2.110000 -1.000000 0.000000
425000 8 S -163.836288 -16.329313 -90.247292 1.800000 0.000000 0.000000
425000 9 G -161.302856 -15.715804 -92.576920 2.150000 0.000000 0.000000
425000 10 P -161.716873 -18.819601 -88.306168 2.110000 -1.000000 0.000000
425000 11 S -160.828995 -21.540346 -90.943047 1.800000 0.000000 0.000000
425000 12 C -159.320694 -19.125019 -92.835503 2.150000 0.000000 0.000000
425000 13 P -158.248108 -23.098955 -88.645363 2.110000 -1.000000 0.000000
425000 14 S -156.161240 -23.746021 -91.762749 1.800000 0.000000 0.000000
425000 15 G -155.175476 -20.545147 -92.343651 2.150000 0.000000 0.000000
425000 16 P -152.800323 -23.766783 -89.947571 2.110000 -1.000000 0.000000
425000 17 S -150.687592 -25.498161 -92.551849 1.800000 0.000000 0.000000
425000 18 C -151.378204 -23.808046 -95.426048 2.150000 0.000000 0.000000
425000 19 P -148.028915 -23.169353 -91.577362 2.110000 -1.000000 0.000000
425000 20 S -147.443405 -24.118048 -95.051170 1.800000 0.000000 0.000000
425000 21 A -144.377563 -25.347033 -95.789825 2.150000 0.000000 0.000000
425000 22 P -146.212051 -20.688354 -95.737236 2.110000 -1.000000 0.000000
425000 23 S -148.079666 -20.728760 -99.086365 1.800000 0.000000 0.000000
425000 24 A -145.704666 -21.110638 -101.743973 2.150000 0.000000 0.000000
425000 25 P -147.481934 -17.011778 -98.916084 2.110000 -1.000000 0.000000
425000 26 S -150.425751 -17.052881 -101.276939 1.800000 0.000000 0.000000
425000 27 G -152.652557 -16.649445 -98.578377 2.150000 0.000000 0.000000
425000 28 P -151.419662 -13.228125 -102.241043 2.110000 -1.000000 0.000000
425000 29 S -154.944473 -14.068848 -102.963066 1.800000 0.000000 0.000000
425000 30 C -155.801086 -14.198172 -99.533035 2.150000 0.000000 0.000000
425000 31 P -156.820190 -11.153027 -103.909164 2.110000 -1.000000 0.000000
425000 32 S -160.125778 -12.840587 -103.260246 1.800000 0.000000 0.000000
425000 33 C -160.536301 -13.150836 -99.881927 2.150000 0.000000 0.000000
425000 34 P -161.684616 -9.537081 -104.180191 2.110000 -1.000000 0.000000
425000 35 S -164.465561 -10.623506 -101.668243 1.800000 0.000000 0.000000
425000 36 U -162.903793 -10.551375 -98.360168 2.150000 0.000000 0.000000
425000 37 P -164.963898 -6.800116 -101.708366 2.110000 -1.000000 0.000000
430000 1 P -157.029251 -11.030841 -84.324745 2.110000 -1.000000 1.000000
430000 2 S -160.900574 -11.010686 -84.377205 1.800000 0.000000 0.000000
430000 3 G -161.664566 -12.853484 -87.329254 2.150000 0.000000 0.000000
430000 4 P -160.748520 -14.350205 -82.403023 2.110000 -1.000000 0.000000
430000 5 S -163.478180 -15.646091 -84.761314 1.800000 0.000000 0.000000
430000 6 G -161.526718 -16.728590 -87.364304 2.150000 0.000000 0.000000
430000 7 P -162.359543 -18.564764 -82.838120 2.110000 -1.000000 0.000000
430000 8 S -164.250351 -20.765663 -85.397163 1.800000 0.000000 0.000000
430000 9 G -162.505066 -21.386494 -88.402168 2.150000 0.000000 0.000000
430000 10 P -162.074020 -23.228966 -83.175217 2.110000 -1.000000 0.000000
430000 11 S -161.299728 -26.204491 -85.385307 1.800000 0.000000 0.000000
430000 12 C -159.254974 -24.283152 -87.658104 2.150000 0.000000 0.000000
430000 13 P -158.604340 -26.273256 -82.682167 2.110000 -1.000000 0.000000
430000 14 S -155.946213 -27.795692 -84.955399 1.800000 0.000000 0.000000
430000 15 G -157.449356 -30.503323 -83.456207 2.150000 0.000000 0.000000
430000 16 P -153.170593 -26.862175 -82.563240 2.110000 -1.000000 0.000000
430000 17 S -151.218842 -27.179188 -85.721825 1.800000 0.000000 0.000000
430000 18 C -152.820023 -24.468363 -87.113022 2.150000 0.000000 0.000000
430000 19 P -148.010025 -25.068277 -85.140610 2.110000 -1.000000 0.000000
430000 20 S -146.133759 -27.056765 -87.876717 1.800000 0.000000 0.000000
430000 21 A -149.072845 -27.467009 -89.458138 2.150000 0.000000 0.000000
430000 22 P -144.833267 -23.514406 -88.759560 2.110000 -1.000000 0.000000
430000 23 S -146.278076 -24.375069 -92.135201 1.800000 0.000000 0.000000
430000 24 A -148.966476 -23.260801 -90.202713 2.150000 0.000000 0.000000
430000 25 P -147.299683 -22.284325 -95.323318 2.110000 -1.000000 0.000000
430000 26 S -149.942551 -25.052738 -95.581306 1.800000 0.000000 0.000000
430000 27 G -151.709579 -25.527384 -92.487915 2.150000 0.000000 0.000000
430000 28 P -152.522583 -23.375681 -97.930283 2.110000 -1.000000 0.000000
430000 29 S -154.766815 -26.219603 -96.572624 1.800000 0.000000 0.000000
430000 30 C -156.279205 -25.168354 -93.437920 2.150000 0.000000 0.000000
430000 31 P -157.692566 -24.403255 -98.273918 2.110000 -1.000000 0.000000
430000 32 S -160.333328 -25.254143 -95.755600 1.800000 0.000000 0.000000
430000 33 C -159.673218 -23.485783 -92.699509 2.150000 0.000000 0.000000
430000 34 P -162.742264 -22.781303 -97.531372 2.110000 -1.000000 0.000000
430000 35 S -164.846817 -22.302761 -94.334641 1.800000 0.000000 0.000000
430000 36 U -163.131912 -19.828447 -92.750893 2.150000 0.000000 0.000000
430000 37 P -167.232483 -19.395481 -94.627312 2.110000 -1.000000 0.000000
435000 1 P -168.994247 -5.204255 -90.688606 2.110000 -1.000000 1.000000
435000 2 S -172.481323 -6.283609 -92.176727 1.800000 0.000000 0.000000
435000 3 G -170.488647 -8.378486 -94.075974 2.150000 0.000000 0.000000
435000 4 P -171.989029 -9.253359 -89.909935 2.110000 -1.000000 0.000000
435000 5 S -173.412033 -12.524177 -91.267242 1.800000 0.000000 0.000000
435000 6 G -171.397003 -12.954691 -93.880165 2.150000 0.000000 0.000000
435000 7 P -171.382004 -14.684065 -88.649467 2.110000 -1.000000 0.000000
435000 8 S -171.132935 -17.929077 -90.781685 1.800000 0.000000 0.000000
435000 9 G -168.199066 -16.925280 -92.746529 2.150000 0.000000 0.000000
435000 10 P -168.772186 -19.222761 -88.064873 2.110000 -1.000000 0.000000
435000 11 S -167.443756 -22.149553 -90.010315 1.800000 0.000000 0.000000
435000 12 C -164.861343 -20.102959 -91.233452 2.150000 0.000000 0.000000
435000 13 P -165.449829 -23.163685 -87.049339 2.110000 -1.000000 0.000000
435000 14 S -162.306076 -24.759884 -88.633369 1.800000 0.000000 0.000000
435000 15 G -161.912354 -21.354273 -88.420616 2.150000 0.000000 0.000000
435000 16 P -159.681168 -24.736450 -85.919830 2.110000 -1.000000 0.000000
435000 17 S -157.216690 -24.398643 -88.846741 1.800000 0.000000 0.000000
435000 18 C -158.387054 -21.227077 -89.988205 2.150000 0.000000 0.000000
435000 19 P -154.799683 -22.431801 -86.524048 2.110000 -1.000000 0.000000
435000 20 S -154.392593 -21.423666 -90.181335 1.800000 0.000000 0.000000
435000 21 A -152.081833 -23.667208 -91.176575 2.150000 0.000000 0.000000
435000 22 P -152.472168 -18.771479 -91.425575 2.110000 -1.000000 0.000000
435000 23 S -154.023438 -19.043228 -94.902756 1.800000 0.000000 0.000000
435000 24 A -156.322037 -16.645576 -93.667870 2.150000 0.000000 0.000000
435000 25 P -153.071701 -16.845713 -97.868301 2.110000 -1.000000 0.000000
435000 26 S -156.057251 -18.738983 -99.370201 1.800000 0.000000 0.000000
435000 27 G -158.394989 -17.227764 -96.934334 2.150000 0.000000 0.000000
435000 28 P -157.766312 -17.323706 -102.428032 2.110000 -1.000000 0.000000
435000 29 S -160.723831 -19.583010 -101.715523 1.800000 0.000000 0.000000
435000 30 C -162.489838 -17.977133 -99.370728 2.150000 0.000000 0.000000
435000 31 P -163.278458 -18.183680 -104.159729 2.110000 -1.000000 0.000000
435000 32 S -166.675018 -19.049774 -103.228264 1.800000 0.000000 0.000000
435000 33 C -166.416779 -16.636288 -100.641838 2.150000 0.000000 0.000000
435000 34 P -167.989243 -16.287907 -105.494759 2.110000 -1.000000 0.000000
435000 35 S -171.330383 -15.319015 -104.084923 1.800000 0.000000 0.000000
435000 36 U -170.625397 -14.075322 -101.009918 2.150000 0.000000 0.000000
435000 37 P -171.767029 -12.093299 -105.967430 2.110000 -1.000000 0.000000
440000 1 P -168.113113 -10.481902 -89.264557 2.110000 -1.000000 1.000000
440000 2 S -171.602875 -11.592405 -89.363373 1.800000 0.000000 0.000000
440000 3 G -172.225372 -13.774797 -91.979179 2.150000 0.000000 0.000000
440000 4 P -170.962677 -14.495185 -86.699738 2.110000 -1.000000 0.000000
440000 5 S -173.445984 -16.888489 -88.495171 1.800000 0.000000 0.000000
440000 6 G -172.191849 -17.633497 -91.631531 2.150000 0.000000 0.000000
440000 7 P -171.947266 -19.375204 -86.335060 2.110000 -1.000000 0.000000
440000 8 S -172.220139 -22.071091 -89.125916 1.800000 0.000000 0.000000
440000 9 G -169.046066 -21.690828 -90.562363 2.150000 0.000000 0.000000
440000 10 P -170.126450 -23.915644 -86.645294 2.110000 -1.000000 0.000000
440000 11 S -168.729782 -26.888828 -88.941582 1.800000 0.000000 0.000000
440000 12 C -165.743652 -25.707071 -90.292130 2.150000 0.000000 0.000000
440000 13 P -166.608475 -26.946939 -85.814690 2.110000 -1.000000 0.000000
440000 14 S -163.448868 -28.631105 -86.804474 1.800000 0.000000 0.000000
440000 15 G -162.106094 -25.583652 -87.769661 2.150000 0.000000 0.000000
440000 16 P -160.639633 -27.944477 -84.257835 2.110000 -1.000000 0.000000
440000 17 S -158.476349 -27.818163 -87.457115 1.800000 0.000000 0.000000
440000 18 C -155.963791 -28.312578 -85.060059 2.150000 0.000000 0.000000
440000 19 P -157.460098 -24.013920 -86.964676 2.110000 -1.000000 0.000000
440000 20 S -156.357513 -23.133755 -90.411537 1.800000 0.000000 0.000000
440000 21 A -159.372452 -23.550863 -92.028687 2.150000 0.000000 0.000000
440000 22 P -155.894363 -19.774307 -92.116272 2.110000 -1.000000 0.000000
440000 23 S -155.750366 -21.633974 -95.411514 1.800000 0.000000 0.000000
440000 24 A -152.606491 -22.825193 -95.226692 2.150000 0.000000 0.000000
440000 25 P -156.276016 -18.433832 -97.506462 2.110000 -1.000000 0.000000
440000 26 S -158.832077 -20.743410 -98.803871 1.800000 0.000000 0.000000
440000 27 G -161.156433 -20.965687 -96.371216 2.150000 0.000000 0.000000
440000 28 P -161.034866 -18.974983 -101.471558 2.110000 -1.000000 0.000000
440000 29 S -164.128540 -21.172186 -101.156647 1.800000 0.000000 0.000000
440000 30 C -165.439651 -19.253836 -98.440941 2.150000 0.000000 0.000000
440000 31 P -165.803894 -18.533003 -103.455826 2.110000 -1.000000 0.000000
440000 32 S -169.195206 -20.196062 -102.865257 1.800000 0.000000 0.000000
440000 33 C -169.434570 -18.545929 -100.054825 2.150000 0.000000 0.000000
440000 34 P -171.612488 -18.312569 -105.146515 2.110000 -1.000000 0.000000
440000 35 S -174.669495 -18.517012 -102.694633 1.800000 0.000000 0.000000
440000 36 U -174.970993 -16.203573 -100.129395 2.150000 0.000000 0.000000
440000 37 P -175.882248 -15.731342 -104.895691 2.110000 -1.000000 0.000000
445000 1 P -165.006638 -3.638111 -91.584183 2.110000 -1.000000 1.000000
445000 2 S -168.842728 -3.847530 -91.255394 1.800000 0.000000 0.000000
445000 3 G -169.490677 -5.414930 -94.269325 2.150000 0.000000 0.000000
445000 4 P -168.695877 -6.623682 -88.569412 2.110000 -1.000000 0.000000
445000 5 S -172.204895 -7.704670 -89.326935 1.800000 0.000000 0.000000
445000 6 G -171.383499 -8.920297 -92.363235 2.150000 0.000000 0.000000
445000 7 P -170.814896 -10.437998 -87.294838 2.110000 -1.000000 0.000000
445000 8 S -173.332886 -13.118044 -88.544975 1.800000 0.000000 0.000000
445000 9 G -172.862961 -13.508695 -91.872604 2.150000 0.000000 0.000000
445000 10 P -171.194366 -15.703197 -86.537674 2.110000 -1.000000 0.000000
445000 11 S -171.430923 -19.077829 -88.346069 1.800000 0.000000 0.000000
445000 12 C -168.829819 -17.790312 -90.250046 2.150000 0.000000 0.000000
445000 13 P -168.799149 -20.337440 -85.890076 2.110000 -1.000000 0.000000
445000 14 S -167.426987 -22.281979 -88.880356 1.800000 0.000000 0.000000
445000 15 G -165.471817 -19.479313 -89.565689 2.150000 0.000000 0.000000
445000 16 P -164.391022 -23.467014 -86.938934 2.110000 -1.000000 0.000000
445000 17 S -161.881256 -24.218163 -89.849686 1.800000 0.000000 0.000000
445000 18 C -164.040634 -25.620708 -92.051353 2.150000 0.000000 0.000000
445000 19 P -160.522141 -21.027748 -91.574356 2.110000 -1.000000 0.000000
445000 20 S -159.179779 -22.857832 -94.694557 1.800000 0.000000 0.000000
445000 21 A -161.827591 -23.642111 -97.002655 2.150000 0.000000 0.000000
445000 22 P -159.233902 -19.361937 -95.688141 2.110000 -1.000000 0.000000
445000 23 S -160.170334 -20.886431 -98.913734 1.800000 0.000000 0.000000
445000 24 A -156.967285 -20.093311 -99.237465 2.150000 0.000000 0.000000
445000 25 P -161.395523 -18.453772 -101.372528 2.110000 -1.000000 0.000000
445000 26 S -164.397812 -20.559010 -101.639153 1.800000 0.000000 0.000000
445000 27 G -165.594177 -19.275841 -98.694633 2.150000 0.000000 0.000000
445000 28 P -166.820084 -18.164297 -103.698936 2.110000 -1.000000 0.000000
445000 29 S -170.101089 -19.278576 -102.235703 1.800000 0.000000 0.000000
445000 30 C -170.326782 -17.415367 -99.284019 2.150000 0.000000 0.000000
445000 31 P -171.220551 -16.620384 -104.510902 2.110000 -1.000000 0.000000
445000 32 S -173.988327 -14.660850 -102.981895 1.800000 0.000000 0.000000
445000 33 C -172.309006 -13.029990 -100.344597 2.150000 0.000000 0.000000
445000 34 P -172.709610 -12.297223 -106.081741 2.110000 -1.000000 0.000000
445000 35 S -174.608841 -9.367989 -104.321289 1.800000 0.000000 0.000000
445000 36 U -172.276093 -9.467448 -101.772842 2.150000 0.000000 0.000000
445000 37 P -173.337006 -6.242319 -105.992607 2.110000 -1.000000 0.000000
450000 1 P -156.953049 -3.107780 -92.537849 2.110000 -1.000000 1.000000
450000 2 S -158.559998 -0.234973 -90.674759 1.800000 0.000000 0.000000
450000 3 G -161.096405 -0.090738 -92.894234 2.150000 0.000000 0.000000
450000 4 P -160.327972 -2.414772 -87.879570 2.110000 -1.000000 0.000000
450000 5 S -163.707703 -0.644967 -87.721870 1.800000 0.000000 0.000000
450000 6 G -165.534088 -2.191645 -90.207901 2.150000 0.000000 0.000000
450000 7 P -164.751083 -3.315523 -85.007767 2.110000 -1.000000 0.000000
450000 8 S -168.312378 -4.050432 -85.551376 1.800000 0.000000 0.000000
450000 9 G -168.107162 -5.382177 -88.598679 2.150000 0.000000 0.000000
450000 10 P -167.291809 -7.119160 -83.726273 2.110000 -1.000000 0.000000
450000 11 S -170.130676 -9.517923 -84.605003 1.800000 0.000000 0.000000
450000 12 C -169.685516 -11.005961 -87.759247 2.150000 0.000000 0.000000
450000 13 P -168.672699 -12.835372 -83.203949 2.110000 -1.000000 0.000000
450000 14 S -170.346252 -14.460682 -86.377953 1.800000 0.000000 0.000000
450000 15 G -173.003525 -14.206008 -84.130966 2.150000 0.000000 0.000000
450000 16 P -168.003662 -17.118494 -84.413506 2.110000 -1.000000 0.000000
450000 17 S -166.744812 -19.031368 -87.507446 1.800000 0.000000 0.000000
450000 18 C -169.862518 -19.233179 -88.836082 2.150000 0.000000 0.000000
450000 19 P -165.458130 -16.406059 -90.119141 2.110000 -1.000000 0.000000
450000 20 S -164.033813 -18.869743 -92.636375 1.800000 0.000000 0.000000
450000 21 A -166.015305 -21.178354 -94.534721 2.150000 0.000000 0.000000
450000 22 P -162.812744 -16.922035 -95.619690 2.110000 -1.000000 0.000000
450000 23 S -165.601501 -18.064756 -97.923508 1.800000 0.000000 0.000000
450000 24 A -167.891663 -16.263290 -96.318390 2.150000 0.000000 0.000000
450000 25 P -165.342133 -15.042836 -100.015228 2.110000 -1.000000 0.000000
450000 26 S -168.946869 -13.465196 -99.813515 1.800000 0.000000 0.000000
450000 27 G -168.555115 -12.263819 -96.397766 2.150000 0.000000 0.000000
450000 28 P -168.795517 -10.265643 -101.788139 2.110000 -1.000000 0.000000
450000 29 S -171.682083 -8.786758 -99.705956 1.800000 0.000000 0.000000
450000 30 C -169.823013 -7.813520 -96.965813 2.150000 0.000000 0.000000
450000 31 P -171.185684 -5.606575 -101.686935 2.110000 -1.000000 0.000000
450000 32 S -172.851196 -2.795386 -99.721222 1.800000 0.000000 0.000000
450000 33 C -170.084366 -3.577323 -97.780373 2.150000 0.000000 0.000000
450000 34 P -171.848450 0.705849 -101.607674 2.110000 -1.000000 0.000000
450000 35 S -171.442871 2.911948 -98.512817 1.800000 0.000000 0.000000
450000 36 U -168.391281 2.026050 -97.586098 2.150000 0.000000 0.000000
450000 37 P -170.058563 5.868003 -100.372124 2.110000 -1.000000 0.000000
455000 1 P -161.814331 10.356824 -92.306084 2.110000 -1.000000 1.000000
455000 2 S -165.091980 12.501760 -91.930634 1.800000 0.000000 0.000000
455000 3 G -166.855682 10.683141 -94.244804 2.150000 0.000000 0.000000
455000 4 P -166.187881 9.395979 -89.802650 2.110000 -1.000000 0.000000
455000 5 S -169.863297 10.152443 -89.984306 1.800000 0.000000 0.000000
455000 6 G -170.973343 8.694661 -92.791061 2.150000 0.000000 0.000000
455000 7 P -170.465912 6.979660 -88.087021 2.110000 -1.000000 0.000000
455000 8 S -174.035843 6.169587 -89.216759 1.800000 0.000000 0.000000
455000 9 G -173.909622 4.150161 -92.055107 2.150000 0.000000 0.000000
455000 10 P -173.455353 3.249153 -86.889824 2.110000 -1.000000 0.000000
455000 11 S -175.416428 0.268900 -88.472305 1.800000 0.000000 0.000000
455000 12 C -173.156845 0.043856 -91.058914 2.150000 0.000000 0.000000
455000 13 P -173.152664 -2.040745 -86.240662 2.110000 -1.000000 0.000000
455000 14 S -172.121429 -4.387342 -89.051598 1.800000 0.000000 0.000000
455000 15 G -169.048187 -2.845392 -90.313217 2.150000 0.000000 0.000000
455000 16 P -169.617813 -6.157454 -87.003441 2.110000 -1.000000 0.000000
455000 17 S -167.400772 -8.708086 -88.658066 1.800000 0.000000 0.000000
455000 18 C -164.595627 -7.290994 -86.891571 2.150000 0.000000 0.000000
455000 19 P -167.014832 -6.610566 -91.823128 2.110000 -1.000000 0.000000
455000 20 S -164.732101 -8.947082 -93.872269 1.800000 0.000000 0.000000
455000 21 A -167.827286 -9.914777 -94.793633 2.150000 0.000000 0.000000
455000 22 P -164.686432 -6.719738 -97.115585 2.110000 -1.000000 0.000000
455000 23 S -166.316696 -9.160969 -99.655693 1.800000 0.000000 0.000000
455000 24 A -163.112564 -9.499537 -101.227829 2.150000 0.000000 0.000000
455000 25 P -166.666275 -6.204162 -101.971130 2.110000 -1.000000 0.000000
455000 26 S -170.446671 -5.970718 -101.733025 1.800000 0.000000 0.000000
455000 27 G -170.735107 -4.562092 -98.625954 2.150000 0.000000 0.000000
455000 28 P -171.271881 -2.815879 -103.887321 2.110000 -1.000000 0.000000
455000 29 S -174.645844 -1.896617 -102.286125 1.800000 0.000000 0.000000
455000 30 C -173.309692 -1.333441 -98.980537 2.150000 0.000000 0.000000
455000 31 P -174.614059 1.620305 -103.860886 2.110000 -1.000000 0.000000
455000 32 S -177.215652 3.289201 -101.529510 1.800000 0.000000 0.000000
455000 33 C -174.877701 4.550014 -99.461082 2.150000 0.000000 0.000000
455000 34 P -176.991501 6.717977 -103.252785 2.110000 -1.000000 0.000000
455000 35 S -177.662094 9.201209 -100.486992 1.800000 0.000000 0.000000
455000 36 U -174.285034 9.513984 -98.905617 2.150000 0.000000 0.000000
455000 37 P -176.712128 11.862524 -103.117294 2.110000 -1.000000 0.000000
460000 1 P -168.263947 9.787863 -96.820305 2.110000 -1.000000 1.000000
460000 2 S -171.428116 11.264971 -95.119385 1.800000 0.000000 0.000000
460000 3 G -173.667313 9.435866 -97.255302 2.150000 0.000000 0.000000
460000 4 P -172.711609 9.144976 -92.375107 2.110000 -1.000000 0.000000
460000 5 S -176.511429 9.334596 -92.923355 1.800000 0.000000 0.000000
460000 6 G -177.301208 7.837979 -96.014374 2.150000 0.000000 0.000000
460000 7 P -176.476456 6.458741 -90.248055 2.110000 -1.000000 0.000000
460000 8 S -179.067932 4.085168 -91.496338 1.800000 0.000000 0.000000
460000 9 G -176.708069 3.381746 -94.017296 2.150000 0.000000 0.000000
460000 10 P -177.195343 1.801083 -88.974457 2.110000 -1.000000 0.000000
460000 11 S -177.162384 -1.959593 -89.565376 1.800000 0.000000 0.000000
460000 12 C -175.891251 -1.293179 -92.699341 2.150000 0.000000 0.000000
460000 13 P -174.335861 -3.620536 -87.629456 2.110000 -1.000000 0.000000
460000 14 S -173.002228 -6.560966 -89.755508 1.800000 0.000000 0.000000
460000 15 G -170.669556 -4.389845 -91.293251 2.150000 0.000000 0.000000
460000 16 P -169.724731 -7.788023 -87.943977 2.110000 -1.000000 0.000000
460000 17 S -168.916946 -10.346832 -90.515862 1.800000 0.000000 0.000000
460000 18 C -172.263321 -11.084637 -89.663322 2.150000 0.000000 0.000000
460000 19 P -169.148193 -7.747856 -93.477203 2.110000 -1.000000 0.000000
460000 20 S -166.771988 -10.130086 -95.044388 1.800000 0.000000 0.000000
460000 21 A -169.515503 -12.310851 -94.637497 2.150000 0.000000 0.000000
460000 22 P -168.044998 -7.952611 -98.152802 2.110000 -1.000000 0.000000
460000 23 S -168.113052 -10.686928 -100.929039 1.800000 0.000000 0.000000
460000 24 A -170.917206 -11.375155 -98.873009 2.150000 0.000000 0.000000
460000 25 P -169.800430 -8.101728 -103.290565 2.110000 -1.000000 0.000000
460000 26 S -173.367462 -8.652356 -102.213005 1.800000 0.000000 0.000000
460000 27 G -172.535294 -6.796539 -99.429260 2.150000 0.000000 0.000000
460000 28 P -175.017426 -6.191927 -104.600632 2.110000 -1.000000 0.000000
460000 29 S -178.039536 -4.616577 -103.145226 1.800000 0.000000 0.000000
460000 30 C -176.241714 -2.599367 -101.043991 2.150000 0.000000 0.000000
460000 31 P -178.353500 -1.887274 -105.860992 2.110000 -1.000000 0.000000
460000 32 S -181.399155 -0.174935 -104.166969 1.800000 0.000000 0.000000
460000 33 C -179.111404 1.317241 -101.843941 2.150000 0.000000 0.000000
460000 34 P -181.541580 2.866219 -106.423523 2.110000 -1.000000 0.000000
460000 35 S -183.081558 5.649612 -104.030403 1.800000 0.000000 0.000000
460000 36 U -180.259262 6.025167 -102.159126 2.150000 0.000000 0.000000
460000 37 P -181.841522 8.571741 -106.203728 2.110000 -1.000000 0.000000
465000 1 P -163.182770 6.900514 -92.073334 2.110000 -1.000000 1.000000
465000 2 S -166.327728 9.032515 -91.942177 1.800000 0.000000 0.000000
465000 3 G -167.690094 6.927540 -94.442055 2.150000 0.000000 0.000000
465000 4 P -167.430573 7.244357 -88.599709 2.110000 -1.000000 0.000000
465000 5 S -171.058060 7.632650 -89.548103 1.800000 0.000000 0.000000
465000 6 G -170.932053 4.762311 -91.462906 2.150000 0.000000 0.000000
465000 7 P -172.647018 5.522951 -86.904831 2.110000 -1.000000 0.000000
465000 8 S -176.259003 4.601071 -88.543091 1.800000 0.000000 0.000000
465000 9 G -175.229538 2.704969 -91.407829 2.150000 0.000000 0.000000
465000 10 P -175.118271 2.269760 -85.698982 2.110000 -1.000000 0.000000
465000 11 S -176.145599 -1.170157 -87.303833 1.800000 0.000000 0.000000
465000 12 C -175.671341 -1.426791 -90.665909 2.150000 0.000000 0.000000
465000 13 P -173.716309 -1.784875 -84.200562 2.110000 -1.000000 0.000000
465000 14 S -172.437363 -4.659218 -86.542763 1.800000 0.000000 0.000000
465000 15 G -171.347900 -1.595343 -87.836571 2.150000 0.000000 0.000000
465000 16 P -169.226059 -4.256752 -84.313538 2.110000 -1.000000 0.000000
465000 17 S -166.703262 -5.311811 -86.995529 1.800000 0.000000 0.000000
465000 18 C -167.490417 -8.801612 -87.154030 2.150000 0.000000 0.000000
465000 19 P -167.889008 -3.524584 -89.857483 2.110000 -1.000000 0.000000
465000 20 S -164.349686 -4.603004 -90.959450 1.800000 0.000000 0.000000
465000 21 A -165.675140 -7.673651 -91.494774 2.150000 0.000000 0.000000
465000 22 P -165.607773 -2.985201 -94.051270 2.110000 -1.000000 0.000000
465000 23 S -163.816574 -5.555473 -96.320877 1.800000 0.000000 0.000000
465000 24 A -165.493301 -8.417527 -95.760689 2.150000 0.000000 0.000000
465000 25 P -165.553711 -4.607323 -99.186615 2.110000 -1.000000 0.000000
465000 26 S -168.151688 -7.431447 -98.737823 1.800000 0.000000 0.000000
465000 27 G -169.240982 -6.680921 -95.479408 2.150000 0.000000 0.000000
465000 28 P -170.307343 -5.552487 -101.438797 2.110000 -1.000000 0.000000
465000 29 S -173.648590 -6.408959 -99.616089 1.800000 0.000000 0.000000
465000 30 C -174.145737 -4.234533 -97.102173 2.150000 0.000000 0.000000
465000 31 P -174.942001 -3.502612 -101.770889 2.110000 -1.000000 0.000000
465000 32 S -177.360977 -1.691109 -99.264732 1.800000 0.000000 0.000000
465000 33 C -174.273819 -0.664120 -97.921829 2.150000 0.000000 0.000000
465000 34 P -177.806107 1.157236 -101.969261 2.110000 -1.000000 0.000000
465000 35 S -178.342331 3.739829 -99.494316 1.800000 0.000000 0.000000
465000 36 U -175.654556 3.781854 -97.406067 2.150000 0.000000 0.000000
465000 37 P -178.323395 6.709798 -102.136871 2.110000 -1.000000 0.000000
470000 1 P -170.658279 2.219799 -93.574722 2.110000 -1.000000 1.000000
470000 2 S -174.125259 4.208966 -93.252098 1.800000 0.000000 0.000000
470000 3 G -176.455017 2.777078 -95.313934 2.150000 0.000000 0.000000
470000 4 P -174.423645 2.765049 -89.937157 2.110000 -1.000000 0.000000
470000 5 S -178.177780 2.537938 -90.141411 1.800000 0.000000 0.000000
470000 6 G -179.305130 -0.272972 -91.559547 2.150000 0.000000 0.000000
470000 7 P -179.255112 0.254837 -87.327171 2.110000 -1.000000 0.000000
470000 8 S -182.390015 -1.621577 -88.482277 1.800000 0.000000 0.000000
470000 9 G -181.875198 -3.689494 -91.149681 2.150000 0.000000 0.000000
470000 10 P -181.105728 -3.337969 -85.173241 2.110000 -1.000000 0.000000
470000 11 S -182.138992 -6.893989 -86.073868 1.800000 0.000000 0.000000
470000 12 C -180.236435 -7.096406 -89.049294 2.150000 0.000000 0.000000
470000 13 P -179.577332 -6.640543 -82.843338 2.110000 -1.000000 0.000000
470000 14 S -178.615753 -10.022486 -83.878456 1.800000 0.000000 0.000000
470000 15 G -177.396332 -8.520637 -86.633179 2.150000 0.000000 0.000000
470000 16 P -176.133530 -9.040895 -81.002792 2.110000 -1.000000 0.000000
470000 17 S -173.428101 -11.542849 -82.412079 1.800000 0.000000 0.000000
470000 18 C -170.669312 -10.302485 -80.591995 2.150000 0.000000 0.000000
470000 19 P -173.033951 -9.913308 -85.819221 2.110000 -1.000000 0.000000
470000 20 S -169.825836 -11.686274 -86.797592 1.800000 0.000000 0.000000
470000 21 A -171.551483 -14.559402 -86.010826 2.150000 0.000000 0.000000
470000 22 P -169.916367 -11.215277 -90.549019 2.110000 -1.000000 0.000000
470000 23 S -168.371140 -14.133318 -92.267052 1.800000 0.000000 0.000000
470000 24 A -171.405380 -15.312420 -91.656197 2.150000 0.000000 0.000000
470000 25 P -169.244202 -13.048500 -95.888283 2.110000 -1.000000 0.000000
470000 26 S -172.735886 -14.303315 -95.014801 1.800000 0.000000 0.000000
470000 27 G -173.107620 -11.496311 -93.025467 2.150000 0.000000 0.000000
470000 28 P -173.765808 -12.769288 -98.439949 2.110000 -1.000000 0.000000
470000 29 S -177.445328 -12.781861 -97.662827 1.800000 0.000000 0.000000
470000 30 C -179.385071 -11.063794 -95.325012 2.150000 0.000000 0.000000
470000 31 P -179.111206 -11.133496 -100.620834 2.110000 -1.000000 0.000000
470000 32 S -182.225510 -9.408685 -99.142258 1.800000 0.000000 0.000000
470000 33 C -180.685928 -6.932895 -97.324814 2.150000 0.000000 0.000000
470000 34 P -183.064072 -7.417740 -102.287247 2.110000 -1.000000 0.000000
470000 35 S -184.589371 -4.920461 -99.787018 1.800000 0.000000 0.000000
470000 36 U -181.408524 -3.653896 -99.184090 2.150000 0.000000 0.000000
470000 37 P -184.858917 -2.747073 -103.091461 2.110000 -1.000000 0.000000
475000 1 P -177.764771 1.653592 -94.197151 2.110000 -1.000000 1.000000
475000 2 S -181.452026 1.040476 -94.072243 1.800000 0.000000 0.000000
475000 3 G -181.650894 -1.998381 -96.313255 2.150000 0.000000 0.000000
475000 4 P -181.492004 -0.286080 -90.614304 2.110000 -1.000000 0.000000
475000 5 S -183.711411 -3.446150 -90.105354 1.800000 0.000000 0.000000
475000 6 G -182.209366 -6.016739 -91.885559 2.150000 0.000000 0.000000
475000 7 P -182.189911 -4.464241 -86.706078 2.110000 -1.000000 0.000000
475000 8 S -184.140930 -7.783653 -86.861725 1.800000 0.000000 0.000000
475000 9 G -182.648117 -9.728785 -89.363434 2.150000 0.000000 0.000000
475000 10 P -181.820450 -8.873976 -84.051155 2.110000 -1.000000 0.000000
475000 11 S -181.461029 -12.587360 -84.758392 1.800000 0.000000 0.000000
475000 12 C -179.680573 -12.539562 -87.770096 2.150000 0.000000 0.000000
475000 13 P -178.530151 -12.160038 -82.704353 2.110000 -1.000000 0.000000
475000 14 S -176.322449 -14.831534 -84.265739 1.800000 0.000000 0.000000
475000 15 G -175.576691 -13.410621 -87.478828 2.150000 0.000000 0.000000
475000 16 P -173.476990 -13.232428 -82.122543 2.110000 -1.000000 0.000000
475000 17 S -170.553177 -13.729334 -84.694328 1.800000 0.000000 0.000000
475000 18 C -167.916489 -11.915958 -83.351601 2.150000 0.000000 0.000000
475000 19 P -171.768997 -11.406369 -87.179504 2.110000 -1.000000 0.000000
475000 20 S -169.235184 -12.330194 -89.935669 1.800000 0.000000 0.000000
475000 21 A -166.567535 -10.651638 -88.162468 2.150000 0.000000 0.000000
475000 22 P -170.079147 -10.852210 -93.533211 2.110000 -1.000000 0.000000
475000 23 S -168.085373 -13.562665 -95.131989 1.800000 0.000000 0.000000
475000 24 A -165.898544 -11.004960 -96.504082 2.150000 0.000000 0.000000
475000 25 P -170.240952 -13.193278 -98.006035 2.110000 -1.000000 0.000000
475000 26 S -171.862061 -16.062313 -96.084152 1.800000 0.000000 0.000000
475000 27 G -172.982010 -13.885578 -93.735435 2.150000 0.000000 0.000000
475000 28 P -174.276199 -15.785673 -99.064621 2.110000 -1.000000 0.000000
475000 29 S -177.059799 -17.230978 -96.994164 1.800000 0.000000 0.000000
475000 30 C -177.811737 -14.179464 -95.058891 2.150000 0.000000 0.000000
475000 31 P -178.927734 -16.720480 -100.347694 2.110000 -1.000000 0.000000
475000 32 S -182.282913 -15.685425 -98.762108 1.800000 0.000000 0.000000
475000 33 C -180.982101 -12.546391 -97.682663 2.150000 0.000000 0.000000
475000 34 P -184.211899 -14.204048 -101.753937 2.110000 -1.000000 0.000000
475000 35 S -186.754959 -12.543003 -99.613739 1.800000 0.000000 0.000000
475000 36 U -183.968918 -10.119989 -98.923340 2.150000 0.000000 0.000000
475000 37 P -188.781128 -9.876397 -101.699539 2.110000 -1.000000 0.000000
480000 1 P -179.154816 -0.120100 -86.537086 2.110000 -1.000000 1.000000
480000 2 S -182.156876 -1.694428 -84.560532 1.800000 0.000000 0.000000
480000 3 G -181.822128 -4.501021 -86.314682 2.150000 0.000000 0.000000
480000 4 P -179.895950 -2.366940 -81.537636 2.110000 -1.000000 0.000000
480000 5 S -181.738525 -5.234418 -80.310432 1.800000 0.000000 0.000000
480000 6 G -180.884216 -7.359773 -82.776459 2.150000 0.000000 0.000000
480000 7 P -178.848267 -6.492743 -78.035934 2.110000 -1.000000 0.000000
480000 8 S -180.452255 -9.922883 -78.426392 1.800000 0.000000 0.000000
480000 9 G -179.467316 -11.229713 -81.556175 2.150000 0.000000 0.000000
480000 10 P -177.845840 -11.741060 -76.211899 2.110000 -1.000000 0.000000
480000 11 S -178.259689 -15.430929 -77.391991 1.800000 0.000000 0.000000
480000 12 C -176.104218 -15.708997 -80.017151 2.150000 0.000000 0.000000
480000 13 P -174.921524 -15.140380 -75.567123 2.110000 -1.000000 0.000000
480000 14 S -172.689682 -16.419943 -78.295288 1.800000 0.000000 0.000000
480000 15 G -172.337372 -13.689097 -80.472229 2.150000 0.000000 0.000000
480000 16 P -169.871536 -14.993857 -76.030579 2.110000 -1.000000 0.000000
480000 17 S -166.560532 -14.335352 -77.673820 1.800000 0.000000 0.000000
480000 18 C -166.205276 -17.417711 -79.309776 2.150000 0.000000 0.000000
480000 19 P -167.314713 -12.315090 -80.560059 2.110000 -1.000000 0.000000
480000 20 S -164.874863 -14.455335 -82.763214 1.800000 0.000000 0.000000
480000 21 A -167.880157 -16.066799 -82.558434 2.150000 0.000000 0.000000
480000 22 P -166.140350 -13.483414 -86.155617 2.110000 -1.000000 0.000000
480000 23 S -165.649277 -16.804602 -88.222412 1.800000 0.000000 0.000000
480000 24 A -168.209167 -18.215023 -86.405197 2.150000 0.000000 0.000000
480000 25 P -167.688049 -15.352476 -91.112091 2.110000 -1.000000 0.000000
480000 26 S -170.335739 -18.239704 -90.393532 1.800000 0.000000 0.000000
480000 27 G -171.573486 -16.296862 -87.682709 2.150000 0.000000 0.000000
480000 28 P -173.423920 -17.904491 -92.567566 2.110000 -1.000000 0.000000
480000 29 S -175.526855 -19.119762 -89.819397 1.800000 0.000000 0.000000
480000 30 C -175.889679 -16.290237 -87.720055 2.150000 0.000000 0.000000
480000 31 P -178.573364 -18.240236 -91.855843 2.110000 -1.000000 0.000000
480000 32 S -181.106369 -17.963545 -89.233429 1.800000 0.000000 0.000000
480000 33 C -180.095596 -14.886421 -87.464813 2.150000 0.000000 0.000000
480000 34 P -184.358398 -16.749388 -90.593056 2.110000 -1.000000 0.000000
480000 35 S -185.472092 -16.398680 -86.875237 1.800000 0.000000 0.000000
480000 36 U -183.603394 -13.505072 -85.918228 2.150000 0.000000 0.000000
480000 37 P -188.197189 -14.479179 -88.861801 2.110000 -1.000000 0.000000
485000 1 P -176.195877 -3.602225 -73.635826 2.110000 -1.000000 1.000000
485000 2 S -179.649734 -3.999834 -71.740067 1.800000 0.000000 0.000000
485000 3 G -180.969162 -6.120166 -74.360466 2.150000 0.000000 0.000000
485000 4 P -177.865128 -6.616282 -69.585587 2.110000 -1.000000 0.000000
485000 5 S -181.606049 -7.771948 -69.263145 1.800000 0.000000 0.000000
485000 6 G -180.981079 -9.919382 -71.911766 2.150000 0.000000 0.000000
485000 7 P -179.515564 -10.483259 -67.258171 2.110000 -1.000000 0.000000
485000 8 S -181.431885 -13.616264 -68.385307 1.800000 0.000000 0.000000
485000 9 G -180.278564 -13.698833 -71.657173 2.150000 0.000000 0.000000
485000 10 P -178.420212 -15.351989 -66.755272 2.110000 -1.000000 0.000000
485000 11 S -178.151810 -18.801910 -68.310165 1.800000 0.000000 0.000000
485000 12 C -177.180664 -17.432852 -71.390671 2.150000 0.000000 0.000000
485000 13 P -174.718292 -19.527428 -67.681419 2.110000 -1.000000 0.000000
485000 14 S -173.387192 -21.223824 -70.938980 1.800000 0.000000 0.000000
485000 15 G -173.426300 -18.132704 -72.905113 2.150000 0.000000 0.000000
485000 16 P -170.147018 -21.016396 -68.814743 2.110000 -1.000000 0.000000
485000 17 S -167.390747 -22.023785 -71.181839 1.800000 0.000000 0.000000
485000 18 C -170.070023 -23.839209 -72.245880 2.150000 0.000000 0.000000
485000 19 P -168.030884 -19.039101 -73.363525 2.110000 -1.000000 0.000000
485000 20 S -165.715775 -20.308474 -76.026016 1.800000 0.000000 0.000000
485000 21 A -167.537476 -23.210878 -76.625587 2.150000 0.000000 0.000000
485000 22 P -167.486710 -18.115574 -78.704483 2.110000 -1.000000 0.000000
485000 23 S -167.952118 -20.877554 -81.327164 1.800000 0.000000 0.000000
485000 24 A -170.396011 -22.214289 -79.153214 2.150000 0.000000 0.000000
485000 25 P -169.852966 -18.203650 -83.358757 2.110000 -1.000000 0.000000
485000 26 S -173.100601 -19.870113 -82.456139 1.800000 0.000000 0.000000
485000 27 G -172.894669 -18.099993 -79.460693 2.150000 0.000000 0.000000
485000 28 P -175.703003 -17.659880 -83.974197 2.110000 -1.000000 0.000000
485000 29 S -178.051590 -20.102486 -82.095947 1.800000 0.000000 0.000000
485000 30 C -177.786972 -18.680305 -78.711899 2.150000 0.000000 0.000000
485000 31 P -181.211182 -18.149969 -83.000473 2.110000 -1.000000 0.000000
485000 32 S -183.320282 -18.969118 -79.903236 1.800000 0.000000 0.000000
485000 33 C -182.039185 -16.410427 -77.913979 2.150000 0.000000 0.000000
485000 34 P -186.362823 -16.880791 -81.445839 2.110000 -1.000000 0.000000
485000 35 S -187.270782 -16.312555 -77.713493 1.800000 0.000000 0.000000
485000 36 U -185.549576 -13.623122 -76.508308 2.150000 0.000000 0.000000
485000 37 P -190.096191 -13.905225 -78.863510 2.110000 -1.000000 0.000000
490000 1 P -175.480850 -7.122324 -73.583214 2.110000 -1.000000 1.000000
490000 2 S -178.763443 -7.182710 -71.950119 1.800000 0.000000 0.000000
490000 3 G -179.455643 -10.161379 -73.475433 2.150000 0.000000 0.000000
490000 4 P -177.125031 -8.470010 -68.674866 2.110000 -1.000000 0.000000
490000 5 S -179.357193 -11.182180 -67.155151 1.800000 0.000000 0.000000
490000 6 G -180.262238 -12.807054 -70.017235 2.150000 0.000000 0.000000
490000 7 P -177.167603 -13.062001 -64.910271 2.110000 -1.000000 0.000000
490000 8 S -178.701126 -16.653536 -64.812790 1.800000 0.000000 0.000000
490000 9 G -178.094070 -18.432156 -67.838135 2.150000 0.000000 0.000000
490000 10 P -175.307297 -17.326967 -63.108883 2.110000 -1.000000 0.000000
490000 11 S -174.901260 -21.051422 -64.207031 1.800000 0.000000 0.000000
490000 12 C -174.720963 -20.365641 -67.694153 2.150000 0.000000 0.000000
490000 13 P -171.758759 -19.750669 -62.612312 2.110000 -1.000000 0.000000
490000 14 S -169.777969 -21.706469 -65.259804 1.800000 0.000000 0.000000
490000 15 G -170.134811 -18.765999 -67.276009 2.150000 0.000000 0.000000
490000 16 P -166.188156 -20.900558 -64.325066 2.110000 -1.000000 0.000000
490000 17 S -165.242676 -21.864866 -67.939957 1.800000 0.000000 0.000000
490000 18 C -167.815948 -24.226696 -68.637863 2.150000 0.000000 0.000000
490000 19 P -165.954575 -18.530056 -69.566551 2.110000 -1.000000 0.000000
490000 20 S -165.042862 -19.590775 -73.099228 1.800000 0.000000 0.000000
490000 21 A -161.880219 -18.497654 -72.666046 2.150000 0.000000 0.000000
490000 22 P -166.890930 -16.586281 -74.232780 2.110000 -1.000000 0.000000
490000 23 S -167.610413 -18.536280 -77.287453 1.800000 0.000000 0.000000
490000 24 A -169.931549 -20.717552 -76.558289 2.150000 0.000000 0.000000
490000 25 P -169.723038 -16.788799 -79.893463 2.110000 -1.000000 0.000000
490000 26 S -171.789490 -19.957327 -79.559212 1.800000 0.000000 0.000000
490000 27 G -173.417801 -19.831894 -76.326828 2.150000 0.000000 0.000000
490000 28 P -175.179138 -20.089560 -81.261101 2.110000 -1.000000 0.000000
490000 29 S -176.918488 -22.843714 -79.090935 1.800000 0.000000 0.000000
490000 30 C -177.131836 -21.368011 -76.105629 2.150000 0.000000 0.000000
490000 31 P -180.290482 -21.705275 -80.548996 2.110000 -1.000000 0.000000
490000 32 S -183.019516 -22.038809 -77.915123 1.800000 0.000000 0.000000
490000 33 C -181.437973 -19.690311 -75.736801 2.150000 0.000000 0.000000
490000 34 P -186.103729 -20.389507 -79.520393 2.110000 -1.000000 0.000000
490000 35 S -187.242783 -18.979149 -76.060417 1.800000 0.000000 0.000000
490000 36 U -184.526001 -17.098312 -75.709915 2.150000 0.000000 0.000000
490000 37 P -190.009018 -16.717051 -77.773788 2.110000 -1.000000 0.000000
495000 1 P -183.921051 -10.121972 -74.368340 2.110000 -1.000000 1.000000
495000 2 S -185.890030 -12.272519 -72.113274 1.800000 0.000000 0.000000
495000 3 G -184.380280 -15.127168 -73.544022 2.150000 0.000000 0.000000
495000 4 P -183.259247 -12.514001 -69.552238 2.110000 -1.000000 0.000000
495000 5 S -184.140320 -16.239519 -69.003166 1.800000 0.000000 0.000000
495000 6 G -182.079147 -17.604925 -71.186943 2.150000 0.000000 0.000000
495000 7 P -181.661163 -17.713850 -66.773483 2.110000 -1.000000 0.000000
495000 8 S -182.453415 -20.989859 -68.015091 1.800000 0.000000 0.000000
495000 9 G -180.351791 -20.999321 -70.617424 2.150000 0.000000 0.000000
495000 10 P -179.178528 -20.923260 -65.704544 2.110000 -1.000000 0.000000
495000 11 S -177.487549 -24.026525 -67.327705 1.800000 0.000000 0.000000
495000 12 C -176.283234 -21.966713 -70.031601 2.150000 0.000000 0.000000
495000 13 P -174.977676 -21.964895 -65.164742 2.110000 -1.000000 0.000000
495000 14 S -171.925461 -23.003281 -67.306931 1.800000 0.000000 0.000000
495000 15 G -172.693878 -20.641369 -69.950851 2.150000 0.000000 0.000000
495000 16 P -168.982391 -20.981373 -65.515961 2.110000 -1.000000 0.000000
495000 17 S -166.683105 -21.015850 -68.625824 1.800000 0.000000 0.000000
495000 18 C -167.799759 -24.270678 -69.195946 2.150000 0.000000 0.000000
495000 19 P -168.486023 -18.824709 -71.159462 2.110000 -1.000000 0.000000
495000 20 S -166.174515 -19.329222 -74.090424 1.800000 0.000000 0.000000
495000 21 A -163.791306 -16.906439 -72.906715 2.150000 0.000000 0.000000
495000 22 P -167.992096 -17.696251 -77.218948 2.110000 -1.000000 0.000000
495000 23 S -167.503052 -21.237616 -79.092934 1.800000 0.000000 0.000000
495000 24 A -170.088257 -21.247704 -76.872162 2.150000 0.000000 0.000000
495000 25 P -170.045410 -21.142378 -81.796013 2.110000 -1.000000 0.000000
495000 26 S -171.509079 -24.671408 -81.106514 1.800000 0.000000 0.000000
495000 27 G -172.892136 -23.433325 -78.189774 2.150000 0.000000 0.000000
495000 28 P -174.807083 -24.535610 -83.327049 2.110000 -1.000000 0.000000
495000 29 S -176.419769 -26.739241 -80.588181 1.800000 0.000000 0.000000
495000 30 C -176.980957 -24.017344 -78.458519 2.150000 0.000000 0.000000
495000 31 P -180.031418 -26.639856 -81.712952 2.110000 -1.000000 0.000000
495000 32 S -181.124008 -27.464506 -78.231766 1.800000 0.000000 0.000000
495000 33 C -181.248917 -24.070145 -77.436249 2.150000 0.000000 0.000000
495000 34 P -184.162735 -27.048901 -80.220856 2.110000 -1.000000 0.000000
495000 35 S -186.757919 -26.489056 -77.500504 1.800000 0.000000 0.000000
495000 36 U -186.705399 -23.233311 -76.163803 2.150000 0.000000 0.000000
495000 37 P -189.001892 -25.868399 -80.566132 2.110000 -1.000000 0.000000
500000 1 P -177.515747 -6.875951 -78.071541 2.110000 -1.000000 1.000000
500000 2 S -180.776642 -8.754471 -77.477417 1.800000 0.000000 0.000000
500000 3 G -180.748978 -11.479016 -79.778160 2.150000 0.000000 0.000000
500000 4 P -179.453827 -10.539513 -74.341980 2.110000 -1.000000 0.000000
500000 5 S -181.534714 -13.745489 -74.773170 1.800000 0.000000 0.000000
500000 6 G -180.448822 -15.151951 -77.869690 2.150000 0.000000 0.000000
500000 7 P -179.094620 -14.705641 -71.976440 2.110000 -1.000000 0.000000
500000 8 S -179.275864 -18.214060 -73.006729 1.800000 0.000000 0.000000
500000 9 G -177.892914 -18.288456 -76.389954 2.150000 0.000000 0.000000
500000 10 P -176.645691 -17.901308 -70.364754 2.110000 -1.000000 0.000000
500000 11 S -174.010757 -20.527035 -70.485863 1.800000 0.000000 0.000000
500000 12 C -172.189209 -19.140476 -72.682449 2.150000 0.000000 0.000000
500000 13 P -171.801437 -18.625435 -68.171036 2.110000 -1.000000 0.000000
500000 14 S -168.848785 -18.916540 -70.642456 1.800000 0.000000 0.000000
500000 15 G -169.129303 -16.540335 -73.259735 2.150000 0.000000 0.000000
500000 16 P -167.505783 -16.462086 -68.031792 2.110000 -1.000000 0.000000
500000 17 S -163.737823 -16.420067 -69.154488 1.800000 0.000000 0.000000
500000 18 C -162.157700 -14.406871 -67.122757 2.150000 0.000000 0.000000
500000 19 P -163.885986 -14.551232 -72.402420 2.110000 -1.000000 0.000000
500000 20 S -160.931076 -15.661602 -74.702423 1.800000 0.000000 0.000000
500000 21 A -162.833923 -18.469038 -74.300453 2.150000 0.000000 0.000000
500000 22 P -162.584183 -14.789046 -78.122810 2.110000 -1.000000 0.000000
500000 23 S -161.730194 -18.195856 -79.464394 1.800000 0.000000 0.000000
500000 24 A -158.427368 -17.181860 -80.413513 2.150000 0.000000 0.000000
500000 25 P -163.190872 -18.122156 -82.859421 2.110000 -1.000000 0.000000
500000 26 S -164.739227 -21.337727 -81.994690 1.800000 0.000000 0.000000
500000 27 G -167.027618 -19.421898 -80.027245 2.150000 0.000000 0.000000
500000 28 P -166.848190 -20.654503 -85.172203 2.110000 -1.000000 0.000000
500000 29 S -169.938370 -22.945326 -83.906662 1.800000 0.000000 0.000000
500000 30 C -171.258041 -21.435173 -81.140945 2.150000 0.000000 0.000000
500000 31 P -172.434143 -22.023832 -86.622116 2.110000 -1.000000 0.000000
500000 32 S -174.482208 -23.897696 -83.969902 1.800000 0.000000 0.000000
500000 33 C -174.931000 -21.039555 -81.908623 2.150000 0.000000 0.000000
500000 34 P -177.577652 -23.398289 -85.932579 2.110000 -1.000000 0.000000
500000 35 S -179.846985 -23.169266 -82.696098 1.800000 0.000000 0.000000
500000 36 U -179.468399 -19.939659 -81.512848 2.150000 0.000000 0.000000
500000 37 P -182.913788 -21.711983 -84.087761 2.110000 -1.000000 0.000000
