380000 1 P -157.008469 -5.043609 -91.484741 2.110000 -1.000000 1.000000
380000 2 S -160.678391 -6.488369 -92.052490 1.800000 0.000000 0.000000
380000 3 G -160.894424 -9.317952 -89.810150 2.150000 0.000000 0.000000
380000 4 P -162.169098 -4.108674 -89.476753 2.110000 -1.000000 0.000000
380000 5 S -164.989365 -6.659376 -88.308731 1.800000 0.000000 0.000000
380000 6 G -163.408554 -9.519685 -87.098938 2.150000 0.000000 0.000000
380000 7 P -165.561966 -3.812520 -85.693375 2.110000 -1.000000 0.000000
380000 8 S -166.115829 -6.670055 -83.185005 1.800000 0.000000 0.000000
380000 9 G -162.904129 -7.375237 -82.437767 2.150000 0.000000 0.000000
380000 10 P -166.316223 -3.881233 -80.483574 2.110000 -1.000000 0.000000
380000 11 S -165.097397 -6.367316 -77.731979 1.800000 0.000000 0.000000
380000 12 C -162.026016 -7.848065 -78.266273 2.150000 0.000000 0.000000
380000 13 P -163.798950 -3.263110 -75.658768 2.110000 -1.000000 0.000000
380000 14 S -160.496582 -5.088723 -75.567223 1.800000 0.000000 0.000000
380000 15 G -158.748520 -5.333629 -78.662651 2.150000 0.000000 0.000000
380000 16 P -158.086472 -2.579669 -73.574738 2.110000 -1.000000 0.000000
380000 17 S -155.465530 -4.198799 -75.658546 1.800000 0.000000 0.000000
380000 18 C -156.309555 -2.243228 -78.380783 2.150000 0.000000 0.000000
380000 19 P -153.312195 -0.938137 -74.910172 2.110000 -1.000000 0.000000
380000 20 S -150.093704 -2.439083 -76.156197 1.800000 0.000000 0.000000
380000 21 A -150.486603 -5.721473 -74.692749 2.150000 0.000000 0.000000
380000 22 P -151.159378 -3.769117 -79.453697 2.110000 -1.000000 0.000000
380000 23 S -148.081955 -5.906200 -78.250313 1.800000 0.000000 0.000000
380000 24 A -146.216736 -3.020901 -79.296425 2.150000 0.000000 0.000000
380000 25 P -148.509811 -8.493926 -81.084343 2.110000 -1.000000 0.000000
380000 26 S -150.206818 -10.679167 -78.460991 1.800000 0.000000 0.000000
380000 27 G -153.473145 -9.306219 -79.217758 2.150000 0.000000 0.000000
380000 28 P -150.971390 -14.080735 -79.902687 2.110000 -1.000000 0.000000
380000 29 S -154.168747 -15.109947 -78.150658 1.800000 0.000000 0.000000
380000 30 C -156.326004 -12.796665 -79.746780 2.150000 0.000000 0.000000
380000 31 P -154.865143 -18.211243 -79.973152 2.110000 -1.000000 0.000000
380000 32 S -158.779419 -18.295631 -80.183060 1.800000 0.000000 0.000000
380000 33 C -159.355087 -15.867641 -82.445427 2.150000 0.000000 0.000000
380000 34 P -159.064819 -21.165333 -82.804810 2.110000 -1.000000 0.000000
380000 35 S -162.130920 -20.190182 -84.922607 1.800000 0.000000 0.000000
380000 36 U -162.045700 -17.366127 -86.808823 2.150000 0.000000 0.000000
380000 37 P -162.421936 -22.456507 -88.108047 2.110000 -1.000000 0.000000
385000 1 P -150.407684 -2.168057 -101.825272 2.110000 -1.000000 1.000000
385000 2 S -153.856888 -3.873597 -102.731705 1.800000 0.000000 0.000000
385000 3 G -153.610733 -6.729776 -100.798126 2.150000 0.000000 0.000000
385000 4 P -156.791489 -2.588779 -100.759903 2.110000 -1.000000 0.000000
385000 5 S -158.394394 -5.976624 -100.573784 1.800000 0.000000 0.000000
385000 6 G -157.540314 -7.566269 -97.620605 2.150000 0.000000 0.000000
385000 7 P -160.956238 -4.761733 -97.939789 2.110000 -1.000000 0.000000
385000 8 S -161.785736 -7.756758 -95.718300 1.800000 0.000000 0.000000
385000 9 G -158.799438 -7.174925 -93.976494 2.150000 0.000000 0.000000
385000 10 P -163.372818 -5.173842 -93.070686 2.110000 -1.000000 0.000000
385000 11 S -163.655518 -6.017287 -89.389824 1.800000 0.000000 0.000000
385000 12 C -160.582001 -6.424057 -88.282837 2.150000 0.000000 0.000000
385000 13 P -163.857468 -1.989898 -89.593826 2.110000 -1.000000 0.000000
385000 14 S -162.861832 -1.718238 -86.119514 1.800000 0.000000 0.000000
385000 15 G -159.710175 -2.767002 -86.037491 2.150000 0.000000 0.000000
385000 16 P -161.691177 1.480166 -85.515045 2.110000 -1.000000 0.000000
385000 17 S -158.649628 0.716374 -83.350647 1.800000 0.000000 0.000000
385000 18 C -156.668762 0.115335 -85.946030 2.150000 0.000000 0.000000
385000 19 P -157.302261 4.256181 -82.376266 2.110000 -1.000000 0.000000
385000 20 S -153.848862 3.116984 -81.257881 1.800000 0.000000 0.000000
385000 21 A -151.524628 5.847849 -81.002312 2.150000 0.000000 0.000000
385000 22 P -151.761963 1.485780 -84.169189 2.110000 -1.000000 0.000000
385000 23 S -149.822861 -0.421071 -81.437645 1.800000 0.000000 0.000000
385000 24 A -152.944824 -2.275233 -81.113388 2.150000 0.000000 0.000000
385000 25 P -147.877777 -3.316097 -82.993332 2.110000 -1.000000 0.000000
385000 26 S -150.399796 -6.088583 -81.987144 1.800000 0.000000 0.000000
385000 27 G -152.561874 -5.209326 -84.430550 2.150000 0.000000 0.000000
385000 28 P -149.193802 -9.069967 -84.192970 2.110000 -1.000000 0.000000
385000 29 S -152.260468 -11.374214 -84.547668 1.800000 0.000000 0.000000
385000 30 C -153.728287 -9.267632 -86.820160 2.150000 0.000000 0.000000
385000 31 P -150.846878 -13.565631 -87.233437 2.110000 -1.000000 0.000000
385000 32 S -154.101822 -14.786901 -88.768097 1.800000 0.000000 0.000000
385000 33 C -154.135849 -11.995884 -90.939186 2.150000 0.000000 0.000000
385000 34 P -151.717987 -16.633350 -91.170708 2.110000 -1.000000 0.000000
385000 35 S -153.573715 -16.574781 -94.435501 1.800000 0.000000 0.000000
385000 36 U -152.389511 -13.410114 -95.056686 2.150000 0.000000 0.000000
385000 37 P -150.615814 -17.342112 -96.799706 2.110000 -1.000000 0.000000
390000 1 P -154.409912 -5.048712 -104.098793 2.110000 -1.000000 1.000000
390000 2 S -156.391251 -8.269120 -104.078262 1.800000 0.000000 0.000000
390000 3 G -154.860199 -9.735365 -101.241585 2.150000 0.000000 0.000000
390000 4 P -159.403473 -7.143589 -101.987640 2.110000 -1.000000 0.000000
390000 5 S -160.254166 -10.230594 -99.895927 1.800000 0.000000 0.000000
390000 6 G -157.621658 -9.955989 -97.471306 2.150000 0.000000 0.000000
390000 7 P -162.206467 -7.843959 -97.578064 2.110000 -1.000000 0.000000
390000 8 S -162.115097 -10.136094 -94.682098 1.800000 0.000000 0.000000
390000 9 G -158.759521 -9.207807 -93.842552 2.150000 0.000000 0.000000
390000 10 P -163.765869 -6.874867 -93.039864 2.110000 -1.000000 0.000000
390000 11 S -163.476608 -7.568241 -89.287506 1.800000 0.000000 0.000000
390000 12 C -160.239441 -8.515250 -89.041512 2.150000 0.000000 0.000000
390000 13 P -162.985016 -3.730987 -89.097977 2.110000 -1.000000 0.000000
390000 14 S -161.243973 -3.056579 -85.860016 1.800000 0.000000 0.000000
390000 15 G -158.769669 -5.567790 -86.000961 2.150000 0.000000 0.000000
390000 16 P -159.858704 0.408498 -85.826019 2.110000 -1.000000 0.000000
390000 17 S -157.365234 -0.059537 -82.795883 1.800000 0.000000 0.000000
390000 18 C -155.935150 -2.138258 -85.486259 2.150000 0.000000 0.000000
390000 19 P -155.509766 3.073979 -84.467728 2.110000 -1.000000 0.000000
390000 20 S -152.703308 0.525921 -83.452301 1.800000 0.000000 0.000000
390000 21 A -150.233551 2.908816 -82.192703 2.150000 0.000000 0.000000
390000 22 P -149.432404 0.168274 -85.036171 2.110000 -1.000000 0.000000
390000 23 S -149.527023 -2.908552 -82.850700 1.800000 0.000000 0.000000
390000 24 A -152.244995 -4.008327 -84.725891 2.150000 0.000000 0.000000
390000 25 P -147.326782 -5.482203 -84.939911 2.110000 -1.000000 0.000000
390000 26 S -149.289490 -8.325782 -83.551750 1.800000 0.000000 0.000000
390000 27 G -152.250534 -7.732755 -85.373932 2.150000 0.000000 0.000000
390000 28 P -147.294815 -10.729710 -85.792297 2.110000 -1.000000 0.000000
390000 29 S -150.428650 -12.949085 -86.143913 1.800000 0.000000 0.000000
390000 30 C -151.515137 -11.492290 -89.075439 2.150000 0.000000 0.000000
390000 31 P -148.676010 -15.411673 -88.760483 2.110000 -1.000000 0.000000
390000 32 S -151.605804 -17.147392 -90.316856 1.800000 0.000000 0.000000
390000 33 C -151.737000 -14.168336 -92.189514 2.150000 0.000000 0.000000
390000 34 P -148.603821 -18.227875 -92.305794 2.110000 -1.000000 0.000000
390000 35 S -149.714127 -19.177862 -95.911980 1.800000 0.000000 0.000000
390000 36 U -150.532089 -15.997955 -96.522133 2.150000 0.000000 0.000000
390000 37 P -146.231628 -19.132671 -97.356567 2.110000 -1.000000 0.000000
395000 1 P -150.629471 -14.295855 -111.507721 2.110000 -1.000000 1.000000
395000 2 S -151.670410 -16.368578 -108.542000 1.800000 0.000000 0.000000
395000 3 G -149.891190 -14.277580 -106.368126 2.150000 0.000000 0.000000
395000 4 P -154.993225 -14.240560 -107.552872 2.110000 -1.000000 0.000000
395000 5 S -156.201111 -14.995514 -104.074913 1.800000 0.000000 0.000000
395000 6 G -153.330200 -14.537528 -102.250000 2.150000 0.000000 0.000000
395000 7 P -157.833054 -11.608751 -103.544464 2.110000 -1.000000 0.000000
395000 8 S -158.684341 -13.598389 -100.454247 1.800000 0.000000 0.000000
395000 9 G -155.609512 -13.876489 -98.831558 2.150000 0.000000 0.000000
395000 10 P -159.759308 -10.390157 -98.538200 2.110000 -1.000000 0.000000
395000 11 S -159.894745 -10.855158 -94.819847 1.800000 0.000000 0.000000
395000 12 C -156.420288 -11.057357 -95.085075 2.150000 0.000000 0.000000
395000 13 P -159.533127 -6.986124 -94.567123 2.110000 -1.000000 0.000000
395000 14 S -158.070358 -7.117432 -91.094063 1.800000 0.000000 0.000000
395000 15 G -155.302689 -8.508312 -92.362434 2.150000 0.000000 0.000000
395000 16 P -156.476440 -3.634251 -91.559662 2.110000 -1.000000 0.000000
395000 17 S -155.641754 -2.720250 -87.810577 1.800000 0.000000 0.000000
395000 18 C -152.632126 -4.679269 -87.637360 2.150000 0.000000 0.000000
395000 19 P -154.514053 -0.595260 -90.705109 2.110000 -1.000000 0.000000
395000 20 S -151.728134 0.678887 -88.576614 1.800000 0.000000 0.000000
395000 21 A -152.254379 3.957965 -89.513298 2.150000 0.000000 0.000000
395000 22 P -148.642792 0.907439 -91.197014 2.110000 -1.000000 0.000000
395000 23 S -147.833176 -2.452491 -89.677551 1.800000 0.000000 0.000000
395000 24 A -150.887527 -4.033154 -91.172127 2.150000 0.000000 0.000000
395000 25 P -145.090759 -3.602501 -91.919617 2.110000 -1.000000 0.000000
395000 26 S -146.387878 -6.656903 -89.826561 1.800000 0.000000 0.000000
395000 27 G -147.782501 -8.366499 -92.772095 2.150000 0.000000 0.000000
395000 28 P -144.946655 -10.180028 -90.029617 2.110000 -1.000000 0.000000
395000 29 S -147.769287 -12.726908 -89.630074 1.800000 0.000000 0.000000
395000 30 C -149.601349 -12.213655 -92.374901 2.150000 0.000000 0.000000
395000 31 P -144.712448 -14.700249 -91.223129 2.110000 -1.000000 0.000000
395000 32 S -146.521164 -17.811012 -92.428368 1.800000 0.000000 0.000000
395000 33 C -148.251648 -17.315733 -95.533730 2.150000 0.000000 0.000000
395000 34 P -143.136292 -17.782518 -94.564949 2.110000 -1.000000 0.000000
395000 35 S -142.907394 -19.468134 -98.096100 1.800000 0.000000 0.000000
395000 36 U -144.895813 -16.770639 -99.333412 2.150000 0.000000 0.000000
395000 37 P -139.922226 -18.763458 -100.152679 2.110000 -1.000000 0.000000
400000 1 P -156.676743 -18.168703 -102.343414 2.110000 -1.000000 1.000000
400000 2 S -157.744354 -21.164980 -100.212830 1.800000 0.000000 0.000000
400000 3 G -155.793045 -20.746513 -97.240356 2.150000 0.000000 0.000000
400000 4 P -159.893356 -18.774815 -98.470100 2.110000 -1.000000 0.000000
400000 5 S -159.730194 -19.919853 -94.894302 1.800000 0.000000 0.000000
400000 6 G -156.999481 -19.091894 -93.165672 2.150000 0.000000 0.000000
400000 7 P -161.096161 -16.642136 -93.254425 2.110000 -1.000000 0.000000
400000 8 S -160.161011 -16.960175 -89.566124 1.800000 0.000000 0.000000
400000 9 G -156.607254 -16.230179 -89.703125 2.150000 0.000000 0.000000
400000 10 P -161.204437 -13.517432 -89.435677 2.110000 -1.000000 0.000000
400000 11 S -159.542984 -12.497258 -86.055817 1.800000 0.000000 0.000000
400000 12 C -156.253693 -12.239395 -87.576508 2.150000 0.000000 0.000000
400000 13 P -159.638962 -8.739034 -86.695419 2.110000 -1.000000 0.000000
400000 14 S -157.413712 -7.049116 -84.064552 1.800000 0.000000 0.000000
400000 15 G -154.850403 -8.153276 -85.869209 2.150000 0.000000 0.000000
400000 16 P -157.089005 -3.500886 -85.205788 2.110000 -1.000000 0.000000
400000 17 S -154.964951 -2.827952 -81.998749 1.800000 0.000000 0.000000
400000 18 C -151.793671 -4.230198 -82.576027 2.150000 0.000000 0.000000
400000 19 P -153.756577 -0.605059 -84.925735 2.110000 -1.000000 0.000000
400000 20 S -150.474152 0.053194 -83.226982 1.800000 0.000000 0.000000
400000 21 A -152.830383 1.628656 -80.771164 2.150000 0.000000 0.000000
400000 22 P -150.320694 1.062411 -86.896172 2.110000 -1.000000 0.000000
400000 23 S -148.213181 -1.961267 -86.536469 1.800000 0.000000 0.000000
400000 24 A -151.368073 -3.252996 -87.101364 2.150000 0.000000 0.000000
400000 25 P -147.042862 -2.317497 -90.134827 2.110000 -1.000000 0.000000
400000 26 S -145.872787 -5.722836 -88.559616 1.800000 0.000000 0.000000
400000 27 G -149.337433 -6.423541 -88.742493 2.150000 0.000000 0.000000
400000 28 P -144.762192 -8.894187 -90.527428 2.110000 -1.000000 0.000000
400000 29 S -145.974014 -11.326291 -87.932281 1.800000 0.000000 0.000000
400000 30 C -148.357681 -12.890025 -89.809898 2.150000 0.000000 0.000000
400000 31 P -144.570526 -14.001950 -90.441216 2.110000 -1.000000 0.000000
400000 32 S -145.675690 -17.138189 -88.538269 1.800000 0.000000 0.000000
400000 33 C -149.092392 -17.512053 -89.311165 2.150000 0.000000 0.000000
400000 34 P -144.150833 -19.902754 -90.426460 2.110000 -1.000000 0.000000
400000 35 S -147.010147 -22.304995 -89.190933 1.800000 0.000000 0.000000
400000 36 U -149.841858 -21.568192 -90.873016 2.150000 0.000000 0.000000
400000 37 P -145.609421 -25.032797 -91.719742 2.110000 -1.000000 0.000000
405000 1 P -151.367813 -20.901403 -96.685600 2.110000 -1.000000 1.000000
405000 2 S -153.816986 -23.536392 -95.177467 1.800000 0.000000 0.000000
405000 3 G -151.644485 -23.629234 -92.528488 2.150000 0.000000 0.000000
405000 4 P -155.084930 -20.325764 -93.675392 2.110000 -1.000000 0.000000
405000 5 S -157.115601 -22.185448 -90.948029 1.800000 0.000000 0.000000
405000 6 G -154.383270 -23.100498 -88.742882 2.150000 0.000000 0.000000
405000 7 P -158.601089 -18.854776 -89.393959 2.110000 -1.000000 0.000000
405000 8 S -158.762009 -19.920128 -85.800049 1.800000 0.000000 0.000000
405000 9 G -155.511566 -19.559412 -85.046219 2.150000 0.000000 0.000000
405000 10 P -159.439896 -16.163044 -85.773422 2.110000 -1.000000 0.000000
405000 11 S -159.618423 -15.325848 -82.239769 1.800000 0.000000 0.000000
405000 12 C -156.196945 -16.115160 -81.742889 2.150000 0.000000 0.000000
405000 13 P -159.505402 -11.501304 -82.779877 2.110000 -1.000000 0.000000
405000 14 S -156.342163 -11.145619 -80.776505 1.800000 0.000000 0.000000
405000 15 G -153.642426 -12.518602 -82.882088 2.150000 0.000000 0.000000
405000 16 P -155.375992 -7.710627 -81.743507 2.110000 -1.000000 0.000000
405000 17 S -154.362686 -6.924203 -78.088310 1.800000 0.000000 0.000000
405000 18 C -152.246277 -9.794629 -77.695442 2.150000 0.000000 0.000000
405000 19 P -151.538528 -4.871491 -79.506653 2.110000 -1.000000 0.000000
405000 20 S -149.490158 -4.620978 -76.194702 1.800000 0.000000 0.000000
405000 21 A -148.933746 -8.029636 -75.787292 2.150000 0.000000 0.000000
405000 22 P -147.492767 -4.255614 -79.404961 2.110000 -1.000000 0.000000
405000 23 S -146.176254 -7.645368 -78.259972 1.800000 0.000000 0.000000
405000 24 A -148.233597 -8.923628 -80.948189 2.150000 0.000000 0.000000
405000 25 P -143.918900 -10.028318 -80.000404 2.110000 -1.000000 0.000000
405000 26 S -145.291840 -12.399143 -77.265411 1.800000 0.000000 0.000000
405000 27 G -148.604141 -12.476962 -78.463150 2.150000 0.000000 0.000000
405000 28 P -143.784943 -15.502059 -78.839706 2.110000 -1.000000 0.000000
405000 29 S -146.638947 -17.272806 -77.104324 1.800000 0.000000 0.000000
405000 30 C -148.271347 -17.298267 -80.043709 2.150000 0.000000 0.000000
405000 31 P -146.025665 -20.795027 -77.973846 2.110000 -1.000000 0.000000
405000 32 S -149.873764 -21.459856 -77.715630 1.800000 0.000000 0.000000
405000 33 C -151.360306 -20.167585 -80.725670 2.150000 0.000000 0.000000
405000 34 P -149.527649 -25.098219 -79.267723 2.110000 -1.000000 0.000000
405000 35 S -152.929596 -25.780758 -80.667007 1.800000 0.000000 0.000000
405000 36 U -151.837158 -23.607361 -83.103394 2.150000 0.000000 0.000000
405000 37 P -150.455658 -28.385900 -82.338936 2.110000 -1.000000 0.000000
410000 1 P -150.574768 -8.556530 -100.869766 2.110000 -1.000000 1.000000
410000 2 S -151.426514 -12.052196 -100.136673 1.800000 0.000000 0.000000
410000 3 G -149.155060 -11.798926 -97.315742 2.150000 0.000000 0.000000
410000 4 P -154.740540 -11.170471 -98.569550 2.110000 -1.000000 0.000000
410000 5 S -154.798416 -14.832301 -97.393532 1.800000 0.000000 0.000000
410000 6 G -152.638550 -14.644147 -94.903778 2.150000 0.000000 0.000000
410000 7 P -157.623138 -12.898310 -95.874992 2.110000 -1.000000 0.000000
410000 8 S -158.530930 -14.842324 -92.836327 1.800000 0.000000 0.000000
410000 9 G -155.714111 -13.650091 -91.536354 2.150000 0.000000 0.000000
410000 10 P -160.699875 -12.041517 -92.071556 2.110000 -1.000000 0.000000
410000 11 S -161.457825 -12.652940 -88.234154 1.800000 0.000000 0.000000
410000 12 C -158.353882 -12.616889 -86.569962 2.150000 0.000000 0.000000
410000 13 P -162.105347 -8.645828 -88.410187 2.110000 -1.000000 0.000000
410000 14 S -159.217575 -7.250755 -86.263359 1.800000 0.000000 0.000000
410000 15 G -156.812820 -6.565225 -88.818718 2.150000 0.000000 0.000000
410000 16 P -159.478745 -3.581805 -87.253189 2.110000 -1.000000 0.000000
410000 17 S -156.768372 -3.194535 -84.614838 1.800000 0.000000 0.000000
410000 18 C -153.735458 -4.324545 -85.735596 2.150000 0.000000 0.000000
410000 19 P -156.475784 0.575582 -84.897423 2.110000 -1.000000 0.000000
410000 20 S -154.391479 0.434004 -81.862831 1.800000 0.000000 0.000000
410000 21 A -156.098129 -2.212006 -80.467094 2.150000 0.000000 0.000000
410000 22 P -151.468582 -1.112279 -83.866623 2.110000 -1.000000 0.000000
410000 23 S -150.212463 -3.089315 -80.954498 1.800000 0.000000 0.000000
410000 24 A -152.654587 -4.805968 -79.119942 2.150000 0.000000 0.000000
410000 25 P -147.561142 -5.472106 -82.102295 2.110000 -1.000000 0.000000
410000 26 S -148.817719 -8.479707 -79.963699 1.800000 0.000000 0.000000
410000 27 G -151.254486 -9.594629 -82.148773 2.150000 0.000000 0.000000
410000 28 P -146.788879 -11.346357 -81.219963 2.110000 -1.000000 0.000000
410000 29 S -148.491119 -14.775451 -81.437752 1.800000 0.000000 0.000000
410000 30 C -150.813278 -14.990857 -84.145409 2.150000 0.000000 0.000000
410000 31 P -145.168747 -15.717967 -82.897102 2.110000 -1.000000 0.000000
410000 32 S -146.193649 -18.326878 -85.398071 1.800000 0.000000 0.000000
410000 33 C -147.823166 -17.129076 -88.068527 2.150000 0.000000 0.000000
410000 34 P -142.293610 -17.798744 -86.471222 2.110000 -1.000000 0.000000
410000 35 S -142.824631 -19.365805 -89.968727 1.800000 0.000000 0.000000
410000 36 U -144.534225 -16.792685 -91.394661 2.150000 0.000000 0.000000
410000 37 P -139.417435 -19.313820 -91.400581 2.110000 -1.000000 0.000000
415000 1 P -154.632751 -6.870842 -95.431725 2.110000 -1.000000 1.000000
415000 2 S -155.663376 -10.458216 -95.516235 1.800000 0.000000 0.000000
415000 3 G -154.357971 -11.096921 -92.392548 2.150000 0.000000 0.000000
415000 4 P -159.311890 -10.478373 -94.664467 2.110000 -1.000000 0.000000
415000 5 S -159.964401 -14.149398 -93.868652 1.800000 0.000000 0.000000
415000 6 G -157.498886 -13.544878 -91.379303 2.150000 0.000000 0.000000
415000 7 P -162.875000 -12.152593 -92.822655 2.110000 -1.000000 0.000000
415000 8 S -163.206848 -14.278145 -89.764473 1.800000 0.000000 0.000000
415000 9 G -160.348450 -13.379766 -88.064331 2.150000 0.000000 0.000000
415000 10 P -165.506012 -12.105085 -87.634689 2.110000 -1.000000 0.000000
415000 11 S -165.677719 -13.049705 -84.020638 1.800000 0.000000 0.000000
415000 12 C -162.168304 -12.912292 -84.017601 2.150000 0.000000 0.000000
415000 13 P -166.425491 -9.403866 -83.219513 2.110000 -1.000000 0.000000
415000 14 S -163.446030 -8.446380 -81.198975 1.800000 0.000000 0.000000
415000 15 G -163.171524 -11.217107 -79.170319 2.150000 0.000000 0.000000
415000 16 P -163.550797 -4.914857 -79.716309 2.110000 -1.000000 0.000000
415000 17 S -161.428665 -4.183720 -82.917877 1.800000 0.000000 0.000000
415000 18 C -164.200943 -4.389261 -85.439140 2.150000 0.000000 0.000000
415000 19 P -161.197952 -0.437266 -82.840706 2.110000 -1.000000 0.000000
415000 20 S -157.984680 -0.392090 -80.658661 1.800000 0.000000 0.000000
415000 21 A -159.635101 -2.927117 -78.967522 2.150000 0.000000 0.000000
415000 22 P -155.075546 -1.559548 -82.545692 2.110000 -1.000000 0.000000
415000 23 S -154.880356 -3.871975 -79.501190 1.800000 0.000000 0.000000
415000 24 A -157.229782 -6.023710 -80.486496 2.150000 0.000000 0.000000
415000 25 P -151.503967 -5.882784 -79.524376 2.110000 -1.000000 0.000000
415000 26 S -152.889435 -8.676435 -77.477592 1.800000 0.000000 0.000000
415000 27 G -154.580826 -10.028352 -79.889046 2.150000 0.000000 0.000000
415000 28 P -149.923431 -10.741020 -78.736153 2.110000 -1.000000 0.000000
415000 29 S -152.318436 -13.767229 -79.081367 1.800000 0.000000 0.000000
415000 30 C -154.256927 -13.570163 -81.874275 2.150000 0.000000 0.000000
415000 31 P -149.469025 -16.174128 -80.328712 2.110000 -1.000000 0.000000
415000 32 S -151.163300 -18.909945 -82.331268 1.800000 0.000000 0.000000
415000 33 C -152.416885 -16.619804 -84.557732 2.150000 0.000000 0.000000
415000 34 P -148.315170 -20.661541 -84.473015 2.110000 -1.000000 0.000000
415000 35 S -149.871002 -21.246868 -87.923988 1.800000 0.000000 0.000000
415000 36 U -149.438461 -17.760733 -88.590851 2.150000 0.000000 0.000000
415000 37 P -146.368698 -22.069019 -89.131638 2.110000 -1.000000 0.000000
420000 1 P -154.854156 -5.878547 -87.988434 2.110000 -1.000000 1.000000
420000 2 S -154.963898 -8.569504 -90.670929 1.800000 0.000000 0.000000
420000 3 G -154.504181 -11.630982 -89.047386 2.150000 0.000000 0.000000
420000 4 P -158.712051 -9.473166 -90.334694 2.110000 -1.000000 0.000000
420000 5 S -159.661560 -13.256793 -90.922470 1.800000 0.000000 0.000000
420000 6 G -158.954239 -14.831941 -88.012161 2.150000 0.000000 0.000000
420000 7 P -163.126602 -11.741985 -89.924973 2.110000 -1.000000 0.000000
420000 8 S -164.537567 -14.364228 -87.526405 1.800000 0.000000 0.000000
420000 9 G -162.249969 -14.914942 -84.781395 2.150000 0.000000 0.000000
420000 10 P -167.568069 -12.810288 -85.669960 2.110000 -1.000000 0.000000
420000 11 S -167.945450 -14.938939 -82.442764 1.800000 0.000000 0.000000
420000 12 C -164.862839 -14.306802 -81.014328 2.150000 0.000000 0.000000
420000 13 P -169.318451 -11.349704 -81.643578 2.110000 -1.000000 0.000000
420000 14 S -167.203400 -10.418623 -78.361214 1.800000 0.000000 0.000000
420000 15 G -163.791138 -10.634451 -79.209694 2.150000 0.000000 0.000000
420000 16 P -166.097702 -6.620189 -79.201126 2.110000 -1.000000 0.000000
420000 17 S -162.933701 -6.819961 -76.866821 1.800000 0.000000 0.000000
420000 18 C -160.221634 -8.568327 -78.667145 2.150000 0.000000 0.000000
420000 19 P -161.506973 -3.749044 -78.647720 2.110000 -1.000000 0.000000
420000 20 S -159.251541 -2.953260 -75.658188 1.800000 0.000000 0.000000
420000 21 A -158.998718 0.535476 -76.597153 2.150000 0.000000 0.000000
420000 22 P -156.047043 -5.208518 -75.943268 2.110000 -1.000000 0.000000
420000 23 S -155.927155 -7.853363 -73.204529 1.800000 0.000000 0.000000
420000 24 A -158.137451 -9.481301 -75.303856 2.150000 0.000000 0.000000
420000 25 P -153.657501 -10.573714 -74.026375 2.110000 -1.000000 0.000000
420000 26 S -155.246185 -14.136745 -73.494225 1.800000 0.000000 0.000000
420000 27 G -157.915192 -14.491627 -75.636314 2.150000 0.000000 0.000000
420000 28 P -152.587265 -16.547647 -74.689690 2.110000 -1.000000 0.000000
420000 29 S -155.333344 -19.049931 -75.953186 1.800000 0.000000 0.000000
420000 30 C -156.184509 -17.546013 -78.851410 2.150000 0.000000 0.000000
420000 31 P -152.820328 -20.983038 -77.610626 2.110000 -1.000000 0.000000
420000 32 S -155.160217 -22.986839 -79.972275 1.800000 0.000000 0.000000
420000 33 C -156.251617 -20.445299 -82.252586 2.150000 0.000000 0.000000
420000 34 P -152.559814 -24.089987 -82.362350 2.110000 -1.000000 0.000000
420000 35 S -153.635513 -22.977207 -85.710815 1.800000 0.000000 0.000000
420000 36 U -152.529968 -19.602604 -85.521698 2.150000 0.000000 0.000000
420000 37 P -150.616623 -23.725821 -87.999535 2.110000 -1.000000 0.000000
425000 1 P -150.660583 -10.445171 -95.401520 2.110000 -1.000000 1.000000
425000 2 S -151.687012 -13.309088 -97.526848 1.800000 0.000000 0.000000
425000 3 G -151.226349 -15.582059 -95.089409 2.150000 0.000000 0.000000
425000 4 P -155.399017 -13.617021 -97.688637 2.110000 -1.000000 0.000000
425000 5 S -156.307236 -17.320175 -98.551605 1.800000 0.000000 0.000000
425000 6 G -154.705399 -18.336948 -95.677986 2.150000 0.000000 0.000000
425000 7 P -159.586258 -15.755635 -97.686935 2.110000 -1.000000 0.000000
425000 8 S -161.866913 -18.262320 -95.827690 1.800000 0.000000 0.000000
425000 9 G -159.315887 -17.604471 -93.452797 2.150000 0.000000 0.000000
425000 10 P -163.385773 -14.693524 -95.950829 2.110000 -1.000000 0.000000
425000 11 S -164.970139 -15.810491 -92.610321 1.800000 0.000000 0.000000
425000 12 C -162.152649 -16.036089 -90.604950 2.150000 0.000000 0.000000
425000 13 P -165.049561 -12.056374 -92.584465 2.110000 -1.000000 0.000000
425000 14 S -165.363235 -11.773521 -88.588142 1.800000 0.000000 0.000000
425000 15 G -168.993515 -11.279161 -88.243042 2.150000 0.000000 0.000000
425000 16 P -164.458801 -8.121387 -87.652695 2.110000 -1.000000 0.000000
425000 17 S -163.451355 -9.164322 -84.028999 1.800000 0.000000 0.000000
425000 18 C -159.956772 -9.550805 -84.470932 2.150000 0.000000 0.000000
425000 19 P -162.731796 -5.642858 -82.803185 2.110000 -1.000000 0.000000
425000 20 S -161.476608 -6.158631 -79.430893 1.800000 0.000000 0.000000
425000 21 A -163.038757 -9.416498 -80.130821 2.150000 0.000000 0.000000
425000 22 P -158.267731 -7.612504 -80.720413 2.110000 -1.000000 0.000000
425000 23 S -157.784378 -10.436488 -78.384995 1.800000 0.000000 0.000000
425000 24 A -160.508270 -12.485535 -78.893288 2.150000 0.000000 0.000000
425000 25 P -154.515182 -12.015450 -79.538429 2.110000 -1.000000 0.000000
425000 26 S -156.319962 -15.301995 -79.808060 1.800000 0.000000 0.000000
425000 27 G -158.187393 -15.392220 -82.780663 2.150000 0.000000 0.000000
425000 28 P -153.996277 -18.051291 -80.867172 2.110000 -1.000000 0.000000
425000 29 S -156.666824 -20.615667 -81.669403 1.800000 0.000000 0.000000
425000 30 C -157.577286 -19.393703 -84.721527 2.150000 0.000000 0.000000
425000 31 P -153.756897 -22.945074 -82.828300 2.110000 -1.000000 0.000000
425000 32 S -155.433334 -25.258781 -85.477936 1.800000 0.000000 0.000000
425000 33 C -156.328461 -22.639097 -87.626884 2.150000 0.000000 0.000000
425000 34 P -152.075363 -26.759794 -86.491364 2.110000 -1.000000 0.000000
425000 35 S -152.617813 -26.842430 -90.128189 1.800000 0.000000 0.000000
425000 36 U -153.100601 -23.215111 -90.707932 2.150000 0.000000 0.000000
425000 37 P -148.719131 -26.998503 -90.344788 2.110000 -1.000000 0.000000
430000 1 P -149.301071 -15.949408 -95.003960 2.110000 -1.000000 1.000000
430000 2 S -149.133774 -19.261703 -97.068077 1.800000 0.000000 0.000000
430000 3 G -148.903061 -21.404974 -94.295959 2.150000 0.000000 0.000000
430000 4 P -152.916916 -18.861683 -97.603462 2.110000 -1.000000 0.000000
430000 5 S -154.686249 -22.261717 -97.335365 1.800000 0.000000 0.000000
430000 6 G -153.453873 -22.857378 -94.090126 2.150000 0.000000 0.000000
430000 7 P -157.917892 -20.528818 -96.557159 2.110000 -1.000000 0.000000
430000 8 S -160.062317 -22.702644 -94.219551 1.800000 0.000000 0.000000
430000 9 G -158.586319 -23.699396 -91.194756 2.150000 0.000000 0.000000
430000 10 P -162.652710 -19.806549 -93.281326 2.110000 -1.000000 0.000000
430000 11 S -163.785980 -20.739138 -89.883049 1.800000 0.000000 0.000000
430000 12 C -160.380676 -20.151688 -88.882111 2.150000 0.000000 0.000000
430000 13 P -165.621948 -17.477049 -89.560371 2.110000 -1.000000 0.000000
430000 14 S -164.729584 -17.869862 -85.603882 1.800000 0.000000 0.000000
430000 15 G -161.532532 -17.685091 -84.788536 2.150000 0.000000 0.000000
430000 16 P -164.588425 -14.060527 -85.379669 2.110000 -1.000000 0.000000
430000 17 S -161.316711 -14.045969 -83.418869 1.800000 0.000000 0.000000
430000 18 C -160.138214 -14.415040 -86.576469 2.150000 0.000000 0.000000
430000 19 P -160.107529 -10.289675 -83.425430 2.110000 -1.000000 0.000000
430000 20 S -158.398682 -10.575804 -80.174309 1.800000 0.000000 0.000000
430000 21 A -160.031845 -13.839163 -80.108734 2.150000 0.000000 0.000000
430000 22 P -154.876999 -11.379562 -80.862511 2.110000 -1.000000 0.000000
430000 23 S -154.289688 -14.295419 -78.363861 1.800000 0.000000 0.000000
430000 24 A -156.189468 -14.960530 -81.116409 2.150000 0.000000 0.000000
430000 25 P -151.083618 -16.059986 -79.488983 2.110000 -1.000000 0.000000
430000 26 S -152.852097 -19.523317 -79.157623 1.800000 0.000000 0.000000
430000 27 G -154.719254 -18.994307 -82.033974 2.150000 0.000000 0.000000
430000 28 P -150.608047 -22.378456 -79.374146 2.110000 -1.000000 0.000000
430000 29 S -153.100052 -25.171738 -80.428162 1.800000 0.000000 0.000000
430000 30 C -153.730453 -23.882477 -83.488586 2.150000 0.000000 0.000000
430000 31 P -150.496582 -27.960180 -81.370766 2.110000 -1.000000 0.000000
430000 32 S -152.961609 -29.587681 -83.946625 1.800000 0.000000 0.000000
430000 33 C -153.437286 -27.372183 -86.505058 2.150000 0.000000 0.000000
430000 34 P -150.706833 -31.985937 -86.051720 2.110000 -1.000000 0.000000
430000 35 S -152.722565 -32.028313 -89.285606 1.800000 0.000000 0.000000
430000 36 U -152.191849 -29.346800 -91.441429 2.150000 0.000000 0.000000
430000 37 P -149.742233 -34.042702 -90.779930 2.110000 -1.000000 0.000000
435000 1 P -151.221268 -24.481760 -94.650490 2.110000 -1.000000 1.000000
435000 2 S -153.181549 -27.685118 -94.861862 1.800000 0.000000 0.000000
435000 3 G -153.650742 -28.477060 -91.616219 2.150000 0.000000 0.000000
435000 4 P -156.305161 -25.764643 -95.363899 2.110000 -1.000000 0.000000
435000 5 S -158.893997 -27.691221 -93.448204 1.800000 0.000000 0.000000
435000 6 G -157.324692 -26.774670 -90.413857 2.150000 0.000000 0.000000
435000 7 P -161.659912 -24.851797 -93.246284 2.110000 -1.000000 0.000000
435000 8 S -164.420090 -25.982124 -90.758888 1.800000 0.000000 0.000000
435000 9 G -163.100601 -24.923975 -87.700691 2.150000 0.000000 0.000000
435000 10 P -165.283066 -22.297050 -91.223335 2.110000 -1.000000 0.000000
435000 11 S -166.708710 -21.348780 -87.797417 1.800000 0.000000 0.000000
435000 12 C -163.817917 -21.352491 -86.185257 2.150000 0.000000 0.000000
435000 13 P -166.400681 -17.516649 -88.528091 2.110000 -1.000000 0.000000
435000 14 S -163.636444 -17.042948 -85.944901 1.800000 0.000000 0.000000
435000 15 G -160.601639 -17.244175 -87.580391 2.150000 0.000000 0.000000
435000 16 P -162.991272 -13.215101 -86.334229 2.110000 -1.000000 0.000000
435000 17 S -160.968491 -12.986298 -83.112396 1.800000 0.000000 0.000000
435000 18 C -163.904831 -11.756818 -81.221024 2.150000 0.000000 0.000000
435000 19 P -159.496460 -9.517461 -83.968277 2.110000 -1.000000 0.000000
435000 20 S -156.987305 -8.687461 -81.293388 1.800000 0.000000 0.000000
435000 21 A -158.398392 -8.223577 -78.163689 2.150000 0.000000 0.000000
435000 22 P -155.208878 -12.027922 -81.343872 2.110000 -1.000000 0.000000
435000 23 S -155.307755 -13.054102 -77.627129 1.800000 0.000000 0.000000
435000 24 A -158.748749 -12.832260 -77.541718 2.150000 0.000000 0.000000
435000 25 P -154.202209 -16.571949 -77.477386 2.110000 -1.000000 0.000000
435000 26 S -157.434723 -18.033720 -76.383980 1.800000 0.000000 0.000000
435000 27 G -158.238663 -17.918318 -79.879616 2.150000 0.000000 0.000000
435000 28 P -156.021744 -21.548159 -76.442947 2.110000 -1.000000 0.000000
435000 29 S -159.789566 -22.558304 -76.450005 1.800000 0.000000 0.000000
435000 30 C -159.715347 -21.890936 -79.782143 2.150000 0.000000 0.000000
435000 31 P -157.774109 -25.824902 -76.660454 2.110000 -1.000000 0.000000
435000 32 S -160.175751 -28.284472 -78.429398 1.800000 0.000000 0.000000
435000 33 C -159.160446 -27.506477 -81.645279 2.150000 0.000000 0.000000
435000 34 P -157.612534 -30.772102 -78.691895 2.110000 -1.000000 0.000000
435000 35 S -158.079987 -33.432228 -81.530098 1.800000 0.000000 0.000000
435000 36 U -157.770309 -31.363678 -84.392647 2.150000 0.000000 0.000000
435000 37 P -154.623688 -34.814579 -81.135551 2.110000 -1.000000 0.000000
440000 1 P -150.511597 -23.189936 -100.323204 2.110000 -1.000000 1.000000
440000 2 S -150.967072 -26.902761 -99.780739 1.800000 0.000000 0.000000
440000 3 G -150.167282 -26.472700 -96.431557 2.150000 0.000000 0.000000
440000 4 P -154.531479 -26.326912 -100.150772 2.110000 -1.000000 0.000000
440000 5 S -156.616318 -28.960999 -98.297188 1.800000 0.000000 0.000000
440000 6 G -155.380569 -27.343136 -95.196289 2.150000 0.000000 0.000000
440000 7 P -159.219955 -26.579966 -99.207680 2.110000 -1.000000 0.000000
440000 8 S -161.911499 -26.951897 -96.578911 1.800000 0.000000 0.000000
440000 9 G -159.656998 -26.086023 -93.997971 2.150000 0.000000 0.000000
440000 10 P -163.806534 -23.706133 -97.524338 2.110000 -1.000000 0.000000
440000 11 S -165.472366 -22.771919 -94.245071 1.800000 0.000000 0.000000
440000 12 C -162.635254 -21.734613 -92.773468 2.150000 0.000000 0.000000
440000 13 P -165.519516 -19.471897 -96.027687 2.110000 -1.000000 0.000000
440000 14 S -164.807678 -17.829384 -92.926369 1.800000 0.000000 0.000000
440000 15 G -168.344513 -17.531300 -92.865234 2.150000 0.000000 0.000000
440000 16 P -163.255875 -14.572327 -94.499855 2.110000 -1.000000 0.000000
440000 17 S -162.121292 -13.642511 -91.048553 1.800000 0.000000 0.000000
440000 18 C -160.234467 -16.448748 -91.433968 2.150000 0.000000 0.000000
440000 19 P -159.203156 -11.323808 -91.916008 2.110000 -1.000000 0.000000
440000 20 S -157.750534 -13.000143 -88.790550 1.800000 0.000000 0.000000
440000 21 A -156.671936 -9.599632 -88.397675 2.150000 0.000000 0.000000
440000 22 P -154.365372 -15.212656 -89.117355 2.110000 -1.000000 0.000000
440000 23 S -155.277527 -16.037443 -85.413559 1.800000 0.000000 0.000000
440000 24 A -158.039810 -17.448278 -86.977112 2.150000 0.000000 0.000000
440000 25 P -152.791840 -18.482925 -83.722275 2.110000 -1.000000 0.000000
440000 26 S -156.030106 -19.937517 -82.650223 1.800000 0.000000 0.000000
440000 27 G -158.613968 -21.718441 -84.644653 2.150000 0.000000 0.000000
440000 28 P -153.996307 -23.155931 -81.722328 2.110000 -1.000000 0.000000
440000 29 S -157.014816 -25.686438 -81.909882 1.800000 0.000000 0.000000
440000 30 C -157.238968 -25.356821 -85.450089 2.150000 0.000000 0.000000
440000 31 P -154.348190 -28.269146 -81.336342 2.110000 -1.000000 0.000000
440000 32 S -155.362915 -30.945518 -83.656288 1.800000 0.000000 0.000000
440000 33 C -155.312363 -28.793316 -86.501556 2.150000 0.000000 0.000000
440000 34 P -151.799881 -31.556963 -83.314140 2.110000 -1.000000 0.000000
440000 35 S -151.699738 -33.614754 -86.537621 1.800000 0.000000 0.000000
440000 36 U -151.658554 -30.571913 -88.285545 2.150000 0.000000 0.000000
440000 37 P -148.015320 -33.348248 -86.485558 2.110000 -1.000000 0.000000
445000 1 P -149.091492 -24.303574 -100.802200 2.110000 -1.000000 1.000000
445000 2 S -150.299988 -27.954481 -100.533035 1.800000 0.000000 0.000000
445000 3 G -150.280243 -27.231005 -97.169960 2.150000 0.000000 0.000000
445000 4 P -153.622803 -26.027172 -101.417770 2.110000 -1.000000 0.000000
445000 5 S -156.352829 -27.980505 -99.630165 1.800000 0.000000 0.000000
445000 6 G -155.488007 -26.063723 -96.769821 2.150000 0.000000 0.000000
445000 7 P -158.864105 -25.172516 -100.955383 2.110000 -1.000000 0.000000
445000 8 S -161.456665 -24.945374 -98.198212 1.800000 0.000000 0.000000
445000 9 G -160.347031 -23.785934 -95.114311 2.150000 0.000000 0.000000
445000 10 P -163.166290 -21.908287 -99.435883 2.110000 -1.000000 0.000000
445000 11 S -164.848709 -20.515776 -96.427147 1.800000 0.000000 0.000000
445000 12 C -162.152069 -20.117718 -94.135513 2.150000 0.000000 0.000000
445000 13 P -164.862869 -16.792500 -97.943947 2.110000 -1.000000 0.000000
445000 14 S -164.570755 -15.691693 -94.307137 1.800000 0.000000 0.000000
445000 15 G -161.145203 -16.336779 -93.130180 2.150000 0.000000 0.000000
445000 16 P -163.703003 -12.325663 -95.412773 2.110000 -1.000000 0.000000
445000 17 S -163.608231 -11.860400 -91.616852 1.800000 0.000000 0.000000
445000 18 C -166.835953 -10.386089 -91.958405 2.150000 0.000000 0.000000
445000 19 P -161.890518 -8.380863 -92.351173 2.110000 -1.000000 0.000000
445000 20 S -158.930984 -9.605791 -90.451828 1.800000 0.000000 0.000000
445000 21 A -158.482788 -13.119896 -91.087708 2.150000 0.000000 0.000000
445000 22 P -155.347427 -8.669887 -90.600075 2.110000 -1.000000 0.000000
445000 23 S -155.527756 -11.629916 -88.101654 1.800000 0.000000 0.000000
445000 24 A -154.597382 -14.043465 -90.484116 2.150000 0.000000 0.000000
445000 25 P -152.558548 -13.746206 -86.599480 2.110000 -1.000000 0.000000
445000 26 S -155.136963 -15.869090 -84.972038 1.800000 0.000000 0.000000
445000 27 G -156.535202 -17.148342 -88.169853 2.150000 0.000000 0.000000
445000 28 P -152.912277 -18.794636 -84.069893 2.110000 -1.000000 0.000000
445000 29 S -155.739716 -21.351690 -83.929199 1.800000 0.000000 0.000000
445000 30 C -155.816452 -21.905203 -87.394852 2.150000 0.000000 0.000000
445000 31 P -153.634415 -24.588428 -83.115570 2.110000 -1.000000 0.000000
445000 32 S -156.096527 -26.895180 -84.512245 1.800000 0.000000 0.000000
445000 33 C -154.979416 -25.842325 -87.547256 2.150000 0.000000 0.000000
445000 34 P -154.054672 -30.383587 -84.346405 2.110000 -1.000000 0.000000
445000 35 S -155.154541 -32.495228 -87.082024 1.800000 0.000000 0.000000
445000 36 U -154.457108 -30.111988 -89.448463 2.150000 0.000000 0.000000
445000 37 P -151.738205 -34.250782 -87.196739 2.110000 -1.000000 0.000000
450000 1 P -145.651016 -14.807703 -98.455711 2.110000 -1.000000 1.000000
450000 2 S -147.060883 -18.073429 -99.788170 1.800000 0.000000 0.000000
450000 3 G -148.477936 -19.887262 -97.212074 2.150000 0.000000 0.000000
450000 4 P -150.608643 -16.680197 -100.663193 2.110000 -1.000000 0.000000
450000 5 S -152.387711 -19.968468 -99.867065 1.800000 0.000000 0.000000
450000 6 G -152.432327 -19.274906 -96.519035 2.150000 0.000000 0.000000
450000 7 P -155.338654 -17.546259 -100.227386 2.110000 -1.000000 0.000000
450000 8 S -157.948441 -19.462496 -97.975746 1.800000 0.000000 0.000000
450000 9 G -157.362885 -18.700073 -94.430298 2.150000 0.000000 0.000000
450000 10 P -160.414658 -16.503702 -97.882843 2.110000 -1.000000 0.000000
450000 11 S -162.121017 -16.551466 -94.442589 1.800000 0.000000 0.000000
450000 12 C -159.186493 -15.670417 -92.770630 2.150000 0.000000 0.000000
450000 13 P -162.537216 -12.621377 -95.331703 2.110000 -1.000000 0.000000
450000 14 S -161.924103 -12.324921 -91.587502 1.800000 0.000000 0.000000
450000 15 G -158.448730 -12.235109 -92.128738 2.150000 0.000000 0.000000
450000 16 P -161.396622 -8.468133 -91.684708 2.110000 -1.000000 0.000000
450000 17 S -159.845673 -7.886318 -88.223236 1.800000 0.000000 0.000000
450000 18 C -157.865067 -10.643439 -88.634636 2.150000 0.000000 0.000000
450000 19 P -158.345581 -5.149374 -90.479309 2.110000 -1.000000 0.000000
450000 20 S -155.373734 -5.625609 -88.147530 1.800000 0.000000 0.000000
450000 21 A -154.733978 -7.738656 -90.653534 2.150000 0.000000 0.000000
450000 22 P -151.642776 -4.364430 -88.010010 2.110000 -1.000000 0.000000
450000 23 S -151.737106 -7.328218 -85.876808 1.800000 0.000000 0.000000
450000 24 A -151.327667 -5.635749 -82.815453 2.150000 0.000000 0.000000
450000 25 P -148.970490 -9.785252 -85.242744 2.110000 -1.000000 0.000000
450000 26 S -151.190002 -12.631506 -84.439384 1.800000 0.000000 0.000000
450000 27 G -151.966492 -13.847813 -87.533836 2.150000 0.000000 0.000000
450000 28 P -148.938370 -15.561338 -83.774727 2.110000 -1.000000 0.000000
450000 29 S -151.955841 -17.662531 -83.638954 1.800000 0.000000 0.000000
450000 30 C -153.704620 -19.096609 -86.476402 2.150000 0.000000 0.000000
450000 31 P -149.153320 -20.311176 -83.322678 2.110000 -1.000000 0.000000
450000 32 S -150.947723 -23.234184 -84.892998 1.800000 0.000000 0.000000
450000 33 C -151.436707 -23.172373 -88.312294 2.150000 0.000000 0.000000
450000 34 P -148.886429 -26.207365 -85.097214 2.110000 -1.000000 0.000000
450000 35 S -150.057510 -28.009756 -88.459824 1.800000 0.000000 0.000000
450000 36 U -148.940552 -26.125166 -91.018913 2.150000 0.000000 0.000000
450000 37 P -147.077789 -30.522888 -88.518745 2.110000 -1.000000 0.000000
455000 1 P -140.064331 -18.120939 -100.996460 2.110000 -1.000000 1.000000
455000 2 S -141.100616 -21.613232 -101.876213 1.800000 0.000000 0.000000
455000 3 G -141.830750 -22.241753 -98.521202 2.150000 0.000000 0.000000
455000 4 P -144.437027 -19.739780 -102.046967 2.110000 -1.000000 0.000000
455000 5 S -146.699860 -22.634762 -102.351776 1.800000 0.000000 0.000000
455000 6 G -146.453293 -23.113914 -98.974945 2.150000 0.000000 0.000000
455000 7 P -149.824600 -20.404314 -102.492889 2.110000 -1.000000 0.000000
455000 8 S -152.466888 -22.539726 -100.969719 1.800000 0.000000 0.000000
455000 9 G -152.201492 -22.972441 -97.619324 2.150000 0.000000 0.000000
455000 10 P -154.288757 -19.203814 -101.489990 2.110000 -1.000000 0.000000
455000 11 S -156.964066 -19.444405 -98.866692 1.800000 0.000000 0.000000
455000 12 C -154.341660 -19.461386 -96.418434 2.150000 0.000000 0.000000
455000 13 P -157.565277 -15.714561 -99.558823 2.110000 -1.000000 0.000000
455000 14 S -157.526794 -15.483297 -95.800438 1.800000 0.000000 0.000000
455000 15 G -154.513901 -15.945572 -94.967583 2.150000 0.000000 0.000000
455000 16 P -157.555420 -11.601327 -95.331612 2.110000 -1.000000 0.000000
455000 17 S -158.804230 -12.813890 -91.893234 1.800000 0.000000 0.000000
455000 18 C -155.896133 -14.536459 -91.012650 2.150000 0.000000 0.000000
455000 19 P -157.645065 -9.509225 -90.388077 2.110000 -1.000000 0.000000
455000 20 S -156.534531 -11.336770 -87.356514 1.800000 0.000000 0.000000
455000 21 A -157.681549 -11.455086 -84.027573 2.150000 0.000000 0.000000
455000 22 P -153.204590 -9.817768 -85.780388 2.110000 -1.000000 0.000000
455000 23 S -152.764786 -13.661040 -85.527710 1.800000 0.000000 0.000000
455000 24 A -152.762756 -14.243364 -88.880508 2.150000 0.000000 0.000000
455000 25 P -149.081589 -14.516339 -84.708977 2.110000 -1.000000 0.000000
455000 26 S -151.465042 -17.417807 -84.645035 1.800000 0.000000 0.000000
455000 27 G -152.196823 -17.795111 -88.030312 2.150000 0.000000 0.000000
455000 28 P -148.591980 -19.750526 -84.635712 2.110000 -1.000000 0.000000
455000 29 S -150.474548 -22.929998 -85.508873 1.800000 0.000000 0.000000
455000 30 C -149.906784 -22.500631 -88.833488 2.150000 0.000000 0.000000
455000 31 P -148.153839 -26.035624 -85.728836 2.110000 -1.000000 0.000000
455000 32 S -150.415222 -27.650238 -88.222244 1.800000 0.000000 0.000000
455000 33 C -150.630798 -25.838238 -91.325928 2.150000 0.000000 0.000000
455000 34 P -149.115982 -30.665430 -90.034294 2.110000 -1.000000 0.000000
455000 35 S -150.050201 -30.165768 -93.667732 1.800000 0.000000 0.000000
455000 36 U -147.344681 -28.327795 -94.614182 2.150000 0.000000 0.000000
455000 37 P -148.224945 -33.156452 -95.085632 2.110000 -1.000000 0.000000
460000 1 P -140.774353 -21.011292 -104.221680 2.110000 -1.000000 1.000000
460000 2 S -143.686218 -23.335541 -104.118668 1.800000 0.000000 0.000000
460000 3 G -143.717712 -23.335058 -100.545135 2.150000 0.000000 0.000000
460000 4 P -146.538940 -20.632385 -104.598595 2.110000 -1.000000 0.000000
460000 5 S -149.361786 -22.679237 -103.251617 1.800000 0.000000 0.000000
460000 6 G -148.483704 -23.327808 -99.956734 2.150000 0.000000 0.000000
460000 7 P -152.627136 -20.515478 -102.709435 2.110000 -1.000000 0.000000
460000 8 S -154.879105 -22.339474 -100.249664 1.800000 0.000000 0.000000
460000 9 G -152.647263 -21.538042 -97.605888 2.150000 0.000000 0.000000
460000 10 P -156.366318 -18.744223 -100.535263 2.110000 -1.000000 0.000000
460000 11 S -157.867477 -18.650686 -97.040192 1.800000 0.000000 0.000000
460000 12 C -154.875702 -18.910652 -95.086586 2.150000 0.000000 0.000000
460000 13 P -157.837112 -14.876837 -97.570183 2.110000 -1.000000 0.000000
460000 14 S -157.295898 -14.141655 -93.987991 1.800000 0.000000 0.000000
460000 15 G -154.103134 -15.723365 -92.888809 2.150000 0.000000 0.000000
460000 16 P -155.992691 -10.555042 -94.625877 2.110000 -1.000000 0.000000
460000 17 S -156.848770 -9.471783 -91.155617 1.800000 0.000000 0.000000
460000 18 C -155.230331 -11.799956 -89.027107 2.150000 0.000000 0.000000
460000 19 P -154.102798 -6.963761 -91.872131 2.110000 -1.000000 0.000000
460000 20 S -152.520172 -8.218333 -88.624207 1.800000 0.000000 0.000000
460000 21 A -152.172134 -4.938630 -88.871284 2.150000 0.000000 0.000000
460000 22 P -148.714874 -8.182661 -88.537888 2.110000 -1.000000 0.000000
460000 23 S -149.051132 -11.342175 -86.589684 1.800000 0.000000 0.000000
460000 24 A -149.921295 -12.342569 -89.800560 2.150000 0.000000 0.000000
460000 25 P -145.424225 -12.933065 -86.841919 2.110000 -1.000000 0.000000
460000 26 S -147.957321 -15.442895 -85.739754 1.800000 0.000000 0.000000
460000 27 G -149.014145 -16.254076 -89.085823 2.150000 0.000000 0.000000
460000 28 P -146.499100 -18.935139 -85.493492 2.110000 -1.000000 0.000000
460000 29 S -149.872971 -20.893143 -85.829140 1.800000 0.000000 0.000000
460000 30 C -150.459335 -20.709560 -89.203743 2.150000 0.000000 0.000000
460000 31 P -147.808380 -23.839916 -86.431480 2.110000 -1.000000 0.000000
460000 32 S -150.058762 -26.185133 -88.253548 1.800000 0.000000 0.000000
460000 33 C -149.597824 -24.258131 -91.239456 2.150000 0.000000 0.000000
460000 34 P -146.690414 -27.581482 -87.630608 2.110000 -1.000000 0.000000
460000 35 S -146.393967 -30.078800 -90.363976 1.800000 0.000000 0.000000
460000 36 U -146.173309 -27.608000 -93.032738 2.150000 0.000000 0.000000
460000 37 P -142.516602 -30.731104 -89.833443 2.110000 -1.000000 0.000000
465000 1 P -138.414352 -20.869282 -106.887024 2.110000 -1.000000 1.000000
465000 2 S -140.046082 -24.432968 -107.706619 1.800000 0.000000 0.000000
465000 3 G -139.560974 -25.432785 -104.336540 2.150000 0.000000 0.000000
465000 4 P -143.523544 -22.801584 -106.959991 2.110000 -1.000000 0.000000
465000 5 S -146.258148 -25.263006 -105.728394 1.800000 0.000000 0.000000
465000 6 G -145.413300 -26.351746 -102.559219 2.150000 0.000000 0.000000
465000 7 P -148.970993 -22.605865 -105.313690 2.110000 -1.000000 0.000000
465000 8 S -151.227951 -24.087614 -102.447876 1.800000 0.000000 0.000000
465000 9 G -148.933716 -24.030998 -99.812454 2.150000 0.000000 0.000000
465000 10 P -152.747086 -20.389833 -102.205780 2.110000 -1.000000 0.000000
465000 11 S -154.035416 -20.619902 -98.445892 1.800000 0.000000 0.000000
465000 12 C -151.068130 -21.398561 -96.565552 2.150000 0.000000 0.000000
465000 13 P -154.400040 -16.824993 -97.779274 2.110000 -1.000000 0.000000
465000 14 S -156.525116 -17.101130 -94.540375 1.800000 0.000000 0.000000
465000 15 G -153.397278 -18.596241 -94.247581 2.150000 0.000000 0.000000
465000 16 P -155.109619 -13.505451 -94.593658 2.110000 -1.000000 0.000000
465000 17 S -155.133698 -13.361324 -90.851921 1.800000 0.000000 0.000000
465000 18 C -152.383240 -15.426975 -90.317657 2.150000 0.000000 0.000000
465000 19 P -152.944336 -10.343031 -90.050957 2.110000 -1.000000 0.000000
465000 20 S -152.201492 -10.948583 -86.524544 1.800000 0.000000 0.000000
465000 21 A -151.527374 -14.507448 -86.023834 2.150000 0.000000 0.000000
465000 22 P -148.487366 -9.638140 -86.606224 2.110000 -1.000000 0.000000
465000 23 S -146.952744 -13.052399 -86.676559 1.800000 0.000000 0.000000
465000 24 A -148.904877 -14.836958 -88.752098 2.150000 0.000000 0.000000
465000 25 P -143.396439 -14.545046 -87.298927 2.110000 -1.000000 0.000000
465000 26 S -144.504227 -18.067148 -86.989075 1.800000 0.000000 0.000000
465000 27 G -146.042816 -18.494905 -89.879539 2.150000 0.000000 0.000000
465000 28 P -142.016754 -20.393703 -88.006500 2.110000 -1.000000 0.000000
465000 29 S -144.369797 -23.195150 -88.491089 1.800000 0.000000 0.000000
465000 30 C -145.003372 -22.667816 -91.893188 2.150000 0.000000 0.000000
465000 31 P -141.680130 -25.729294 -89.176476 2.110000 -1.000000 0.000000
465000 32 S -144.262589 -28.144197 -90.516457 1.800000 0.000000 0.000000
465000 33 C -144.905136 -26.177515 -93.515083 2.150000 0.000000 0.000000
465000 34 P -141.939316 -30.889828 -91.764923 2.110000 -1.000000 0.000000
465000 35 S -144.118484 -31.658949 -94.864578 1.800000 0.000000 0.000000
465000 36 U -143.155289 -28.746735 -96.524849 2.150000 0.000000 0.000000
465000 37 P -141.642334 -33.774387 -96.784180 2.110000 -1.000000 0.000000
470000 1 P -138.160507 -13.920525 -104.681038 2.110000 -1.000000 1.000000
470000 2 S -138.638168 -16.396572 -107.457405 1.800000 0.000000 0.000000
470000 3 G -138.104050 -19.263611 -105.218239 2.150000 0.000000 0.000000
470000 4 P -142.503418 -16.355619 -107.367554 2.110000 -1.000000 0.000000
470000 5 S -142.908783 -19.859459 -108.756561 1.800000 0.000000 0.000000
470000 6 G -142.816452 -21.229597 -105.485931 2.150000 0.000000 0.000000
470000 7 P -146.805939 -19.155500 -107.943779 2.110000 -1.000000 0.000000
470000 8 S -148.358170 -22.252604 -106.500252 1.800000 0.000000 0.000000
470000 9 G -147.091599 -22.852518 -103.291855 2.150000 0.000000 0.000000
470000 10 P -150.335159 -19.134846 -105.993065 2.110000 -1.000000 0.000000
470000 11 S -152.242233 -21.090494 -103.214348 1.800000 0.000000 0.000000
470000 12 C -149.664108 -20.950552 -100.821236 2.150000 0.000000 0.000000
470000 13 P -153.460327 -17.809343 -101.748573 2.110000 -1.000000 0.000000
470000 14 S -154.016785 -18.115246 -98.019089 1.800000 0.000000 0.000000
470000 15 G -151.337906 -19.994349 -97.552475 2.150000 0.000000 0.000000
470000 16 P -153.354355 -14.383192 -98.540688 2.110000 -1.000000 0.000000
470000 17 S -151.902985 -14.180511 -94.958656 1.800000 0.000000 0.000000
470000 18 C -153.074295 -11.154313 -93.667000 2.150000 0.000000 0.000000
470000 19 P -149.070389 -11.923438 -95.893768 2.110000 -1.000000 0.000000
470000 20 S -147.596268 -13.485782 -92.753258 1.800000 0.000000 0.000000
470000 21 A -148.934723 -10.715450 -91.297256 2.150000 0.000000 0.000000
470000 22 P -143.926956 -12.919895 -92.432663 2.110000 -1.000000 0.000000
470000 23 S -144.016922 -16.372576 -90.888268 1.800000 0.000000 0.000000
470000 24 A -145.506271 -17.124186 -93.928238 2.150000 0.000000 0.000000
470000 25 P -140.653503 -18.202164 -91.447495 2.110000 -1.000000 0.000000
470000 26 S -142.986481 -21.183659 -90.642677 1.800000 0.000000 0.000000
470000 27 G -145.302200 -22.166807 -92.974586 2.150000 0.000000 0.000000
470000 28 P -139.971603 -23.621735 -91.607315 2.110000 -1.000000 0.000000
470000 29 S -142.147614 -26.566448 -92.626190 1.800000 0.000000 0.000000
470000 30 C -143.768875 -25.098753 -95.281723 2.150000 0.000000 0.000000
470000 31 P -139.960297 -29.021809 -94.371330 2.110000 -1.000000 0.000000
470000 32 S -142.451477 -30.004206 -97.172318 1.800000 0.000000 0.000000
470000 33 C -142.417099 -27.253265 -99.220474 2.150000 0.000000 0.000000
470000 34 P -139.451965 -31.773819 -98.997002 2.110000 -1.000000 0.000000
470000 35 S -140.501205 -30.899797 -102.698463 1.800000 0.000000 0.000000
470000 36 U -140.230316 -27.486317 -102.679672 2.150000 0.000000 0.000000
470000 37 P -137.161469 -32.465622 -102.755524 2.110000 -1.000000 0.000000
475000 1 P -143.034058 -22.210836 -111.245903 2.110000 -1.000000 1.000000
475000 2 S -142.551559 -25.248224 -113.518944 1.800000 0.000000 0.000000
475000 3 G -141.994415 -27.670366 -111.170670 2.150000 0.000000 0.000000
475000 4 P -146.106430 -24.726425 -113.830719 2.110000 -1.000000 0.000000
475000 5 S -146.998886 -28.349945 -113.630905 1.800000 0.000000 0.000000
475000 6 G -146.655014 -29.336615 -110.310448 2.150000 0.000000 0.000000
475000 7 P -150.351822 -26.455944 -112.983704 2.110000 -1.000000 0.000000
475000 8 S -152.388138 -29.044971 -110.788254 1.800000 0.000000 0.000000
475000 9 G -150.074097 -28.965773 -108.204430 2.150000 0.000000 0.000000
475000 10 P -154.467453 -25.790764 -110.345207 2.110000 -1.000000 0.000000
475000 11 S -156.344315 -26.349869 -107.142242 1.800000 0.000000 0.000000
475000 12 C -153.302383 -26.344875 -105.280289 2.150000 0.000000 0.000000
475000 13 P -156.979279 -22.754570 -106.172813 2.110000 -1.000000 0.000000
475000 14 S -158.045380 -22.610153 -102.633606 1.800000 0.000000 0.000000
475000 15 G -154.700928 -23.628744 -101.378990 2.150000 0.000000 0.000000
475000 16 P -157.407196 -18.841345 -101.932022 2.110000 -1.000000 0.000000
475000 17 S -158.436401 -19.398447 -98.333969 1.800000 0.000000 0.000000
475000 18 C -158.081467 -22.699129 -97.611557 2.150000 0.000000 0.000000
475000 19 P -155.654953 -17.444448 -97.455635 2.110000 -1.000000 0.000000
475000 20 S -154.388840 -19.872200 -94.982582 1.800000 0.000000 0.000000
475000 21 A -152.783890 -21.714933 -97.351044 2.150000 0.000000 0.000000
475000 22 P -151.352097 -17.877256 -94.863914 2.110000 -1.000000 0.000000
475000 23 S -150.058212 -21.442120 -94.252525 1.800000 0.000000 0.000000
475000 24 A -150.260391 -21.434883 -90.934532 2.150000 0.000000 0.000000
475000 25 P -146.166824 -21.974360 -94.194778 2.110000 -1.000000 0.000000
475000 26 S -148.221069 -25.084803 -94.601219 1.800000 0.000000 0.000000
475000 27 G -149.007004 -24.317266 -97.747421 2.150000 0.000000 0.000000
475000 28 P -145.569809 -27.786562 -94.753860 2.110000 -1.000000 0.000000
475000 29 S -148.032639 -30.148897 -96.227722 1.800000 0.000000 0.000000
475000 30 C -148.052841 -28.569929 -99.353729 2.150000 0.000000 0.000000
475000 31 P -145.647903 -33.012390 -97.209343 2.110000 -1.000000 0.000000
475000 32 S -146.939056 -35.241280 -100.109612 1.800000 0.000000 0.000000
475000 33 C -146.154312 -32.132812 -101.603394 2.150000 0.000000 0.000000
475000 34 P -143.749329 -37.174889 -100.601120 2.110000 -1.000000 0.000000
475000 35 S -144.595520 -37.584553 -104.217995 1.800000 0.000000 0.000000
475000 36 U -144.117371 -34.228642 -105.339630 2.150000 0.000000 0.000000
475000 37 P -141.173691 -39.108036 -105.564590 2.110000 -1.000000 0.000000
480000 1 P -145.937943 -17.336935 -104.217651 2.110000 -1.000000 1.000000
480000 2 S -145.136536 -19.615427 -107.249039 1.800000 0.000000 0.000000
480000 3 G -145.340576 -22.533472 -105.393684 2.150000 0.000000 0.000000
480000 4 P -148.563232 -19.659073 -108.880104 2.110000 -1.000000 0.000000
480000 5 S -149.190979 -23.198307 -110.148026 1.800000 0.000000 0.000000
480000 6 G -149.740128 -24.081917 -106.603836 2.150000 0.000000 0.000000
480000 7 P -152.969894 -21.931232 -110.324890 2.110000 -1.000000 0.000000
480000 8 S -155.800781 -24.524935 -109.798439 1.800000 0.000000 0.000000
480000 9 G -154.554413 -25.171762 -106.648926 2.150000 0.000000 0.000000
480000 10 P -156.996231 -20.787039 -109.109047 2.110000 -1.000000 0.000000
480000 11 S -160.240768 -22.173742 -107.714684 1.800000 0.000000 0.000000
480000 12 C -159.077545 -24.021524 -105.002785 2.150000 0.000000 0.000000
480000 13 P -160.952713 -18.965092 -106.319397 2.110000 -1.000000 0.000000
480000 14 S -163.154785 -19.972347 -103.373764 1.800000 0.000000 0.000000
480000 15 G -165.904480 -21.282621 -105.144615 2.150000 0.000000 0.000000
480000 16 P -163.332901 -16.472494 -101.951241 2.110000 -1.000000 0.000000
480000 17 S -163.895279 -17.974770 -98.601707 1.800000 0.000000 0.000000
480000 18 C -161.450668 -20.660994 -97.794731 2.150000 0.000000 0.000000
480000 19 P -162.335648 -15.395195 -96.237221 2.110000 -1.000000 0.000000
480000 20 S -161.428253 -18.441713 -94.120476 1.800000 0.000000 0.000000
480000 21 A -164.680710 -19.467621 -93.616783 2.150000 0.000000 0.000000
480000 22 P -158.911484 -19.317039 -91.325722 2.110000 -1.000000 0.000000
480000 23 S -159.129837 -22.760384 -92.553452 1.800000 0.000000 0.000000
480000 24 A -158.298050 -22.362633 -95.775009 2.150000 0.000000 0.000000
480000 25 P -156.065201 -24.773022 -91.651718 2.110000 -1.000000 0.000000
480000 26 S -157.477417 -27.875017 -93.575615 1.800000 0.000000 0.000000
480000 27 G -157.600647 -26.662725 -96.903893 2.150000 0.000000 0.000000
480000 28 P -154.295364 -30.120150 -93.611671 2.110000 -1.000000 0.000000
480000 29 S -154.396835 -32.030392 -96.816460 1.800000 0.000000 0.000000
480000 30 C -154.177277 -28.830570 -98.277588 2.150000 0.000000 0.000000
480000 31 P -151.221451 -33.640762 -97.228371 2.110000 -1.000000 0.000000
480000 32 S -152.621872 -34.354347 -100.769417 1.800000 0.000000 0.000000
480000 33 C -152.420456 -30.970827 -101.490074 2.150000 0.000000 0.000000
480000 34 P -149.348618 -35.421867 -102.713699 2.110000 -1.000000 0.000000
480000 35 S -149.151566 -34.265087 -106.289047 1.800000 0.000000 0.000000
480000 36 U -148.235779 -30.836178 -105.970947 2.150000 0.000000 0.000000
480000 37 P -145.745453 -35.576469 -105.008690 2.110000 -1.000000 0.000000
485000 1 P -146.609375 -18.985756 -114.633797 2.110000 -1.000000 1.000000
485000 2 S -147.812637 -20.805197 -117.802376 1.800000 0.000000 0.000000
485000 3 G -148.417114 -24.078720 -116.728638 2.150000 0.000000 0.000000
485000 4 P -151.070572 -19.114302 -117.222977 2.110000 -1.000000 0.000000
485000 5 S -153.463959 -21.936638 -118.248322 1.800000 0.000000 0.000000
485000 6 G -152.831390 -23.207764 -115.155243 2.150000 0.000000 0.000000
485000 7 P -156.010178 -19.223188 -117.169044 2.110000 -1.000000 0.000000
485000 8 S -158.858582 -21.689676 -116.287537 1.800000 0.000000 0.000000
485000 9 G -157.604324 -23.743460 -113.692970 2.150000 0.000000 0.000000
485000 10 P -160.349518 -18.513721 -114.703674 2.110000 -1.000000 0.000000
485000 11 S -162.234818 -19.867338 -111.625099 1.800000 0.000000 0.000000
485000 12 C -160.824722 -21.998701 -109.243149 2.150000 0.000000 0.000000
485000 13 P -162.031296 -16.335440 -110.196999 2.110000 -1.000000 0.000000
485000 14 S -163.811737 -17.156942 -106.963768 1.800000 0.000000 0.000000
485000 15 G -161.881866 -20.132187 -105.996063 2.150000 0.000000 0.000000
485000 16 P -162.022873 -14.058061 -105.752289 2.110000 -1.000000 0.000000
485000 17 S -160.322433 -14.938840 -102.332977 1.800000 0.000000 0.000000
485000 18 C -158.299896 -16.881271 -104.445854 2.150000 0.000000 0.000000
485000 19 P -157.328735 -12.603387 -102.334282 2.110000 -1.000000 0.000000
485000 20 S -155.455994 -16.026525 -102.343796 1.800000 0.000000 0.000000
485000 21 A -154.986160 -15.662874 -105.774956 2.150000 0.000000 0.000000
485000 22 P -151.943344 -17.543499 -101.955544 2.110000 -1.000000 0.000000
485000 23 S -153.035233 -20.268919 -99.558121 1.800000 0.000000 0.000000
485000 24 A -154.862274 -20.670839 -102.491295 2.150000 0.000000 0.000000
485000 25 P -150.242828 -23.038261 -100.187653 2.110000 -1.000000 0.000000
485000 26 S -153.063873 -25.692184 -100.229752 1.800000 0.000000 0.000000
485000 27 G -154.475662 -24.505812 -103.388924 2.150000 0.000000 0.000000
485000 28 P -151.415100 -28.605770 -101.771004 2.110000 -1.000000 0.000000
485000 29 S -154.574661 -30.305672 -103.514870 1.800000 0.000000 0.000000
485000 30 C -155.307663 -27.860239 -105.982986 2.150000 0.000000 0.000000
485000 31 P -152.566986 -32.807228 -105.649094 2.110000 -1.000000 0.000000
485000 32 S -155.592514 -33.002239 -107.844009 1.800000 0.000000 0.000000
485000 33 C -154.659561 -29.735817 -108.992401 2.150000 0.000000 0.000000
485000 34 P -153.959534 -34.943035 -110.655624 2.110000 -1.000000 0.000000
485000 35 S -156.029205 -33.201687 -113.179543 1.800000 0.000000 0.000000
485000 36 U -155.014908 -29.939816 -114.113213 2.150000 0.000000 0.000000
485000 37 P -153.577698 -34.761505 -115.670952 2.110000 -1.000000 0.000000
490000 1 P -149.548035 -23.236626 -117.551155 2.110000 -1.000000 1.000000
490000 2 S -151.492233 -26.355427 -118.819344 1.800000 0.000000 0.000000
490000 3 G -151.455368 -27.748848 -115.592400 2.150000 0.000000 0.000000
490000 4 P -154.201172 -23.792301 -117.720749 2.110000 -1.000000 0.000000
490000 5 S -156.686752 -26.535263 -116.608292 1.800000 0.000000 0.000000
490000 6 G -155.122818 -27.436338 -113.607010 2.150000 0.000000 0.000000
490000 7 P -158.668991 -23.760557 -115.450195 2.110000 -1.000000 0.000000
490000 8 S -161.159851 -23.979437 -112.571213 1.800000 0.000000 0.000000
490000 9 G -158.450729 -24.093420 -110.017807 2.150000 0.000000 0.000000
490000 10 P -161.330246 -20.188709 -112.348305 2.110000 -1.000000 0.000000
490000 11 S -162.301880 -20.054182 -108.614418 1.800000 0.000000 0.000000
490000 12 C -159.043488 -20.819698 -107.843941 2.150000 0.000000 0.000000
490000 13 P -161.809662 -16.193401 -108.440811 2.110000 -1.000000 0.000000
490000 14 S -162.076935 -15.586961 -104.720757 1.800000 0.000000 0.000000
490000 15 G -165.102051 -13.699163 -105.386292 2.150000 0.000000 0.000000
490000 16 P -161.242172 -12.125762 -103.486046 2.110000 -1.000000 0.000000
490000 17 S -160.405869 -14.707120 -100.908913 1.800000 0.000000 0.000000
490000 18 C -158.406494 -15.060074 -103.797928 2.150000 0.000000 0.000000
490000 19 P -157.577148 -12.906025 -99.385239 2.110000 -1.000000 0.000000
490000 20 S -157.498810 -15.956166 -97.149162 1.800000 0.000000 0.000000
490000 21 A -158.959625 -14.775180 -94.166183 2.150000 0.000000 0.000000
490000 22 P -153.949341 -15.488257 -95.228577 2.110000 -1.000000 0.000000
490000 23 S -155.484573 -18.951002 -96.122467 1.800000 0.000000 0.000000
490000 24 A -155.307037 -18.129673 -99.457451 2.150000 0.000000 0.000000
490000 25 P -152.426880 -21.298817 -95.714249 2.110000 -1.000000 0.000000
490000 26 S -153.471542 -24.405851 -97.679176 1.800000 0.000000 0.000000
490000 27 G -153.384048 -23.393948 -101.027077 2.150000 0.000000 0.000000
490000 28 P -151.336044 -27.626320 -98.313950 2.110000 -1.000000 0.000000
490000 29 S -154.048737 -29.615288 -100.095573 1.800000 0.000000 0.000000
490000 30 C -156.046402 -28.107214 -102.628410 2.150000 0.000000 0.000000
490000 31 P -152.656281 -33.146969 -101.233734 2.110000 -1.000000 0.000000
490000 32 S -155.590225 -33.976753 -103.525269 1.800000 0.000000 0.000000
490000 33 C -155.413452 -31.740705 -106.046432 2.150000 0.000000 0.000000
490000 34 P -153.225174 -36.641457 -104.839584 2.110000 -1.000000 0.000000
490000 35 S -153.534485 -37.295120 -108.684143 1.800000 0.000000 0.000000
490000 36 U -151.736649 -34.591621 -109.951363 2.150000 0.000000 0.000000
490000 37 P -150.261780 -38.836094 -109.531120 2.110000 -1.000000 0.000000
495000 1 P -142.086227 -19.829205 -112.077774 2.110000 -1.000000 1.000000
495000 2 S -144.287827 -21.675301 -114.600731 1.800000 0.000000 0.000000
495000 3 G -145.767288 -24.321955 -112.854668 2.150000 0.000000 0.000000
495000 4 P -147.303009 -19.094013 -114.002480 2.110000 -1.000000 0.000000
495000 5 S -149.619736 -21.621302 -115.563660 1.800000 0.000000 0.000000
495000 6 G -149.944290 -23.712008 -112.638771 2.150000 0.000000 0.000000
495000 7 P -152.603149 -19.638639 -114.135590 2.110000 -1.000000 0.000000
495000 8 S -155.433350 -22.423506 -114.072800 1.800000 0.000000 0.000000
495000 9 G -154.238449 -23.950754 -111.137489 2.150000 0.000000 0.000000
495000 10 P -156.768036 -19.174332 -112.821121 2.110000 -1.000000 0.000000
495000 11 S -159.668350 -19.447021 -110.231201 1.800000 0.000000 0.000000
495000 12 C -158.753143 -21.827318 -107.891670 2.150000 0.000000 0.000000
495000 13 P -158.956268 -15.710227 -109.562561 2.110000 -1.000000 0.000000
495000 14 S -160.171921 -16.313644 -105.993408 1.800000 0.000000 0.000000
495000 15 G -163.708054 -16.744383 -106.222382 2.150000 0.000000 0.000000
495000 16 P -158.269791 -13.643388 -103.985641 2.110000 -1.000000 0.000000
495000 17 S -159.125610 -15.475244 -100.854485 1.800000 0.000000 0.000000
495000 18 C -158.222946 -18.174639 -102.869675 2.150000 0.000000 0.000000
495000 19 P -155.973801 -13.989496 -99.143524 2.110000 -1.000000 0.000000
495000 20 S -155.311371 -17.369570 -97.568420 1.800000 0.000000 0.000000
495000 21 A -154.532349 -18.346746 -100.841019 2.150000 0.000000 0.000000
495000 22 P -151.631851 -18.412680 -96.416710 2.110000 -1.000000 0.000000
495000 23 S -153.259995 -21.993067 -96.743050 1.800000 0.000000 0.000000
495000 24 A -153.684128 -22.451694 -93.386299 2.150000 0.000000 0.000000
495000 25 P -150.941406 -24.870007 -96.946487 2.110000 -1.000000 0.000000
495000 26 S -153.889191 -27.046244 -98.082893 1.800000 0.000000 0.000000
495000 27 G -154.780411 -26.228912 -101.288673 2.150000 0.000000 0.000000
495000 28 P -151.842850 -30.262897 -99.186188 2.110000 -1.000000 0.000000
495000 29 S -154.302048 -31.766563 -101.663956 1.800000 0.000000 0.000000
495000 30 C -153.983932 -29.964214 -104.532204 2.150000 0.000000 0.000000
495000 31 P -150.985229 -33.517754 -102.884552 2.110000 -1.000000 0.000000
495000 32 S -152.692886 -33.551487 -106.231148 1.800000 0.000000 0.000000
495000 33 C -150.749512 -30.596420 -107.062202 2.150000 0.000000 0.000000
495000 34 P -149.467972 -35.660389 -106.300865 2.110000 -1.000000 0.000000
495000 35 S -147.707214 -35.859978 -109.790840 1.800000 0.000000 0.000000
495000 36 U -146.856155 -32.466763 -109.787933 2.150000 0.000000 0.000000
495000 37 P -144.808731 -37.165508 -107.609985 2.110000 -1.000000 0.000000
500000 1 P -137.441559 -16.459475 -106.297752 2.110000 -1.000000 1.000000
500000 2 S -136.567917 -18.301653 -109.505829 1.800000 0.000000 0.000000
500000 3 G -137.970886 -21.464640 -108.330315 2.150000 0.000000 0.000000
500000 4 P -140.248993 -17.035791 -110.254234 2.110000 -1.000000 0.000000
500000 5 S -141.351730 -20.131260 -112.015747 1.800000 0.000000 0.000000
500000 6 G -142.041351 -21.964817 -109.133705 2.150000 0.000000 0.000000
500000 7 P -144.574219 -18.294479 -112.051773 2.110000 -1.000000 0.000000
500000 8 S -146.469711 -21.267967 -113.322746 1.800000 0.000000 0.000000
500000 9 G -146.932800 -23.339352 -110.568802 2.150000 0.000000 0.000000
500000 10 P -149.924332 -19.432396 -112.727753 2.110000 -1.000000 0.000000
500000 11 S -152.501831 -22.030569 -112.174835 1.800000 0.000000 0.000000
500000 12 C -151.412292 -23.677729 -109.300987 2.150000 0.000000 0.000000
500000 13 P -153.269135 -18.764351 -110.674248 2.110000 -1.000000 0.000000
500000 14 S -155.858475 -19.989870 -108.061401 1.800000 0.000000 0.000000
500000 15 G -153.232590 -21.291990 -106.135384 2.150000 0.000000 0.000000
500000 16 P -155.665375 -16.928926 -106.039528 2.110000 -1.000000 0.000000
500000 17 S -157.295609 -19.409584 -103.626396 1.800000 0.000000 0.000000
500000 18 C -160.264145 -17.749483 -104.173027 2.150000 0.000000 0.000000
500000 19 P -155.080292 -16.604490 -102.037155 2.110000 -1.000000 0.000000
500000 20 S -154.823212 -18.975140 -99.232582 1.800000 0.000000 0.000000
500000 21 A -154.126511 -21.590656 -101.539421 2.150000 0.000000 0.000000
500000 22 P -151.572495 -19.154673 -97.153137 2.110000 -1.000000 0.000000
500000 23 S -152.034500 -22.887661 -96.664925 1.800000 0.000000 0.000000
500000 24 A -152.227402 -21.559635 -93.622742 2.150000 0.000000 0.000000
500000 25 P -148.856979 -24.737337 -95.629005 2.110000 -1.000000 0.000000
500000 26 S -151.229095 -27.135672 -97.469772 1.800000 0.000000 0.000000
500000 27 G -150.892380 -25.276737 -100.420494 2.150000 0.000000 0.000000
500000 28 P -148.535004 -29.825258 -98.209160 2.110000 -1.000000 0.000000
500000 29 S -148.820755 -30.951050 -101.695419 1.800000 0.000000 0.000000
500000 30 C -147.844849 -28.307404 -103.358337 2.150000 0.000000 0.000000
500000 31 P -145.614883 -32.823212 -101.312515 2.110000 -1.000000 0.000000
500000 32 S -144.844910 -33.068745 -104.996696 1.800000 0.000000 0.000000
500000 33 C -143.997269 -29.619274 -104.697624 2.150000 0.000000 0.000000
500000 34 P -141.566803 -34.005394 -103.311615 2.110000 -1.000000 0.000000
500000 35 S -140.346085 -33.150658 -106.900681 1.800000 0.000000 0.000000
500000 36 U -140.878723 -29.739737 -106.887398 2.150000 0.000000 0.000000
500000 37 P -136.507385 -32.944611 -107.525314 2.110000 -1.000000 0.000000
