380000 1 P -151.800400 27.196606 -89.610100 2.110000 -1.000000 1.000000
380000 2 S -149.467773 25.983875 -86.877945 1.800000 0.000000 0.000000
380000 3 G -146.518204 26.311247 -88.341644 2.150000 0.000000 0.000000
380000 4 P -149.990356 29.154108 -84.782890 2.110000 -1.000000 0.000000
380000 5 S -147.095139 29.517059 -82.569939 1.800000 0.000000 0.000000
380000 6 G -144.500275 30.224213 -84.751396 2.150000 0.000000 0.000000
380000 7 P -147.561859 33.108006 -81.630737 2.110000 -1.000000 0.000000
380000 8 S -144.051971 34.628147 -81.442024 1.800000 0.000000 0.000000
380000 9 G -143.938217 34.741528 -84.984818 2.150000 0.000000 0.000000
380000 10 P -146.270050 38.027637 -81.341980 2.110000 -1.000000 0.000000
380000 11 S -144.012970 40.853973 -82.606773 1.800000 0.000000 0.000000
380000 12 C -144.507339 40.057854 -85.846863 2.150000 0.000000 0.000000
380000 13 P -147.423050 42.265545 -82.644676 2.110000 -1.000000 0.000000
380000 14 S -146.541229 44.797249 -85.285248 1.800000 0.000000 0.000000
380000 15 G -146.222382 43.299786 -88.313019 2.150000 0.000000 0.000000
380000 16 P -150.421616 45.439705 -85.774666 2.110000 -1.000000 0.000000
380000 17 S -150.629822 46.697922 -89.267715 1.800000 0.000000 0.000000
380000 18 C -147.353943 47.565147 -90.217926 2.150000 0.000000 0.000000
380000 19 P -150.263000 43.574631 -91.383179 2.110000 -1.000000 0.000000
380000 20 S -150.300171 44.637630 -94.822556 1.800000 0.000000 0.000000
380000 21 A -147.385803 46.496605 -94.613373 2.150000 0.000000 0.000000
380000 22 P -148.700043 41.556412 -96.460938 2.110000 -1.000000 0.000000
380000 23 S -146.029297 42.755112 -98.945641 1.800000 0.000000 0.000000
380000 24 A -144.351486 44.195679 -96.413834 2.150000 0.000000 0.000000
380000 25 P -143.492584 39.751747 -99.600151 2.110000 -1.000000 0.000000
380000 26 S -141.002609 41.502384 -97.340500 1.800000 0.000000 0.000000
380000 27 G -142.049545 39.976528 -94.469704 2.150000 0.000000 0.000000
380000 28 P -138.483734 38.553051 -96.835732 2.110000 -1.000000 0.000000
380000 29 S -136.696274 39.214863 -93.560585 1.800000 0.000000 0.000000
380000 30 C -139.756714 38.810303 -91.846069 2.150000 0.000000 0.000000
380000 31 P -135.431702 35.716118 -94.384193 2.110000 -1.000000 0.000000
380000 32 S -134.721390 34.039753 -90.963646 1.800000 0.000000 0.000000
380000 33 C -137.702484 33.027691 -89.648842 2.150000 0.000000 0.000000
380000 34 P -134.128418 30.741810 -92.880920 2.110000 -1.000000 0.000000
380000 35 S -134.707687 28.292379 -89.995285 1.800000 0.000000 0.000000
380000 36 U -138.179443 27.527393 -90.670441 2.150000 0.000000 0.000000
380000 37 P -134.498566 25.993496 -93.156303 2.110000 -1.000000 0.000000
385000 1 P -147.291382 21.346308 -86.737541 2.110000 -1.000000 1.000000
385000 2 S -145.755875 22.635227 -83.535568 1.800000 0.000000 0.000000
385000 3 G -143.660995 25.215076 -84.825081 2.150000 0.000000 0.000000
385000 4 P -148.522079 25.056433 -83.282219 2.110000 -1.000000 0.000000
385000 5 S -146.735916 27.498629 -81.151665 1.800000 0.000000 0.000000
385000 6 G -144.773026 29.344015 -83.100784 2.150000 0.000000 0.000000
385000 7 P -149.612579 30.353243 -81.484879 2.110000 -1.000000 0.000000
385000 8 S -147.348770 33.594349 -81.239502 1.800000 0.000000 0.000000
385000 9 G -146.154968 33.544041 -84.476830 2.150000 0.000000 0.000000
385000 10 P -149.574814 36.494194 -81.579369 2.110000 -1.000000 0.000000
385000 11 S -146.906006 38.830948 -82.554901 1.800000 0.000000 0.000000
385000 12 C -146.449265 39.618088 -86.153107 2.150000 0.000000 0.000000
385000 13 P -149.534576 41.728939 -83.286896 2.110000 -1.000000 0.000000
385000 14 S -147.739929 43.494770 -86.044098 1.800000 0.000000 0.000000
385000 15 G -146.628799 45.770237 -83.701218 2.150000 0.000000 0.000000
385000 16 P -150.895325 45.732227 -86.465767 2.110000 -1.000000 0.000000
385000 17 S -150.121918 44.450039 -90.099861 1.800000 0.000000 0.000000
385000 18 C -153.354752 44.724262 -91.497528 2.150000 0.000000 0.000000
385000 19 P -150.073196 40.550522 -89.983566 2.110000 -1.000000 0.000000
385000 20 S -149.609207 40.695683 -93.803696 1.800000 0.000000 0.000000
385000 21 A -146.483780 41.621990 -94.323837 2.150000 0.000000 0.000000
385000 22 P -148.910736 36.931808 -94.040741 2.110000 -1.000000 0.000000
385000 23 S -148.769852 37.975197 -97.614891 1.800000 0.000000 0.000000
385000 24 A -145.975418 39.823952 -98.695900 2.150000 0.000000 0.000000
385000 25 P -146.962387 34.936680 -99.188866 2.110000 -1.000000 0.000000
385000 26 S -143.879791 36.786339 -97.711769 1.800000 0.000000 0.000000
385000 27 G -144.705292 37.009007 -94.356964 2.150000 0.000000 0.000000
385000 28 P -140.615631 34.903408 -97.528473 2.110000 -1.000000 0.000000
385000 29 S -139.962234 37.036541 -94.303780 1.800000 0.000000 0.000000
385000 30 C -141.950043 35.382820 -91.962173 2.150000 0.000000 0.000000
385000 31 P -136.961090 35.721920 -92.326157 2.110000 -1.000000 0.000000
385000 32 S -137.842438 37.532398 -89.190201 1.800000 0.000000 0.000000
385000 33 C -140.009674 35.127697 -87.898956 2.150000 0.000000 0.000000
385000 34 P -134.681519 35.893280 -87.789001 2.110000 -1.000000 0.000000
385000 35 S -136.289825 34.883144 -84.632736 1.800000 0.000000 0.000000
385000 36 U -138.055740 31.942636 -84.888618 2.150000 0.000000 0.000000
385000 37 P -133.127151 32.749321 -84.393082 2.110000 -1.000000 0.000000
390000 1 P -146.884308 29.543690 -88.417946 2.110000 -1.000000 1.000000
390000 2 S -144.987061 29.907965 -85.221687 1.800000 0.000000 0.000000
390000 3 G -142.372101 31.718315 -87.039352 2.150000 0.000000 0.000000
390000 4 P -147.052765 32.599060 -83.523361 2.110000 -1.000000 0.000000
390000 5 S -144.164322 34.006599 -81.641571 1.800000 0.000000 0.000000
390000 6 G -142.680573 36.052883 -84.076752 2.150000 0.000000 0.000000
390000 7 P -145.780518 36.984543 -80.425163 2.110000 -1.000000 0.000000
390000 8 S -142.137909 38.054028 -79.711739 1.800000 0.000000 0.000000
390000 9 G -140.514908 38.772449 -82.595200 2.150000 0.000000 0.000000
390000 10 P -144.115051 41.296326 -79.267738 2.110000 -1.000000 0.000000
390000 11 S -141.203033 43.353638 -80.905876 1.800000 0.000000 0.000000
390000 12 C -140.664413 42.931786 -84.314758 2.150000 0.000000 0.000000
390000 13 P -144.291275 45.581455 -80.506355 2.110000 -1.000000 0.000000
390000 14 S -144.408417 46.567719 -84.190002 1.800000 0.000000 0.000000
390000 15 G -145.006256 42.954292 -85.083153 2.150000 0.000000 0.000000
390000 16 P -148.091934 47.529514 -83.852432 2.110000 -1.000000 0.000000
390000 17 S -148.667465 47.781948 -87.634056 1.800000 0.000000 0.000000
390000 18 C -145.446518 49.112011 -88.076485 2.150000 0.000000 0.000000
390000 19 P -148.010269 43.953911 -88.472923 2.110000 -1.000000 0.000000
390000 20 S -146.359711 43.235062 -91.820061 1.800000 0.000000 0.000000
390000 21 A -143.161072 43.936623 -91.260635 2.150000 0.000000 0.000000
390000 22 P -145.499069 39.479568 -91.485970 2.110000 -1.000000 0.000000
390000 23 S -145.460022 39.399193 -95.264931 1.800000 0.000000 0.000000
390000 24 A -143.427505 42.203884 -94.963997 2.150000 0.000000 0.000000
390000 25 P -143.391098 36.502441 -96.230515 2.110000 -1.000000 0.000000
390000 26 S -140.160812 38.397625 -95.367989 1.800000 0.000000 0.000000
390000 27 G -140.993713 38.482941 -92.142212 2.150000 0.000000 0.000000
390000 28 P -137.010544 36.289700 -95.786125 2.110000 -1.000000 0.000000
390000 29 S -135.244858 38.959709 -93.669228 1.800000 0.000000 0.000000
390000 30 C -137.208130 38.052067 -90.978180 2.150000 0.000000 0.000000
390000 31 P -131.830612 37.131763 -92.492233 2.110000 -1.000000 0.000000
390000 32 S -131.878983 38.868530 -89.113220 1.800000 0.000000 0.000000
390000 33 C -134.661926 37.177757 -87.913750 2.150000 0.000000 0.000000
390000 34 P -129.103973 36.197903 -88.060104 2.110000 -1.000000 0.000000
390000 35 S -131.072708 35.633705 -84.936630 1.800000 0.000000 0.000000
390000 36 U -133.851730 33.576382 -85.265732 2.150000 0.000000 0.000000
390000 37 P -129.049622 32.682312 -83.862450 2.110000 -1.000000 0.000000
395000 1 P -140.022079 24.749983 -81.518478 2.110000 -1.000000 1.000000
395000 2 S -136.551315 25.785896 -80.343307 1.800000 0.000000 0.000000
395000 3 G -134.950836 26.671240 -83.382118 2.150000 0.000000 0.000000
395000 4 P -138.233200 29.112715 -79.801239 2.110000 -1.000000 0.000000
395000 5 S -136.053497 31.850954 -80.698311 1.800000 0.000000 0.000000
395000 6 G -136.387375 32.408546 -84.087051 2.150000 0.000000 0.000000
395000 7 P -138.671890 34.802711 -80.049232 2.110000 -1.000000 0.000000
395000 8 S -136.062836 37.117432 -81.612747 1.800000 0.000000 0.000000
395000 9 G -136.763672 36.463261 -85.064423 2.150000 0.000000 0.000000
395000 10 P -138.407440 40.215115 -81.045860 2.110000 -1.000000 0.000000
395000 11 S -137.948959 42.771076 -83.880699 1.800000 0.000000 0.000000
395000 12 C -138.978180 40.881737 -86.469070 2.150000 0.000000 0.000000
395000 13 P -140.982498 44.290646 -82.447731 2.110000 -1.000000 0.000000
395000 14 S -141.953537 45.149349 -85.935265 1.800000 0.000000 0.000000
395000 15 G -143.017990 41.801064 -86.875732 2.150000 0.000000 0.000000
395000 16 P -145.586243 46.105293 -86.182541 2.110000 -1.000000 0.000000
395000 17 S -147.891373 44.929337 -88.992393 1.800000 0.000000 0.000000
395000 18 C -145.991577 46.837139 -91.135666 2.150000 0.000000 0.000000
395000 19 P -147.016632 41.146435 -89.029930 2.110000 -1.000000 0.000000
395000 20 S -148.193436 40.592720 -92.495918 1.800000 0.000000 0.000000
395000 21 A -145.397156 42.248066 -93.690407 2.150000 0.000000 0.000000
395000 22 P -146.531021 37.275749 -92.847275 2.110000 -1.000000 0.000000
395000 23 S -145.017380 37.821270 -96.315094 1.800000 0.000000 0.000000
395000 24 A -147.862381 36.579563 -98.123741 2.150000 0.000000 0.000000
395000 25 P -142.971741 34.832760 -97.591675 2.110000 -1.000000 0.000000
395000 26 S -140.232559 37.478703 -98.000366 1.800000 0.000000 0.000000
395000 27 G -139.328873 37.527107 -94.547882 2.150000 0.000000 0.000000
395000 28 P -137.802704 34.827099 -99.222290 2.110000 -1.000000 0.000000
395000 29 S -135.540726 36.825615 -97.096085 1.800000 0.000000 0.000000
395000 30 C -135.309128 37.347702 -93.487900 2.150000 0.000000 0.000000
395000 31 P -132.830185 34.002457 -97.225204 2.110000 -1.000000 0.000000
395000 32 S -130.515106 35.299702 -94.493614 1.800000 0.000000 0.000000
395000 33 C -132.409988 34.018322 -92.061081 2.150000 0.000000 0.000000
395000 34 P -127.733284 32.815926 -93.490425 2.110000 -1.000000 0.000000
395000 35 S -127.010475 33.497776 -89.803116 1.800000 0.000000 0.000000
395000 36 U -130.004211 32.544083 -88.338997 2.150000 0.000000 0.000000
395000 37 P -124.697876 30.302282 -88.925629 2.110000 -1.000000 0.000000
400000 1 P -138.196457 29.465782 -72.495514 2.110000 -1.000000 1.000000
400000 2 S -134.990051 31.408279 -72.875031 1.800000 0.000000 0.000000
400000 3 G -135.017242 31.300488 -76.330307 2.150000 0.000000 0.000000
400000 4 P -136.885605 35.030502 -72.840515 2.110000 -1.000000 0.000000
400000 5 S -133.890564 36.709141 -74.536011 1.800000 0.000000 0.000000
400000 6 G -134.738251 36.462517 -77.883842 2.150000 0.000000 0.000000
400000 7 P -136.128571 39.763466 -74.262917 2.110000 -1.000000 0.000000
400000 8 S -135.231186 41.851456 -77.294304 1.800000 0.000000 0.000000
400000 9 G -136.651276 39.513058 -79.445244 2.150000 0.000000 0.000000
400000 10 P -138.262268 43.774048 -77.164093 2.110000 -1.000000 0.000000
400000 11 S -137.920212 44.295143 -81.048645 1.800000 0.000000 0.000000
400000 12 C -139.398453 41.098198 -81.392433 2.150000 0.000000 0.000000
400000 13 P -141.311966 46.097538 -79.953407 2.110000 -1.000000 0.000000
400000 14 S -143.753891 44.556618 -82.456009 1.800000 0.000000 0.000000
400000 15 G -143.785843 41.586094 -80.594101 2.150000 0.000000 0.000000
400000 16 P -146.738174 45.893929 -80.349480 2.110000 -1.000000 0.000000
400000 17 S -149.374451 43.440422 -81.617821 1.800000 0.000000 0.000000
400000 18 C -152.174561 44.180904 -79.799049 2.150000 0.000000 0.000000
400000 19 P -148.348618 39.959751 -80.623650 2.110000 -1.000000 0.000000
400000 20 S -149.977509 38.499107 -83.759888 1.800000 0.000000 0.000000
400000 21 A -148.174606 40.437561 -86.174965 2.150000 0.000000 0.000000
400000 22 P -147.689850 35.461723 -83.774719 2.110000 -1.000000 0.000000
400000 23 S -148.677582 34.118050 -87.437263 1.800000 0.000000 0.000000
400000 24 A -147.313797 36.578785 -89.434372 2.150000 0.000000 0.000000
400000 25 P -146.630997 30.893982 -87.897621 2.110000 -1.000000 0.000000
400000 26 S -144.065643 33.144150 -89.381676 1.800000 0.000000 0.000000
400000 27 G -143.008865 34.423717 -86.453865 2.150000 0.000000 0.000000
400000 28 P -140.675140 31.499390 -90.026970 2.110000 -1.000000 0.000000
400000 29 S -138.684738 34.799740 -90.652458 1.800000 0.000000 0.000000
400000 30 C -138.978119 35.731224 -87.375450 2.150000 0.000000 0.000000
400000 31 P -135.331451 33.028408 -90.940308 2.110000 -1.000000 0.000000
400000 32 S -133.300964 35.929333 -89.898468 1.800000 0.000000 0.000000
400000 33 C -134.454224 35.841782 -86.701920 2.150000 0.000000 0.000000
400000 34 P -130.320190 33.840996 -89.164551 2.110000 -1.000000 0.000000
400000 35 S -129.018143 35.635181 -85.990860 1.800000 0.000000 0.000000
400000 36 U -131.653290 34.585659 -83.820442 2.150000 0.000000 0.000000
400000 37 P -126.576958 32.618454 -86.144737 2.110000 -1.000000 0.000000
405000 1 P -137.989548 27.791300 -70.410278 2.110000 -1.000000 1.000000
405000 2 S -134.914658 29.877750 -69.708809 1.800000 0.000000 0.000000
405000 3 G -134.725067 30.992069 -73.073822 2.150000 0.000000 0.000000
405000 4 P -136.516708 33.497734 -68.793762 2.110000 -1.000000 0.000000
405000 5 S -133.510849 35.424164 -70.251213 1.800000 0.000000 0.000000
405000 6 G -134.721191 35.280167 -73.572586 2.150000 0.000000 0.000000
405000 7 P -135.549088 38.643917 -70.360512 2.110000 -1.000000 0.000000
405000 8 S -133.359863 39.677246 -73.281105 1.800000 0.000000 0.000000
405000 9 G -134.668213 38.177155 -75.963234 2.150000 0.000000 0.000000
405000 10 P -136.392731 42.076302 -72.591827 2.110000 -1.000000 0.000000
405000 11 S -137.446915 44.090469 -75.698074 1.800000 0.000000 0.000000
405000 12 C -138.555328 41.461563 -77.621727 2.150000 0.000000 0.000000
405000 13 P -140.752869 44.729233 -73.654305 2.110000 -1.000000 0.000000
405000 14 S -143.158478 43.331432 -76.205086 1.800000 0.000000 0.000000
405000 15 G -142.146545 40.204796 -75.619621 2.150000 0.000000 0.000000
405000 16 P -145.050003 43.377617 -72.949615 2.110000 -1.000000 0.000000
405000 17 S -148.053726 41.657787 -74.402023 1.800000 0.000000 0.000000
405000 18 C -147.486801 43.836582 -76.853058 2.150000 0.000000 0.000000
405000 19 P -145.729187 38.696037 -75.361794 2.110000 -1.000000 0.000000
405000 20 S -147.706467 37.544262 -78.620697 1.800000 0.000000 0.000000
405000 21 A -147.296783 39.687500 -81.477661 2.150000 0.000000 0.000000
405000 22 P -145.089371 35.081985 -79.999344 2.110000 -1.000000 0.000000
405000 23 S -147.660492 34.883366 -82.788780 1.800000 0.000000 0.000000
405000 24 A -149.768784 33.793976 -80.019714 2.150000 0.000000 0.000000
405000 25 P -146.058273 31.810518 -83.934410 2.110000 -1.000000 0.000000
405000 26 S -144.486908 34.548840 -85.896271 1.800000 0.000000 0.000000
405000 27 G -142.713165 36.393871 -83.743050 2.150000 0.000000 0.000000
405000 28 P -141.434555 33.003139 -87.529724 2.110000 -1.000000 0.000000
405000 29 S -139.302170 35.982159 -87.048523 1.800000 0.000000 0.000000
405000 30 C -137.574570 36.114353 -84.107605 2.150000 0.000000 0.000000
405000 31 P -135.786697 34.711952 -87.554916 2.110000 -1.000000 0.000000
405000 32 S -134.274887 37.595020 -85.710869 1.800000 0.000000 0.000000
405000 33 C -133.919739 37.219864 -82.146355 2.150000 0.000000 0.000000
405000 34 P -131.358398 35.292099 -85.962585 2.110000 -1.000000 0.000000
405000 35 S -129.421677 36.052879 -82.733162 1.800000 0.000000 0.000000
405000 36 U -130.863052 35.966534 -79.478493 2.150000 0.000000 0.000000
405000 37 P -127.155403 33.063442 -83.175667 2.110000 -1.000000 0.000000
410000 1 P -131.748688 32.244923 -71.345261 2.110000 -1.000000 1.000000
410000 2 S -128.942444 34.798820 -70.979782 1.800000 0.000000 0.000000
410000 3 G -128.353622 35.575111 -74.476479 2.150000 0.000000 0.000000
410000 4 P -131.062210 37.441456 -69.649658 2.110000 -1.000000 0.000000
410000 5 S -129.186920 40.366299 -71.551842 1.800000 0.000000 0.000000
410000 6 G -129.782150 40.398533 -75.024261 2.150000 0.000000 0.000000
410000 7 P -132.291809 42.150913 -70.631660 2.110000 -1.000000 0.000000
410000 8 S -132.476547 44.782192 -73.177429 1.800000 0.000000 0.000000
410000 9 G -133.505905 42.947422 -75.867996 2.150000 0.000000 0.000000
410000 10 P -135.578033 46.128269 -71.785660 2.110000 -1.000000 0.000000
410000 11 S -136.857437 48.032761 -74.789299 1.800000 0.000000 0.000000
410000 12 C -137.847137 45.864296 -77.145126 2.150000 0.000000 0.000000
410000 13 P -139.995056 47.714310 -72.420364 2.110000 -1.000000 0.000000
410000 14 S -142.753387 47.213112 -74.983353 1.800000 0.000000 0.000000
410000 15 G -141.672714 44.144180 -76.298172 2.150000 0.000000 0.000000
410000 16 P -145.485809 45.867126 -72.674393 2.110000 -1.000000 0.000000
410000 17 S -147.376251 43.268044 -74.586647 1.800000 0.000000 0.000000
410000 18 C -147.598282 45.608063 -77.442413 2.150000 0.000000 0.000000
410000 19 P -145.074234 40.801838 -76.163521 2.110000 -1.000000 0.000000
410000 20 S -146.857574 39.258347 -79.171524 1.800000 0.000000 0.000000
410000 21 A -145.703506 42.126167 -81.141090 2.150000 0.000000 0.000000
410000 22 P -143.913635 37.312862 -80.410744 2.110000 -1.000000 0.000000
410000 23 S -145.428223 36.573761 -83.661667 1.800000 0.000000 0.000000
410000 24 A -144.535583 40.044315 -84.103943 2.150000 0.000000 0.000000
410000 25 P -142.439224 35.201359 -85.509377 2.110000 -1.000000 0.000000
410000 26 S -141.688721 38.915047 -86.174736 1.800000 0.000000 0.000000
410000 27 G -140.254471 39.927151 -83.003708 2.150000 0.000000 0.000000
410000 28 P -138.743271 37.002804 -87.083344 2.110000 -1.000000 0.000000
410000 29 S -136.693253 40.010231 -87.329163 1.800000 0.000000 0.000000
410000 30 C -136.325195 40.851204 -84.013496 2.150000 0.000000 0.000000
410000 31 P -133.504028 37.806442 -87.657562 2.110000 -1.000000 0.000000
410000 32 S -130.767670 40.367535 -87.206093 1.800000 0.000000 0.000000
410000 33 C -131.101181 39.521576 -83.732742 2.150000 0.000000 0.000000
410000 34 P -128.812622 37.147587 -88.232506 2.110000 -1.000000 0.000000
410000 35 S -125.747375 37.331757 -86.063011 1.800000 0.000000 0.000000
410000 36 U -125.871124 37.771778 -82.501335 2.150000 0.000000 0.000000
410000 37 P -123.354889 34.190216 -86.697678 2.110000 -1.000000 0.000000
415000 1 P -134.596680 32.563126 -73.318764 2.110000 -1.000000 1.000000
415000 2 S -130.967804 31.442093 -72.424545 1.800000 0.000000 0.000000
415000 3 G -128.939407 33.447006 -74.646164 2.150000 0.000000 0.000000
415000 4 P -131.047791 34.591511 -70.161461 2.110000 -1.000000 0.000000
415000 5 S -128.164352 36.947491 -70.939331 1.800000 0.000000 0.000000
415000 6 G -128.947647 38.570496 -73.806038 2.150000 0.000000 0.000000
415000 7 P -130.306366 39.373478 -69.105186 2.110000 -1.000000 0.000000
415000 8 S -128.284332 42.342323 -70.776566 1.800000 0.000000 0.000000
415000 9 G -128.775757 43.067928 -74.064354 2.150000 0.000000 0.000000
415000 10 P -131.202164 43.863541 -69.185074 2.110000 -1.000000 0.000000
415000 11 S -131.591568 46.639019 -71.811485 1.800000 0.000000 0.000000
415000 12 C -132.743271 44.878452 -74.675766 2.150000 0.000000 0.000000
415000 13 P -134.931046 46.167583 -69.867310 2.110000 -1.000000 0.000000
415000 14 S -137.099915 46.620743 -72.960640 1.800000 0.000000 0.000000
415000 15 G -136.710144 43.445320 -74.421623 2.150000 0.000000 0.000000
415000 16 P -139.839523 45.519665 -70.624130 2.110000 -1.000000 0.000000
415000 17 S -141.754898 44.834866 -73.826401 1.800000 0.000000 0.000000
415000 18 C -140.105865 45.657795 -76.588821 2.150000 0.000000 0.000000
415000 19 P -141.639542 41.135998 -74.550964 2.110000 -1.000000 0.000000
415000 20 S -143.843185 40.687035 -77.566505 1.800000 0.000000 0.000000
415000 21 A -142.630463 42.678097 -79.743706 2.150000 0.000000 0.000000
415000 22 P -143.044373 37.072327 -78.712593 2.110000 -1.000000 0.000000
415000 23 S -141.394943 38.735161 -81.707062 1.800000 0.000000 0.000000
415000 24 A -139.351395 40.137108 -79.274300 2.150000 0.000000 0.000000
415000 25 P -139.051849 36.185623 -83.428581 2.110000 -1.000000 0.000000
415000 26 S -137.614426 39.562336 -84.632111 1.800000 0.000000 0.000000
415000 27 G -136.031998 40.875565 -81.948814 2.150000 0.000000 0.000000
415000 28 P -134.447998 38.795689 -86.431587 2.110000 -1.000000 0.000000
415000 29 S -132.297974 41.956367 -86.018112 1.800000 0.000000 0.000000
415000 30 C -131.585419 42.963371 -82.652496 2.150000 0.000000 0.000000
415000 31 P -129.219177 40.475388 -87.678604 2.110000 -1.000000 0.000000
415000 32 S -126.816673 41.580048 -85.250557 1.800000 0.000000 0.000000
415000 33 C -128.820129 40.239548 -82.647903 2.150000 0.000000 0.000000
415000 34 P -124.741928 38.983463 -86.880913 2.110000 -1.000000 0.000000
415000 35 S -122.571037 37.890064 -83.883186 1.800000 0.000000 0.000000
415000 36 U -124.343460 35.332237 -82.402695 2.150000 0.000000 0.000000
415000 37 P -120.845184 34.563507 -85.023804 2.110000 -1.000000 0.000000
420000 1 P -128.878693 34.496742 -72.948051 2.110000 -1.000000 1.000000
420000 2 S -125.785202 32.975929 -71.357979 1.800000 0.000000 0.000000
420000 3 G -122.790863 34.261429 -72.628418 2.150000 0.000000 0.000000
420000 4 P -126.394753 35.755093 -68.971153 2.110000 -1.000000 0.000000
420000 5 S -122.985298 37.511410 -68.866982 1.800000 0.000000 0.000000
420000 6 G -122.971512 39.005405 -71.882874 2.150000 0.000000 0.000000
420000 7 P -125.195839 40.174206 -67.321648 2.110000 -1.000000 0.000000
420000 8 S -123.856880 43.324417 -68.451790 1.800000 0.000000 0.000000
420000 9 G -124.441711 42.818356 -71.998688 2.150000 0.000000 0.000000
420000 10 P -127.214951 45.170261 -67.744263 2.110000 -1.000000 0.000000
420000 11 S -126.995598 48.495373 -69.591980 1.800000 0.000000 0.000000
420000 12 C -126.471466 46.352509 -72.297287 2.150000 0.000000 0.000000
420000 13 P -130.570038 47.528389 -68.355850 2.110000 -1.000000 0.000000
420000 14 S -132.680527 50.355732 -70.224365 1.800000 0.000000 0.000000
420000 15 G -130.700745 49.209087 -72.841087 2.150000 0.000000 0.000000
420000 16 P -136.355789 49.011616 -70.010330 2.110000 -1.000000 0.000000
420000 17 S -137.668274 50.039104 -73.506485 1.800000 0.000000 0.000000
420000 18 C -134.586334 50.099617 -75.017570 2.150000 0.000000 0.000000
420000 19 P -138.616318 46.377724 -74.441620 2.110000 -1.000000 0.000000
420000 20 S -138.053055 47.179127 -78.217430 1.800000 0.000000 0.000000
420000 21 A -134.296692 47.662460 -78.307648 2.150000 0.000000 0.000000
420000 22 P -137.200653 43.678638 -79.894989 2.110000 -1.000000 0.000000
420000 23 S -134.973312 45.308418 -82.529480 1.800000 0.000000 0.000000
420000 24 A -137.637299 43.477272 -84.170349 2.150000 0.000000 0.000000
420000 25 P -132.687027 42.043076 -83.160812 2.110000 -1.000000 0.000000
420000 26 S -130.290817 44.802280 -84.289062 1.800000 0.000000 0.000000
420000 27 G -128.941971 45.347946 -81.059959 2.150000 0.000000 0.000000
420000 28 P -127.270882 42.598515 -85.420135 2.110000 -1.000000 0.000000
420000 29 S -124.286842 44.769196 -84.190315 1.800000 0.000000 0.000000
420000 30 C -125.028961 44.393578 -80.759415 2.150000 0.000000 0.000000
420000 31 P -121.418999 42.494652 -85.139603 2.110000 -1.000000 0.000000
420000 32 S -118.798615 43.158051 -82.397079 1.800000 0.000000 0.000000
420000 33 C -120.253174 42.001801 -79.580566 2.150000 0.000000 0.000000
420000 34 P -116.330719 40.406258 -83.568359 2.110000 -1.000000 0.000000
420000 35 S -114.733986 39.508858 -80.204422 1.800000 0.000000 0.000000
420000 36 U -117.226257 37.481861 -79.050125 2.150000 0.000000 0.000000
420000 37 P -112.764069 36.441174 -80.757195 2.110000 -1.000000 0.000000
425000 1 P -124.429543 40.356361 -65.797592 2.110000 -1.000000 1.000000
425000 2 S -120.801628 40.947105 -65.662933 1.800000 0.000000 0.000000
425000 3 G -120.525238 42.393215 -68.896751 2.150000 0.000000 0.000000
425000 4 P -123.293541 43.391911 -63.768368 2.110000 -1.000000 0.000000
425000 5 S -120.891335 46.374535 -63.952873 1.800000 0.000000 0.000000
425000 6 G -121.262527 47.757256 -67.215904 2.150000 0.000000 0.000000
425000 7 P -123.861832 48.394016 -62.692089 2.110000 -1.000000 0.000000
425000 8 S -123.152840 51.537052 -64.839470 1.800000 0.000000 0.000000
425000 9 G -124.488243 50.044334 -67.763885 2.150000 0.000000 0.000000
425000 10 P -126.207146 52.452095 -63.109493 2.110000 -1.000000 0.000000
425000 11 S -127.478920 55.217724 -65.550438 1.800000 0.000000 0.000000
425000 12 C -126.296402 54.004086 -68.726242 2.150000 0.000000 0.000000
425000 13 P -131.261124 54.840187 -65.221298 2.110000 -1.000000 0.000000
425000 14 S -131.445068 56.199352 -68.919846 1.800000 0.000000 0.000000
425000 15 G -129.525177 54.966858 -71.427155 2.150000 0.000000 0.000000
425000 16 P -134.555740 54.382458 -68.400124 2.110000 -1.000000 0.000000
425000 17 S -133.634842 54.025951 -71.985199 1.800000 0.000000 0.000000
425000 18 C -131.914764 51.373814 -70.876633 2.150000 0.000000 0.000000
425000 19 P -135.620087 50.809795 -71.725754 2.110000 -1.000000 0.000000
425000 20 S -135.660614 51.296410 -75.664246 1.800000 0.000000 0.000000
425000 21 A -131.996918 52.364380 -76.142540 2.150000 0.000000 0.000000
425000 22 P -135.390930 47.379578 -75.819168 2.110000 -1.000000 0.000000
425000 23 S -132.723770 48.745853 -78.048302 1.800000 0.000000 0.000000
425000 24 A -134.740616 49.928177 -80.719643 2.150000 0.000000 0.000000
425000 25 P -130.285645 46.409607 -79.667664 2.110000 -1.000000 0.000000
425000 26 S -128.225754 49.616940 -79.959152 1.800000 0.000000 0.000000
425000 27 G -127.327499 49.685753 -76.462624 2.150000 0.000000 0.000000
425000 28 P -125.064713 48.039848 -81.438728 2.110000 -1.000000 0.000000
425000 29 S -123.123138 51.068874 -79.797791 1.800000 0.000000 0.000000
425000 30 C -123.572258 49.466751 -76.725464 2.150000 0.000000 0.000000
425000 31 P -119.889641 50.167778 -80.927788 2.110000 -1.000000 0.000000
425000 32 S -117.794472 51.400810 -78.019295 1.800000 0.000000 0.000000
425000 33 C -117.682388 49.129684 -75.178169 2.150000 0.000000 0.000000
425000 34 P -115.111389 49.634686 -79.914078 2.110000 -1.000000 0.000000
425000 35 S -113.383736 47.852489 -77.018600 1.800000 0.000000 0.000000
425000 36 U -115.565353 45.528439 -75.432068 2.150000 0.000000 0.000000
425000 37 P -111.931862 45.857010 -79.989395 2.110000 -1.000000 0.000000
430000 1 P -123.055428 42.479534 -63.506126 2.110000 -1.000000 1.000000
430000 2 S -120.011688 42.570938 -61.096596 1.800000 0.000000 0.000000
430000 3 G -117.573349 43.459473 -63.443172 2.150000 0.000000 0.000000
430000 4 P -121.405045 45.835815 -59.589851 2.110000 -1.000000 0.000000
430000 5 S -118.071014 47.500298 -58.829784 1.800000 0.000000 0.000000
430000 6 G -116.693398 48.446686 -61.905144 2.150000 0.000000 0.000000
430000 7 P -120.690079 50.348534 -58.929920 2.110000 -1.000000 0.000000
430000 8 S -119.241463 53.579689 -60.213409 1.800000 0.000000 0.000000
430000 9 G -119.042099 52.603436 -63.485569 2.150000 0.000000 0.000000
430000 10 P -123.033356 53.917301 -59.390717 2.110000 -1.000000 0.000000
430000 11 S -124.121994 56.558296 -61.997704 1.800000 0.000000 0.000000
430000 12 C -123.846535 54.668724 -64.797958 2.150000 0.000000 0.000000
430000 13 P -127.536064 54.909218 -61.036686 2.110000 -1.000000 0.000000
430000 14 S -128.544067 56.357994 -64.296921 1.800000 0.000000 0.000000
430000 15 G -130.485153 58.439716 -62.562756 2.150000 0.000000 0.000000
430000 16 P -131.429886 53.902874 -64.531982 2.110000 -1.000000 0.000000
430000 17 S -131.429688 54.609707 -68.442261 1.800000 0.000000 0.000000
430000 18 C -127.913994 54.515621 -68.521317 2.150000 0.000000 0.000000
430000 19 P -132.558365 51.435677 -69.922249 2.110000 -1.000000 0.000000
430000 20 S -131.048752 52.139503 -73.367256 1.800000 0.000000 0.000000
430000 21 A -127.831078 53.059383 -72.756149 2.150000 0.000000 0.000000
430000 22 P -130.470108 48.851238 -74.934402 2.110000 -1.000000 0.000000
430000 23 S -126.813583 49.807121 -75.787605 1.800000 0.000000 0.000000
430000 24 A -126.900726 49.241199 -71.907898 2.150000 0.000000 0.000000
430000 25 P -123.875458 47.657322 -76.807549 2.110000 -1.000000 0.000000
430000 26 S -122.214523 51.019485 -76.427078 1.800000 0.000000 0.000000
430000 27 G -121.549629 52.398296 -73.254196 2.150000 0.000000 0.000000
430000 28 P -118.757828 49.586105 -76.644348 2.110000 -1.000000 0.000000
430000 29 S -116.685616 52.515957 -75.583138 1.800000 0.000000 0.000000
430000 30 C -117.422127 53.043190 -72.194862 2.150000 0.000000 0.000000
430000 31 P -113.548676 50.670803 -74.848839 2.110000 -1.000000 0.000000
430000 32 S -112.815140 53.496769 -72.363396 1.800000 0.000000 0.000000
430000 33 C -114.570854 52.037170 -69.733994 2.150000 0.000000 0.000000
430000 34 P -109.962471 51.375736 -72.097275 2.110000 -1.000000 0.000000
430000 35 S -109.499435 50.895542 -68.285370 1.800000 0.000000 0.000000
430000 36 U -112.260498 49.975765 -66.581573 2.150000 0.000000 0.000000
430000 37 P -106.941132 48.255291 -68.903786 2.110000 -1.000000 0.000000
435000 1 P -127.542793 42.660099 -61.224304 2.110000 -1.000000 1.000000
435000 2 S -123.981956 44.112164 -60.716595 1.800000 0.000000 0.000000
435000 3 G -122.969574 43.918587 -64.111763 2.150000 0.000000 0.000000
435000 4 P -125.311958 47.700722 -59.827168 2.110000 -1.000000 0.000000
435000 5 S -121.737679 48.994076 -59.836700 1.800000 0.000000 0.000000
435000 6 G -122.279495 48.895992 -63.322678 2.150000 0.000000 0.000000
435000 7 P -124.177269 52.024334 -59.157490 2.110000 -1.000000 0.000000
435000 8 S -122.199982 54.834625 -60.608665 1.800000 0.000000 0.000000
435000 9 G -121.702362 54.058861 -63.982327 2.150000 0.000000 0.000000
435000 10 P -125.945862 55.578751 -60.632637 2.110000 -1.000000 0.000000
435000 11 S -127.733223 57.908230 -62.902573 1.800000 0.000000 0.000000
435000 12 C -126.681900 56.096886 -65.782921 2.150000 0.000000 0.000000
435000 13 P -131.390213 57.230328 -62.548504 2.110000 -1.000000 0.000000
435000 14 S -132.467621 58.626446 -65.879219 1.800000 0.000000 0.000000
435000 15 G -131.408890 56.161926 -68.200043 2.150000 0.000000 0.000000
435000 16 P -136.147964 57.874889 -66.161438 2.110000 -1.000000 0.000000
435000 17 S -135.856186 58.620876 -69.963112 1.800000 0.000000 0.000000
435000 18 C -139.250763 58.224327 -70.415779 2.150000 0.000000 0.000000
435000 19 P -136.049973 54.960255 -70.658554 2.110000 -1.000000 0.000000
435000 20 S -135.144073 54.650173 -74.212830 1.800000 0.000000 0.000000
435000 21 A -132.196335 55.770355 -72.282661 2.150000 0.000000 0.000000
435000 22 P -134.110229 50.969894 -74.723839 2.110000 -1.000000 0.000000
435000 23 S -132.106781 53.015179 -77.355080 1.800000 0.000000 0.000000
435000 24 A -134.134079 52.258255 -79.866882 2.150000 0.000000 0.000000
435000 25 P -128.947052 50.846001 -78.219910 2.110000 -1.000000 0.000000
435000 26 S -126.628838 53.956474 -77.921646 1.800000 0.000000 0.000000
435000 27 G -126.731186 53.998047 -74.453201 2.150000 0.000000 0.000000
435000 28 P -123.265846 52.036396 -77.667587 2.110000 -1.000000 0.000000
435000 29 S -121.002716 54.574585 -76.010025 1.800000 0.000000 0.000000
435000 30 C -122.398994 54.217709 -72.759033 2.150000 0.000000 0.000000
435000 31 P -117.951172 52.687927 -75.889244 2.110000 -1.000000 0.000000
435000 32 S -116.580215 53.887367 -72.464722 1.800000 0.000000 0.000000
435000 33 C -119.356400 52.370316 -71.017654 2.150000 0.000000 0.000000
435000 34 P -114.206245 51.015747 -72.427071 2.110000 -1.000000 0.000000
435000 35 S -114.893578 51.223984 -68.745811 1.800000 0.000000 0.000000
435000 36 U -117.435959 48.912170 -69.385918 2.150000 0.000000 0.000000
435000 37 P -113.195824 48.247398 -67.016624 2.110000 -1.000000 0.000000
440000 1 P -126.617638 45.161537 -66.836090 2.110000 -1.000000 1.000000
440000 2 S -123.399193 44.831692 -64.901878 1.800000 0.000000 0.000000
440000 3 G -121.692131 46.604183 -67.548340 2.150000 0.000000 0.000000
440000 4 P -125.425468 47.555981 -63.415932 2.110000 -1.000000 0.000000
440000 5 S -122.671089 49.844158 -61.868935 1.800000 0.000000 0.000000
440000 6 G -121.540192 51.891167 -64.472694 2.150000 0.000000 0.000000
440000 7 P -124.932846 52.690159 -61.215958 2.110000 -1.000000 0.000000
440000 8 S -123.034470 55.815323 -61.664719 1.800000 0.000000 0.000000
440000 9 G -122.560623 56.283356 -64.919273 2.150000 0.000000 0.000000
440000 10 P -126.849403 56.189930 -61.739964 2.110000 -1.000000 0.000000
440000 11 S -127.242111 59.566872 -63.750809 1.800000 0.000000 0.000000
440000 12 C -126.158463 58.006508 -66.873116 2.150000 0.000000 0.000000
440000 13 P -130.662659 58.293949 -64.030357 2.110000 -1.000000 0.000000
440000 14 S -129.759842 59.177208 -67.683167 1.800000 0.000000 0.000000
440000 15 G -132.525436 61.346497 -67.250763 2.150000 0.000000 0.000000
440000 16 P -132.090225 57.218624 -70.181175 2.110000 -1.000000 0.000000
440000 17 S -132.830109 59.709225 -72.978485 1.800000 0.000000 0.000000
440000 18 C -129.359024 59.566437 -73.478394 2.150000 0.000000 0.000000
440000 19 P -134.013916 56.188366 -73.908394 2.110000 -1.000000 0.000000
440000 20 S -131.906342 57.050579 -76.932060 1.800000 0.000000 0.000000
440000 21 A -134.567764 56.911324 -79.200722 2.150000 0.000000 0.000000
440000 22 P -131.011841 53.450363 -77.946701 2.110000 -1.000000 0.000000
440000 23 S -128.157303 55.228249 -79.974281 1.800000 0.000000 0.000000
440000 24 A -127.565842 57.784786 -77.888618 2.150000 0.000000 0.000000
440000 25 P -124.873375 53.665035 -80.405540 2.110000 -1.000000 0.000000
440000 26 S -122.655487 56.160110 -78.436768 1.800000 0.000000 0.000000
440000 27 G -124.406685 55.949669 -75.174019 2.150000 0.000000 0.000000
440000 28 P -119.528458 54.213276 -78.168564 2.110000 -1.000000 0.000000
440000 29 S -118.343681 57.508018 -76.629318 1.800000 0.000000 0.000000
440000 30 C -119.688965 57.279186 -73.349426 2.150000 0.000000 0.000000
440000 31 P -115.155502 55.059574 -76.641808 2.110000 -1.000000 0.000000
440000 32 S -113.938667 55.835804 -73.145683 1.800000 0.000000 0.000000
440000 33 C -115.945724 54.397793 -70.936417 2.150000 0.000000 0.000000
440000 34 P -110.947464 53.646343 -72.071869 2.110000 -1.000000 0.000000
440000 35 S -110.889656 52.660919 -68.294212 1.800000 0.000000 0.000000
440000 36 U -113.182343 50.177151 -68.687752 2.150000 0.000000 0.000000
440000 37 P -108.034828 50.504951 -67.680153 2.110000 -1.000000 0.000000
445000 1 P -126.391151 44.122421 -75.545502 2.110000 -1.000000 1.000000
445000 2 S -124.426338 44.420017 -72.359177 1.800000 0.000000 0.000000
445000 3 G -122.412155 46.248093 -74.387589 2.150000 0.000000 0.000000
445000 4 P -126.545441 47.174366 -70.655731 2.110000 -1.000000 0.000000
445000 5 S -123.539131 48.792076 -69.182442 1.800000 0.000000 0.000000
445000 6 G -123.153343 50.263203 -72.602722 2.150000 0.000000 0.000000
445000 7 P -126.169647 51.249458 -69.082184 2.110000 -1.000000 0.000000
445000 8 S -124.213615 54.399647 -67.985344 1.800000 0.000000 0.000000
445000 9 G -122.485985 55.631466 -70.664215 2.150000 0.000000 0.000000
445000 10 P -127.765472 54.731468 -68.840881 2.110000 -1.000000 0.000000
445000 11 S -128.180618 58.580116 -68.875427 1.800000 0.000000 0.000000
445000 12 C -126.321770 59.273479 -71.724991 2.150000 0.000000 0.000000
445000 13 P -131.547043 57.715630 -70.616394 2.110000 -1.000000 0.000000
445000 14 S -132.222610 61.047688 -72.118271 1.800000 0.000000 0.000000
445000 15 G -129.507355 60.548058 -74.426132 2.150000 0.000000 0.000000
445000 16 P -134.336945 58.936527 -74.487900 2.110000 -1.000000 0.000000
445000 17 S -136.312927 61.935791 -76.415192 1.800000 0.000000 0.000000
445000 18 C -133.196838 63.247631 -75.624557 2.150000 0.000000 0.000000
445000 19 P -136.206268 58.332203 -77.785881 2.110000 -1.000000 0.000000
445000 20 S -134.152679 60.169201 -80.456245 1.800000 0.000000 0.000000
445000 21 A -131.186188 61.054585 -78.792885 2.150000 0.000000 0.000000
445000 22 P -131.801361 57.730076 -82.442421 2.110000 -1.000000 0.000000
445000 23 S -129.549454 60.804886 -83.331772 1.800000 0.000000 0.000000
445000 24 A -127.899361 59.886936 -80.440666 2.150000 0.000000 0.000000
445000 25 P -126.660889 59.492455 -85.400696 2.110000 -1.000000 0.000000
445000 26 S -123.916557 61.534237 -83.635941 1.800000 0.000000 0.000000
445000 27 G -124.414970 62.468189 -80.271553 2.150000 0.000000 0.000000
445000 28 P -120.116173 60.249084 -83.723755 2.110000 -1.000000 0.000000
445000 29 S -118.712578 61.837135 -80.414536 1.800000 0.000000 0.000000
445000 30 C -120.793755 59.980358 -78.345184 2.150000 0.000000 0.000000
445000 31 P -115.809921 59.216827 -80.215103 2.110000 -1.000000 0.000000
445000 32 S -115.264496 58.664726 -76.331284 1.800000 0.000000 0.000000
445000 33 C -118.336357 56.962891 -76.470863 2.150000 0.000000 0.000000
445000 34 P -112.788910 55.762817 -76.465958 2.110000 -1.000000 0.000000
445000 35 S -114.123032 55.222065 -73.018211 1.800000 0.000000 0.000000
445000 36 U -117.020065 53.909630 -74.181694 2.150000 0.000000 0.000000
445000 37 P -111.769440 52.047405 -73.265938 2.110000 -1.000000 0.000000
450000 1 P -119.035599 47.364628 -69.686287 2.110000 -1.000000 1.000000
450000 2 S -116.176979 49.221516 -68.132187 1.800000 0.000000 0.000000
450000 3 G -115.386185 50.255035 -71.637024 2.150000 0.000000 0.000000
450000 4 P -119.143707 51.481258 -67.952286 2.110000 -1.000000 0.000000
450000 5 S -117.860001 55.060925 -67.542435 1.800000 0.000000 0.000000
450000 6 G -116.547050 54.557682 -70.838364 2.150000 0.000000 0.000000
450000 7 P -121.585190 56.446926 -67.523575 2.110000 -1.000000 0.000000
450000 8 S -121.906189 59.932079 -69.054939 1.800000 0.000000 0.000000
450000 9 G -121.083473 58.566074 -72.294174 2.150000 0.000000 0.000000
450000 10 P -125.499008 58.711185 -68.795639 2.110000 -1.000000 0.000000
450000 11 S -127.067245 61.403606 -70.909111 1.800000 0.000000 0.000000
450000 12 C -125.123154 60.436897 -73.850121 2.150000 0.000000 0.000000
450000 13 P -129.887009 59.086376 -71.930328 2.110000 -1.000000 0.000000
450000 14 S -130.556717 60.547138 -75.365776 1.800000 0.000000 0.000000
450000 15 G -127.675034 59.343761 -77.020348 2.150000 0.000000 0.000000
450000 16 P -132.303085 57.341282 -76.777962 2.110000 -1.000000 0.000000
450000 17 S -135.492310 58.683598 -78.705383 1.800000 0.000000 0.000000
450000 18 C -133.050415 60.148930 -80.609070 2.150000 0.000000 0.000000
450000 19 P -136.081161 55.965927 -81.334740 2.110000 -1.000000 0.000000
450000 20 S -132.553696 56.558655 -82.748047 1.800000 0.000000 0.000000
450000 21 A -131.266373 54.492424 -80.225655 2.150000 0.000000 0.000000
450000 22 P -130.470596 54.217388 -84.943489 2.110000 -1.000000 0.000000
450000 23 S -128.166260 57.152138 -85.493309 1.800000 0.000000 0.000000
450000 24 A -126.977257 56.940907 -82.435150 2.150000 0.000000 0.000000
450000 25 P -125.050117 56.266201 -87.423813 2.110000 -1.000000 0.000000
450000 26 S -122.840393 59.016521 -85.825127 1.800000 0.000000 0.000000
450000 27 G -123.507759 59.550705 -82.462929 2.150000 0.000000 0.000000
450000 28 P -118.945702 58.204559 -85.888321 2.110000 -1.000000 0.000000
450000 29 S -116.713074 60.259892 -83.334557 1.800000 0.000000 0.000000
450000 30 C -117.550537 58.490799 -80.454033 2.150000 0.000000 0.000000
450000 31 P -113.245735 58.599983 -83.818901 2.110000 -1.000000 0.000000
450000 32 S -111.856522 59.975269 -80.681023 1.800000 0.000000 0.000000
450000 33 C -113.858467 58.062813 -78.751976 2.150000 0.000000 0.000000
450000 34 P -108.337875 58.270660 -80.843224 2.110000 -1.000000 0.000000
450000 35 S -108.044533 58.074253 -77.150253 1.800000 0.000000 0.000000
450000 36 U -109.970459 55.279819 -76.802818 2.150000 0.000000 0.000000
450000 37 P -104.717796 56.600250 -77.573807 2.110000 -1.000000 0.000000
455000 1 P -122.466476 44.485844 -65.226379 2.110000 -1.000000 1.000000
455000 2 S -119.704216 46.557606 -63.319096 1.800000 0.000000 0.000000
455000 3 G -117.437759 46.848114 -65.946877 2.150000 0.000000 0.000000
455000 4 P -121.231590 50.112789 -63.255596 2.110000 -1.000000 0.000000
455000 5 S -118.562447 52.796642 -63.616257 1.800000 0.000000 0.000000
455000 6 G -117.294319 51.419468 -66.585396 2.150000 0.000000 0.000000
455000 7 P -121.909386 54.574894 -64.232147 2.110000 -1.000000 0.000000
455000 8 S -120.399803 57.473793 -65.917145 1.800000 0.000000 0.000000
455000 9 G -119.586784 56.267414 -69.226357 2.150000 0.000000 0.000000
455000 10 P -124.257935 58.120136 -66.458275 2.110000 -1.000000 0.000000
455000 11 S -124.258591 60.522800 -69.393837 1.800000 0.000000 0.000000
455000 12 C -122.649803 58.312416 -71.590462 2.150000 0.000000 0.000000
455000 13 P -127.901505 59.103951 -69.901344 2.110000 -1.000000 0.000000
455000 14 S -127.584091 61.111691 -73.282745 1.800000 0.000000 0.000000
455000 15 G -125.957993 59.075943 -75.540466 2.150000 0.000000 0.000000
455000 16 P -130.531036 59.009697 -73.123840 2.110000 -1.000000 0.000000
455000 17 S -130.364548 59.523613 -76.979645 1.800000 0.000000 0.000000
455000 18 C -133.439941 60.868259 -76.142006 2.150000 0.000000 0.000000
455000 19 P -132.414413 56.672993 -78.628960 2.110000 -1.000000 0.000000
455000 20 S -129.409393 55.025963 -80.268600 1.800000 0.000000 0.000000
455000 21 A -127.551628 53.837196 -77.664345 2.150000 0.000000 0.000000
455000 22 P -128.725082 51.606895 -81.907249 2.110000 -1.000000 0.000000
455000 23 S -125.330353 52.984795 -82.175751 1.800000 0.000000 0.000000
455000 24 A -125.592789 54.098988 -85.412697 2.150000 0.000000 0.000000
455000 25 P -123.263412 49.897125 -82.658714 2.110000 -1.000000 0.000000
455000 26 S -120.515953 52.463749 -82.265862 1.800000 0.000000 0.000000
455000 27 G -120.724609 54.727791 -79.539894 2.150000 0.000000 0.000000
455000 28 P -116.647148 51.199066 -81.740547 2.110000 -1.000000 0.000000
455000 29 S -114.802589 54.166542 -80.184219 1.800000 0.000000 0.000000
455000 30 C -116.395691 53.905914 -76.833618 2.150000 0.000000 0.000000
455000 31 P -111.572525 52.276390 -79.329758 2.110000 -1.000000 0.000000
455000 32 S -110.948997 54.434616 -76.168686 1.800000 0.000000 0.000000
455000 33 C -113.021065 52.124374 -74.491753 2.150000 0.000000 0.000000
455000 34 P -108.187531 51.916119 -74.873177 2.110000 -1.000000 0.000000
455000 35 S -108.377777 53.000183 -71.319077 1.800000 0.000000 0.000000
455000 36 U -111.051292 50.798191 -70.451584 2.150000 0.000000 0.000000
455000 37 P -106.226112 49.933449 -70.885208 2.110000 -1.000000 0.000000
460000 1 P -114.509460 43.627075 -74.314491 2.110000 -1.000000 1.000000
460000 2 S -114.421242 46.933163 -72.466446 1.800000 0.000000 0.000000
460000 3 G -114.384354 48.928703 -75.281738 2.150000 0.000000 0.000000
460000 4 P -118.054909 47.752037 -72.725937 2.110000 -1.000000 0.000000
460000 5 S -117.431152 51.401817 -72.183372 1.800000 0.000000 0.000000
460000 6 G -116.615005 52.939983 -75.317535 2.150000 0.000000 0.000000
460000 7 P -120.930389 52.476807 -72.938675 2.110000 -1.000000 0.000000
460000 8 S -119.853508 55.909927 -73.571541 1.800000 0.000000 0.000000
460000 9 G -119.567230 56.338085 -76.812439 2.150000 0.000000 0.000000
460000 10 P -123.762848 56.162296 -74.163315 2.110000 -1.000000 0.000000
460000 11 S -123.187668 58.961006 -76.318947 1.800000 0.000000 0.000000
460000 12 C -121.577972 57.927773 -79.359146 2.150000 0.000000 0.000000
460000 13 P -126.629646 57.327221 -77.189392 2.110000 -1.000000 0.000000
460000 14 S -128.005127 60.103348 -79.519661 1.800000 0.000000 0.000000
460000 15 G -125.510536 59.548103 -81.959351 2.150000 0.000000 0.000000
460000 16 P -131.117310 58.306232 -81.111679 2.110000 -1.000000 0.000000
460000 17 S -130.351730 59.556248 -84.650314 1.800000 0.000000 0.000000
460000 18 C -132.795639 61.780991 -86.041550 2.150000 0.000000 0.000000
460000 19 P -132.309235 56.340981 -85.763611 2.110000 -1.000000 0.000000
460000 20 S -130.036453 57.132469 -88.875305 1.800000 0.000000 0.000000
460000 21 A -126.853508 57.447136 -87.429855 2.150000 0.000000 0.000000
460000 22 P -129.446381 54.095432 -91.234154 2.110000 -1.000000 0.000000
460000 23 S -125.826767 55.213566 -91.017593 1.800000 0.000000 0.000000
460000 24 A -125.331085 56.997910 -94.049774 2.150000 0.000000 0.000000
460000 25 P -122.723083 53.287045 -92.036148 2.110000 -1.000000 0.000000
460000 26 S -120.860413 56.531693 -91.192307 1.800000 0.000000 0.000000
460000 27 G -122.048538 57.226219 -88.072556 2.150000 0.000000 0.000000
460000 28 P -117.214203 55.557487 -90.680595 2.110000 -1.000000 0.000000
460000 29 S -116.083496 58.317169 -88.403030 1.800000 0.000000 0.000000
460000 30 C -117.413284 56.737049 -85.463745 2.150000 0.000000 0.000000
460000 31 P -112.568855 57.290630 -87.676842 2.110000 -1.000000 0.000000
460000 32 S -111.795761 59.142025 -84.429611 1.800000 0.000000 0.000000
460000 33 C -113.406479 56.576740 -82.788773 2.150000 0.000000 0.000000
460000 34 P -108.285835 57.692059 -84.064751 2.110000 -1.000000 0.000000
460000 35 S -108.474213 58.308136 -80.267433 1.800000 0.000000 0.000000
460000 36 U -110.469521 56.188583 -78.652061 2.150000 0.000000 0.000000
460000 37 P -105.601707 55.752388 -80.413658 2.110000 -1.000000 0.000000
465000 1 P -116.132027 44.255875 -78.176147 2.110000 -1.000000 1.000000
465000 2 S -114.428497 45.918602 -75.295792 1.800000 0.000000 0.000000
465000 3 G -111.743721 47.784184 -76.939392 2.150000 0.000000 0.000000
465000 4 P -116.932564 48.642891 -73.761391 2.110000 -1.000000 0.000000
465000 5 S -114.029480 50.775124 -72.471481 1.800000 0.000000 0.000000
465000 6 G -111.993279 53.332615 -74.069557 2.150000 0.000000 0.000000
465000 7 P -116.952980 53.103100 -71.712654 2.110000 -1.000000 0.000000
465000 8 S -115.849663 56.877766 -71.773689 1.800000 0.000000 0.000000
465000 9 G -116.527588 57.881889 -74.932243 2.150000 0.000000 0.000000
465000 10 P -119.645126 57.107540 -71.643349 2.110000 -1.000000 0.000000
465000 11 S -120.185471 60.294266 -73.503059 1.800000 0.000000 0.000000
465000 12 C -119.983971 58.633308 -76.592247 2.150000 0.000000 0.000000
465000 13 P -123.544792 58.760639 -73.680550 2.110000 -1.000000 0.000000
465000 14 S -124.423347 61.245724 -76.424484 1.800000 0.000000 0.000000
465000 15 G -127.722046 62.005474 -75.367447 2.150000 0.000000 0.000000
465000 16 P -126.490852 58.340981 -77.990562 2.110000 -1.000000 0.000000
465000 17 S -128.519958 60.567528 -80.398003 1.800000 0.000000 0.000000
465000 18 C -125.567764 61.642475 -81.614243 2.150000 0.000000 0.000000
465000 19 P -129.094269 56.846626 -81.852013 2.110000 -1.000000 0.000000
465000 20 S -127.668816 58.218380 -85.009407 1.800000 0.000000 0.000000
465000 21 A -124.849533 57.584457 -82.902733 2.150000 0.000000 0.000000
465000 22 P -126.562531 55.585331 -87.475418 2.110000 -1.000000 0.000000
465000 23 S -123.731430 57.973881 -88.249260 1.800000 0.000000 0.000000
465000 24 A -121.827705 57.269783 -85.652924 2.150000 0.000000 0.000000
465000 25 P -120.649857 56.109367 -89.736092 2.110000 -1.000000 0.000000
465000 26 S -118.709785 59.335625 -88.652016 1.800000 0.000000 0.000000
465000 27 G -118.272614 59.550259 -85.235687 2.150000 0.000000 0.000000
465000 28 P -114.682785 58.898426 -88.698265 2.110000 -1.000000 0.000000
465000 29 S -113.592354 61.659775 -86.246521 1.800000 0.000000 0.000000
465000 30 C -114.612091 59.812561 -83.532570 2.150000 0.000000 0.000000
465000 31 P -110.008148 60.793720 -85.922829 2.110000 -1.000000 0.000000
465000 32 S -109.460289 61.752697 -82.209404 1.800000 0.000000 0.000000
465000 33 C -111.037109 58.774612 -81.181046 2.150000 0.000000 0.000000
465000 34 P -106.109451 60.240936 -81.222763 2.110000 -1.000000 0.000000
465000 35 S -107.129219 59.073105 -77.722450 1.800000 0.000000 0.000000
465000 36 U -108.737602 56.058445 -78.016129 2.150000 0.000000 0.000000
465000 37 P -103.933937 57.263176 -79.198601 2.110000 -1.000000 0.000000
470000 1 P -122.681511 45.964352 -78.773643 2.110000 -1.000000 1.000000
470000 2 S -119.375793 47.093708 -77.076881 1.800000 0.000000 0.000000
470000 3 G -118.343414 48.082504 -80.416695 2.150000 0.000000 0.000000
470000 4 P -120.774361 49.845886 -75.066574 2.110000 -1.000000 0.000000
470000 5 S -118.428116 52.715347 -74.524544 1.800000 0.000000 0.000000
470000 6 G -117.960609 53.774521 -77.788574 2.150000 0.000000 0.000000
470000 7 P -121.510056 55.000366 -73.670593 2.110000 -1.000000 0.000000
470000 8 S -120.869698 58.881081 -74.247299 1.800000 0.000000 0.000000
470000 9 G -120.521454 57.447323 -77.656593 2.150000 0.000000 0.000000
470000 10 P -124.480812 57.389790 -73.089218 2.110000 -1.000000 0.000000
470000 11 S -126.128838 60.065197 -75.032654 1.800000 0.000000 0.000000
470000 12 C -124.398537 58.883289 -77.854691 2.150000 0.000000 0.000000
470000 13 P -128.739029 57.440559 -75.009720 2.110000 -1.000000 0.000000
470000 14 S -130.055588 58.327980 -78.518890 1.800000 0.000000 0.000000
470000 15 G -127.523399 57.292316 -80.524040 2.150000 0.000000 0.000000
470000 16 P -132.564301 55.278030 -78.977036 2.110000 -1.000000 0.000000
470000 17 S -130.184509 54.756447 -81.757645 1.800000 0.000000 0.000000
470000 18 C -131.138397 57.142715 -84.174049 2.150000 0.000000 0.000000
470000 19 P -131.668594 51.633698 -82.938927 2.110000 -1.000000 0.000000
470000 20 S -129.734848 52.584251 -86.174561 1.800000 0.000000 0.000000
470000 21 A -126.981262 52.263416 -84.017227 2.150000 0.000000 0.000000
470000 22 P -128.099487 50.832726 -89.074730 2.110000 -1.000000 0.000000
470000 23 S -127.658829 54.282742 -90.333870 1.800000 0.000000 0.000000
470000 24 A -128.530930 56.398418 -87.705780 2.150000 0.000000 0.000000
470000 25 P -124.409508 55.656651 -91.737282 2.110000 -1.000000 0.000000
470000 26 S -124.165802 59.171761 -90.050514 1.800000 0.000000 0.000000
470000 27 G -123.465897 57.994843 -86.631447 2.150000 0.000000 0.000000
470000 28 P -120.775291 57.770374 -91.819099 2.110000 -1.000000 0.000000
470000 29 S -118.559586 59.903801 -89.612396 1.800000 0.000000 0.000000
470000 30 C -119.559113 58.365971 -86.718155 2.150000 0.000000 0.000000
470000 31 P -115.509232 58.078117 -90.885773 2.110000 -1.000000 0.000000
470000 32 S -113.525528 58.451374 -87.679108 1.800000 0.000000 0.000000
470000 33 C -115.822891 56.911747 -85.818497 2.150000 0.000000 0.000000
470000 34 P -111.565590 56.128056 -89.623512 2.110000 -1.000000 0.000000
470000 35 S -110.078201 54.395672 -86.471756 1.800000 0.000000 0.000000
470000 36 U -112.771049 52.254841 -86.110023 2.150000 0.000000 0.000000
470000 37 P -108.783905 52.059689 -89.118103 2.110000 -1.000000 0.000000
475000 1 P -116.999687 45.167725 -82.260841 2.110000 -1.000000 1.000000
475000 2 S -113.689224 45.709145 -80.635307 1.800000 0.000000 0.000000
475000 3 G -112.674217 47.730064 -83.389145 2.150000 0.000000 0.000000
475000 4 P -114.973434 48.036335 -77.732948 2.110000 -1.000000 0.000000
475000 5 S -111.688431 49.958031 -77.388008 1.800000 0.000000 0.000000
475000 6 G -112.990425 51.660957 -80.237381 2.150000 0.000000 0.000000
475000 7 P -114.212280 51.938362 -75.263748 2.110000 -1.000000 0.000000
475000 8 S -113.443886 55.675247 -75.289955 1.800000 0.000000 0.000000
475000 9 G -113.657944 56.358654 -78.787468 2.150000 0.000000 0.000000
475000 10 P -117.021263 56.069923 -74.029877 2.110000 -1.000000 0.000000
475000 11 S -117.697525 59.517502 -75.303200 1.800000 0.000000 0.000000
475000 12 C -116.815208 58.570004 -78.618263 2.150000 0.000000 0.000000
475000 13 P -121.128647 58.085487 -74.870430 2.110000 -1.000000 0.000000
475000 14 S -122.345757 59.570374 -78.108971 1.800000 0.000000 0.000000
475000 15 G -122.929398 62.527691 -76.219666 2.150000 0.000000 0.000000
475000 16 P -125.204781 56.874744 -78.777893 2.110000 -1.000000 0.000000
475000 17 S -126.125999 58.128563 -82.282028 1.800000 0.000000 0.000000
475000 18 C -123.318085 57.091511 -83.563934 2.150000 0.000000 0.000000
475000 19 P -127.737213 55.773788 -84.842079 2.110000 -1.000000 0.000000
475000 20 S -125.854927 58.173615 -87.160080 1.800000 0.000000 0.000000
475000 21 A -129.494919 58.178921 -87.535767 2.150000 0.000000 0.000000
475000 22 P -126.382599 55.086113 -89.458687 2.110000 -1.000000 0.000000
475000 23 S -123.664238 57.439003 -90.306137 1.800000 0.000000 0.000000
475000 24 A -121.852203 56.228165 -87.558617 2.150000 0.000000 0.000000
475000 25 P -120.526634 56.559170 -92.257355 2.110000 -1.000000 0.000000
475000 26 S -118.417534 59.532036 -90.926163 1.800000 0.000000 0.000000
475000 27 G -118.253662 58.976944 -87.377258 2.150000 0.000000 0.000000
475000 28 P -114.963821 57.976803 -92.213745 2.110000 -1.000000 0.000000
475000 29 S -113.148331 60.561760 -90.161018 1.800000 0.000000 0.000000
475000 30 C -114.209595 58.752613 -87.308533 2.150000 0.000000 0.000000
475000 31 P -109.742271 59.337376 -91.199486 2.110000 -1.000000 0.000000
475000 32 S -108.493515 60.030266 -87.583221 1.800000 0.000000 0.000000
475000 33 C -110.386368 57.373646 -86.741524 2.150000 0.000000 0.000000
475000 34 P -105.878227 58.215805 -89.941788 2.110000 -1.000000 0.000000
475000 35 S -104.438202 55.421658 -87.906296 1.800000 0.000000 0.000000
475000 36 U -106.841858 53.027306 -87.436829 2.150000 0.000000 0.000000
475000 37 P -102.746063 53.859192 -90.931099 2.110000 -1.000000 0.000000
480000 1 P -100.640564 43.310528 -79.656464 2.110000 -1.000000 1.000000
480000 2 S -99.603905 45.965412 -77.052917 1.800000 0.000000 0.000000
480000 3 G -98.885872 48.034801 -79.883064 2.150000 0.000000 0.000000
480000 4 P -103.016129 47.288376 -76.224609 2.110000 -1.000000 0.000000
480000 5 S -101.929626 50.983345 -75.673508 1.800000 0.000000 0.000000
480000 6 G -101.700943 51.277100 -79.197906 2.150000 0.000000 0.000000
480000 7 P -105.046448 52.981518 -75.221962 2.110000 -1.000000 0.000000
480000 8 S -103.581352 56.253902 -76.675667 1.800000 0.000000 0.000000
480000 9 G -103.585144 55.300095 -79.917923 2.150000 0.000000 0.000000
480000 10 P -107.302116 56.372234 -75.930214 2.110000 -1.000000 0.000000
480000 11 S -109.067848 58.379402 -78.606491 1.800000 0.000000 0.000000
480000 12 C -108.694557 55.909824 -80.769867 2.150000 0.000000 0.000000
480000 13 P -112.424088 57.151554 -76.978691 2.110000 -1.000000 0.000000
480000 14 S -114.616837 57.002697 -80.022675 1.800000 0.000000 0.000000
480000 15 G -115.890533 60.278210 -79.480583 2.150000 0.000000 0.000000
480000 16 P -117.715477 55.196976 -79.830452 2.110000 -1.000000 0.000000
480000 17 S -118.044151 56.662689 -83.273026 1.800000 0.000000 0.000000
480000 18 C -114.751404 56.402283 -83.850830 2.150000 0.000000 0.000000
480000 19 P -119.953094 53.442680 -84.731277 2.110000 -1.000000 0.000000
480000 20 S -117.244560 53.377090 -87.556610 1.800000 0.000000 0.000000
480000 21 A -115.650055 51.435577 -85.016716 2.150000 0.000000 0.000000
480000 22 P -116.802025 50.395443 -89.738403 2.110000 -1.000000 0.000000
480000 23 S -113.880569 52.561691 -91.089005 1.800000 0.000000 0.000000
480000 24 A -116.046318 52.972233 -93.991325 2.150000 0.000000 0.000000
480000 25 P -111.491096 50.416462 -93.468155 2.110000 -1.000000 0.000000
480000 26 S -108.723640 52.822029 -92.367020 1.800000 0.000000 0.000000
480000 27 G -108.130058 52.110088 -88.977951 2.150000 0.000000 0.000000
480000 28 P -105.192192 53.015720 -93.517097 2.110000 -1.000000 0.000000
480000 29 S -105.466049 56.347477 -91.854584 1.800000 0.000000 0.000000
480000 30 C -106.287674 57.027935 -88.526489 2.150000 0.000000 0.000000
480000 31 P -101.602425 56.732796 -92.078751 2.110000 -1.000000 0.000000
480000 32 S -101.643578 59.061226 -89.009079 1.800000 0.000000 0.000000
480000 33 C -102.597824 56.691372 -86.564201 2.150000 0.000000 0.000000
480000 34 P -97.982513 57.982395 -89.571274 2.110000 -1.000000 0.000000
480000 35 S -96.401352 58.308376 -86.008148 1.800000 0.000000 0.000000
480000 36 U -98.108299 56.113819 -83.834526 2.150000 0.000000 0.000000
480000 37 P -93.577171 55.676266 -86.619720 2.110000 -1.000000 0.000000
485000 1 P -102.200134 44.329868 -78.364845 2.110000 -1.000000 1.000000
485000 2 S -99.881111 47.185234 -77.373947 1.800000 0.000000 0.000000
485000 3 G -100.245247 48.755692 -80.284996 2.150000 0.000000 0.000000
485000 4 P -102.027977 50.363411 -76.786087 2.110000 -1.000000 0.000000
485000 5 S -99.750862 53.194401 -77.645737 1.800000 0.000000 0.000000
485000 6 G -99.716614 53.730804 -81.072639 2.150000 0.000000 0.000000
485000 7 P -102.735275 55.550098 -77.253052 2.110000 -1.000000 0.000000
485000 8 S -100.614021 57.963802 -79.252144 1.800000 0.000000 0.000000
485000 9 G -101.375946 57.284012 -82.725830 2.150000 0.000000 0.000000
485000 10 P -104.025452 59.329144 -78.749763 2.110000 -1.000000 0.000000
485000 11 S -104.620399 61.294376 -81.707573 1.800000 0.000000 0.000000
485000 12 C -104.691261 58.892307 -84.187767 2.150000 0.000000 0.000000
485000 13 P -108.367119 60.786686 -80.722763 2.110000 -1.000000 0.000000
485000 14 S -110.107475 61.624336 -84.036140 1.800000 0.000000 0.000000
485000 15 G -108.719055 58.857708 -85.583176 2.150000 0.000000 0.000000
485000 16 P -113.585258 60.123848 -83.931664 2.110000 -1.000000 0.000000
485000 17 S -114.704010 62.454784 -86.506721 1.800000 0.000000 0.000000
485000 18 C -113.107597 61.295441 -89.258057 2.150000 0.000000 0.000000
485000 19 P -116.821327 59.111797 -86.285004 2.110000 -1.000000 0.000000
485000 20 S -116.652443 59.655838 -89.995987 1.800000 0.000000 0.000000
485000 21 A -120.253693 60.617985 -89.140358 2.150000 0.000000 0.000000
485000 22 P -117.517395 56.061676 -91.207314 2.110000 -1.000000 0.000000
485000 23 S -113.951454 55.384674 -92.643448 1.800000 0.000000 0.000000
485000 24 A -113.350998 55.342789 -88.925613 2.150000 0.000000 0.000000
485000 25 P -112.483643 51.904251 -93.278442 2.110000 -1.000000 0.000000
485000 26 S -109.802422 54.457947 -94.260620 1.800000 0.000000 0.000000
485000 27 G -108.939789 54.613159 -90.941742 2.150000 0.000000 0.000000
485000 28 P -106.448936 53.526524 -95.236557 2.110000 -1.000000 0.000000
485000 29 S -104.503578 56.434963 -94.551552 1.800000 0.000000 0.000000
485000 30 C -104.481926 56.100994 -91.052811 2.150000 0.000000 0.000000
485000 31 P -101.240784 54.610207 -94.781631 2.110000 -1.000000 0.000000
485000 32 S -99.767944 57.243729 -92.603500 1.800000 0.000000 0.000000
485000 33 C -100.522667 56.879982 -89.263153 2.150000 0.000000 0.000000
485000 34 P -96.989029 54.849518 -92.551842 2.110000 -1.000000 0.000000
485000 35 S -96.250214 55.906662 -88.975189 1.800000 0.000000 0.000000
485000 36 U -98.757149 54.207664 -87.051826 2.150000 0.000000 0.000000
485000 37 P -94.493538 52.519516 -89.582809 2.110000 -1.000000 0.000000
490000 1 P -101.109116 42.974773 -80.289970 2.110000 -1.000000 1.000000
490000 2 S -98.986969 46.093159 -79.178612 1.800000 0.000000 0.000000
490000 3 G -97.088463 46.579643 -82.225494 2.150000 0.000000 0.000000
490000 4 P -100.601105 49.565727 -78.664001 2.110000 -1.000000 0.000000
490000 5 S -97.617607 51.808449 -78.819160 1.800000 0.000000 0.000000
490000 6 G -96.103889 52.277039 -82.011421 2.150000 0.000000 0.000000
490000 7 P -100.114464 54.421509 -79.466011 2.110000 -1.000000 0.000000
490000 8 S -98.022224 57.270031 -81.203949 1.800000 0.000000 0.000000
490000 9 G -97.608719 55.763504 -84.262672 2.150000 0.000000 0.000000
490000 10 P -101.832390 57.922676 -81.531593 2.110000 -1.000000 0.000000
490000 11 S -101.762177 59.889072 -84.775841 1.800000 0.000000 0.000000
490000 12 C -100.807213 57.633915 -87.105682 2.150000 0.000000 0.000000
490000 13 P -105.145164 58.844921 -84.396881 2.110000 -1.000000 0.000000
490000 14 S -106.638573 59.041962 -87.976746 1.800000 0.000000 0.000000
490000 15 G -104.212440 56.861473 -89.494247 2.150000 0.000000 0.000000
490000 16 P -109.697472 56.775661 -88.247711 2.110000 -1.000000 0.000000
490000 17 S -111.551826 58.553993 -91.096397 1.800000 0.000000 0.000000
490000 18 C -108.344994 58.613544 -92.287407 2.150000 0.000000 0.000000
490000 19 P -113.000107 55.227345 -92.466934 2.110000 -1.000000 0.000000
490000 20 S -112.517265 56.423630 -96.166870 1.800000 0.000000 0.000000
490000 21 A -109.134567 57.101933 -96.374435 2.150000 0.000000 0.000000
490000 22 P -111.601257 52.827103 -97.342155 2.110000 -1.000000 0.000000
490000 23 S -108.025520 53.908398 -97.397591 1.800000 0.000000 0.000000
490000 24 A -108.244698 54.365326 -93.893959 2.150000 0.000000 0.000000
490000 25 P -106.202965 50.887203 -97.887032 2.110000 -1.000000 0.000000
490000 26 S -102.964600 53.058155 -98.123955 1.800000 0.000000 0.000000
490000 27 G -103.680832 54.136597 -94.877579 2.150000 0.000000 0.000000
490000 28 P -99.966980 50.979534 -97.183586 2.110000 -1.000000 0.000000
490000 29 S -98.281670 54.184422 -96.515816 1.800000 0.000000 0.000000
490000 30 C -98.858505 54.735455 -93.143669 2.150000 0.000000 0.000000
490000 31 P -95.242195 52.188805 -95.547318 2.110000 -1.000000 0.000000
490000 32 S -93.201408 54.782234 -93.654297 1.800000 0.000000 0.000000
490000 33 C -95.193489 53.925892 -90.769272 2.150000 0.000000 0.000000
490000 34 P -90.520790 52.059677 -93.131905 2.110000 -1.000000 0.000000
490000 35 S -89.006996 52.114807 -89.548256 1.800000 0.000000 0.000000
490000 36 U -91.451347 49.930336 -88.174591 2.150000 0.000000 0.000000
490000 37 P -87.085945 48.774853 -90.102509 2.110000 -1.000000 0.000000
495000 1 P -100.188103 42.954178 -79.003777 2.110000 -1.000000 1.000000
495000 2 S -98.495522 45.439537 -76.810516 1.800000 0.000000 0.000000
495000 3 G -95.923965 46.460159 -79.151596 2.150000 0.000000 0.000000
495000 4 P -100.788048 48.438721 -76.434601 2.110000 -1.000000 0.000000
495000 5 S -98.161659 50.962971 -76.922112 1.800000 0.000000 0.000000
495000 6 G -97.357529 50.708973 -80.536484 2.150000 0.000000 0.000000
495000 7 P -100.412636 53.947151 -77.208984 2.110000 -1.000000 0.000000
495000 8 S -98.228432 56.034046 -79.632385 1.800000 0.000000 0.000000
495000 9 G -98.624725 54.066990 -82.542114 2.150000 0.000000 0.000000
495000 10 P -101.956299 57.418270 -79.724770 2.110000 -1.000000 0.000000
495000 11 S -101.403763 59.735435 -82.649269 1.800000 0.000000 0.000000
495000 12 C -99.829987 57.427822 -84.924606 2.150000 0.000000 0.000000
495000 13 P -105.035912 59.022472 -82.429581 2.110000 -1.000000 0.000000
495000 14 S -105.507652 59.113876 -86.319328 1.800000 0.000000 0.000000
495000 15 G -104.861893 61.672768 -88.627167 2.150000 0.000000 0.000000
495000 16 P -108.694374 57.965618 -87.819191 2.110000 -1.000000 0.000000
495000 17 S -106.468903 56.594383 -90.567406 1.800000 0.000000 0.000000
495000 18 C -104.956879 55.011681 -87.946663 2.150000 0.000000 0.000000
495000 19 P -108.485130 54.365421 -92.364975 2.110000 -1.000000 0.000000
495000 20 S -105.394920 54.848736 -94.449287 1.800000 0.000000 0.000000
495000 21 A -108.024330 55.325905 -96.707344 2.150000 0.000000 0.000000
495000 22 P -104.885925 51.833904 -96.755730 2.110000 -1.000000 0.000000
495000 23 S -101.227982 51.802090 -95.721481 1.800000 0.000000 0.000000
495000 24 A -101.308350 53.078506 -92.441788 2.150000 0.000000 0.000000
495000 25 P -99.129868 48.563549 -95.561447 2.110000 -1.000000 0.000000
495000 26 S -96.546494 51.073841 -94.780350 1.800000 0.000000 0.000000
495000 27 G -97.437576 51.995537 -91.492737 2.150000 0.000000 0.000000
495000 28 P -93.850166 48.384621 -94.527580 2.110000 -1.000000 0.000000
495000 29 S -91.400963 50.243916 -92.310112 1.800000 0.000000 0.000000
495000 30 C -93.437187 51.137627 -89.528244 2.150000 0.000000 0.000000
495000 31 P -88.390900 48.063587 -90.769592 2.110000 -1.000000 0.000000
495000 32 S -87.999657 50.988838 -88.627678 1.800000 0.000000 0.000000
495000 33 C -90.449394 49.752583 -86.182884 2.150000 0.000000 0.000000
495000 34 P -84.833328 50.139885 -86.558723 2.110000 -1.000000 0.000000
495000 35 S -86.175003 51.996784 -83.456940 1.800000 0.000000 0.000000
495000 36 U -88.949104 50.543690 -82.363258 2.150000 0.000000 0.000000
495000 37 P -83.414032 50.961540 -81.027855 2.110000 -1.000000 0.000000
500000 1 P -98.369400 42.121666 -77.652702 2.110000 -1.000000 1.000000
500000 2 S -95.286415 43.866592 -76.460068 1.800000 0.000000 0.000000
500000 3 G -92.918159 43.771366 -78.975540 2.150000 0.000000 0.000000
500000 4 P -97.090187 47.277393 -76.887077 2.110000 -1.000000 0.000000
500000 5 S -93.877602 49.366947 -77.524956 1.800000 0.000000 0.000000
500000 6 G -92.678505 49.095833 -80.671562 2.150000 0.000000 0.000000
500000 7 P -96.660965 51.792603 -78.924438 2.110000 -1.000000 0.000000
500000 8 S -95.507851 53.810978 -81.897476 1.800000 0.000000 0.000000
500000 9 G -95.059578 50.821636 -83.703758 2.150000 0.000000 0.000000
500000 10 P -99.070221 55.170097 -82.235374 2.110000 -1.000000 0.000000
500000 11 S -99.258430 55.735291 -85.992157 1.800000 0.000000 0.000000
500000 12 C -98.638062 52.431969 -86.644150 2.150000 0.000000 0.000000
500000 13 P -103.274544 55.306381 -85.353714 2.110000 -1.000000 0.000000
500000 14 S -104.061371 53.782730 -88.623146 1.800000 0.000000 0.000000
500000 15 G -102.282661 50.663784 -88.648872 2.150000 0.000000 0.000000
500000 16 P -107.688644 52.722527 -88.776764 2.110000 -1.000000 0.000000
500000 17 S -106.836151 48.842236 -89.532150 1.800000 0.000000 0.000000
500000 18 C -107.472694 48.758625 -86.127930 2.150000 0.000000 0.000000
500000 19 P -109.809959 47.028622 -90.133202 2.110000 -1.000000 0.000000
500000 20 S -107.192436 44.308689 -90.880684 1.800000 0.000000 0.000000
500000 21 A -105.860222 44.963753 -87.422562 2.150000 0.000000 0.000000
500000 22 P -106.230148 40.669941 -91.090813 2.110000 -1.000000 0.000000
500000 23 S -103.119240 41.786812 -93.107376 1.800000 0.000000 0.000000
500000 24 A -103.203712 44.902206 -91.946335 2.150000 0.000000 0.000000
500000 25 P -100.164345 39.752716 -91.970909 2.110000 -1.000000 0.000000
500000 26 S -98.225533 42.508163 -94.053406 1.800000 0.000000 0.000000
500000 27 G -98.570091 45.231148 -91.791550 2.150000 0.000000 0.000000
500000 28 P -94.711060 40.756481 -93.579201 2.110000 -1.000000 0.000000
500000 29 S -92.910820 44.302486 -93.778404 1.800000 0.000000 0.000000
500000 30 C -93.969131 45.366222 -90.685837 2.150000 0.000000 0.000000
500000 31 P -89.671837 42.712662 -92.857933 2.110000 -1.000000 0.000000
500000 32 S -87.906250 45.743900 -91.397903 1.800000 0.000000 0.000000
500000 33 C -90.397011 47.049889 -89.058403 2.150000 0.000000 0.000000
500000 34 P -84.944206 44.475079 -89.848579 2.110000 -1.000000 0.000000
500000 35 S -84.796982 47.188328 -87.186768 1.800000 0.000000 0.000000
500000 36 U -87.296906 46.556564 -84.935295 2.150000 0.000000 0.000000
500000 37 P -82.032829 45.786900 -85.204254 2.110000 -1.000000 0.000000
