380000 1 P -202.444153 -13.268275 -144.110306 2.110000 -1.000000 1.000000
380000 2 S -204.829010 -10.596584 -145.356186 1.800000 0.000000 0.000000
380000 3 G -207.707657 -12.295963 -144.564835 2.150000 0.000000 0.000000
380000 4 P -205.984695 -7.447449 -143.300842 2.110000 -1.000000 0.000000
380000 5 S -209.202377 -6.134542 -144.754898 1.800000 0.000000 0.000000
380000 6 G -211.599564 -8.430671 -143.654572 2.150000 0.000000 0.000000
380000 7 P -209.722534 -3.805234 -141.975479 2.110000 -1.000000 0.000000
380000 8 S -213.572906 -3.503180 -141.396698 1.800000 0.000000 0.000000
380000 9 G -214.170242 -6.791764 -140.625488 2.150000 0.000000 0.000000
380000 10 P -212.975342 -1.598923 -138.374252 2.110000 -1.000000 0.000000
380000 11 S -215.759491 -3.272390 -136.394684 1.800000 0.000000 0.000000
380000 12 C -213.634567 -5.997970 -136.352356 2.150000 0.000000 0.000000
380000 13 P -213.890121 -1.754703 -133.295410 2.110000 -1.000000 0.000000
380000 14 S -214.004700 -5.034667 -131.300034 1.800000 0.000000 0.000000
380000 15 G -211.465073 -7.034951 -132.704498 2.150000 0.000000 0.000000
380000 16 P -211.706009 -3.725371 -128.599854 2.110000 -1.000000 0.000000
380000 17 S -211.772385 -7.284110 -127.704781 1.800000 0.000000 0.000000
380000 18 C -213.924194 -8.597449 -125.145393 2.150000 0.000000 0.000000
380000 19 P -209.039459 -7.369917 -125.215088 2.110000 -1.000000 0.000000
380000 20 S -210.132614 -10.340875 -123.053429 1.800000 0.000000 0.000000
380000 21 A -207.453003 -11.510960 -121.308388 2.150000 0.000000 0.000000
380000 22 P -209.332291 -12.777813 -125.820007 2.110000 -1.000000 0.000000
380000 23 S -212.362335 -14.834038 -124.939758 1.800000 0.000000 0.000000
380000 24 A -214.888947 -12.716212 -126.098572 2.150000 0.000000 0.000000
380000 25 P -211.832458 -16.995981 -128.171173 2.110000 -1.000000 0.000000
380000 26 S -215.144058 -16.324236 -130.206100 1.800000 0.000000 0.000000
380000 27 G -213.118790 -13.599560 -131.445358 2.150000 0.000000 0.000000
380000 28 P -215.134674 -18.450617 -133.512405 2.110000 -1.000000 0.000000
380000 29 S -218.340042 -16.383814 -134.015503 1.800000 0.000000 0.000000
380000 30 C -217.599335 -12.965448 -134.375717 2.150000 0.000000 0.000000
380000 31 P -219.225266 -18.146048 -137.198029 2.110000 -1.000000 0.000000
380000 32 S -220.704269 -15.204350 -139.251007 1.800000 0.000000 0.000000
380000 33 C -218.623581 -12.544707 -140.072678 2.150000 0.000000 0.000000
380000 34 P -220.783005 -17.290636 -142.286209 2.110000 -1.000000 0.000000
380000 35 S -219.709900 -14.345504 -144.401428 1.800000 0.000000 0.000000
380000 36 U -216.422089 -13.763645 -143.025101 2.150000 0.000000 0.000000
380000 37 P -218.103409 -15.570164 -147.675110 2.110000 -1.000000 0.000000
385000 1 P -200.028900 -10.567671 -144.469543 2.110000 -1.000000 1.000000
385000 2 S -203.298645 -10.351872 -146.166275 1.800000 0.000000 0.000000
385000 3 G -204.352997 -13.092666 -144.136108 2.150000 0.000000 0.000000
385000 4 P -204.184860 -7.654066 -143.551834 2.110000 -1.000000 0.000000
385000 5 S -207.915939 -7.742449 -143.802414 1.800000 0.000000 0.000000
385000 6 G -208.730194 -11.058651 -142.845642 2.150000 0.000000 0.000000
385000 7 P -207.853256 -5.359517 -140.902039 2.110000 -1.000000 0.000000
385000 8 S -210.767227 -5.081745 -138.502701 1.800000 0.000000 0.000000
385000 9 G -209.869095 -7.883311 -136.394150 2.150000 0.000000 0.000000
385000 10 P -209.785263 -2.908855 -135.561844 2.110000 -1.000000 0.000000
385000 11 S -211.925034 -3.702178 -132.706406 1.800000 0.000000 0.000000
385000 12 C -211.612381 -7.250307 -132.862457 2.150000 0.000000 0.000000
385000 13 P -209.369888 -2.631681 -129.749756 2.110000 -1.000000 0.000000
385000 14 S -211.692062 -4.825353 -127.729195 1.800000 0.000000 0.000000
385000 15 G -210.266190 -7.886772 -128.251968 2.150000 0.000000 0.000000
385000 16 P -209.223877 -5.046228 -124.727020 2.110000 -1.000000 0.000000
385000 17 S -209.361740 -8.657228 -123.583015 1.800000 0.000000 0.000000
385000 18 C -207.391830 -8.926857 -126.199570 2.150000 0.000000 0.000000
385000 19 P -206.463531 -7.209247 -121.447639 2.110000 -1.000000 0.000000
385000 20 S -205.406754 -10.912183 -121.001205 1.800000 0.000000 0.000000
385000 21 A -208.497421 -11.889772 -121.895180 2.150000 0.000000 0.000000
385000 22 P -203.612534 -11.815972 -124.260666 2.110000 -1.000000 0.000000
385000 23 S -204.889343 -15.315171 -123.167023 1.800000 0.000000 0.000000
385000 24 A -207.370544 -15.504224 -120.905792 2.150000 0.000000 0.000000
385000 25 P -206.156235 -17.767746 -125.841042 2.110000 -1.000000 0.000000
385000 26 S -209.808594 -16.927961 -125.775505 1.800000 0.000000 0.000000
385000 27 G -209.681488 -14.715471 -128.242599 2.150000 0.000000 0.000000
385000 28 P -209.863831 -19.398434 -128.628647 2.110000 -1.000000 0.000000
385000 29 S -212.753906 -18.228113 -130.906769 1.800000 0.000000 0.000000
385000 30 C -212.959244 -15.285913 -132.650192 2.150000 0.000000 0.000000
385000 31 P -211.981918 -20.704622 -133.742508 2.110000 -1.000000 0.000000
385000 32 S -214.647186 -19.333649 -136.055756 1.800000 0.000000 0.000000
385000 33 C -212.633560 -16.485506 -137.016632 2.150000 0.000000 0.000000
385000 34 P -214.287308 -21.273834 -139.337616 2.110000 -1.000000 0.000000
385000 35 S -215.013306 -18.006264 -141.019638 1.800000 0.000000 0.000000
385000 36 U -211.652802 -16.910740 -140.932220 2.150000 0.000000 0.000000
385000 37 P -213.683197 -19.084816 -144.493546 2.110000 -1.000000 0.000000
390000 1 P -205.004822 -14.139417 -148.447388 2.110000 -1.000000 1.000000
390000 2 S -208.723160 -14.012035 -148.587692 1.800000 0.000000 0.000000
390000 3 G -208.561005 -16.812864 -146.500015 2.150000 0.000000 0.000000
390000 4 P -209.959396 -11.355409 -145.977615 2.110000 -1.000000 0.000000
390000 5 S -213.703445 -12.042519 -145.934006 1.800000 0.000000 0.000000
390000 6 G -213.936539 -14.088411 -143.362900 2.150000 0.000000 0.000000
390000 7 P -213.749130 -9.449461 -143.027649 2.110000 -1.000000 0.000000
390000 8 S -216.633850 -10.692687 -140.655869 1.800000 0.000000 0.000000
390000 9 G -215.341034 -13.285598 -138.798813 2.150000 0.000000 0.000000
390000 10 P -214.456528 -8.204247 -139.312683 2.110000 -1.000000 0.000000
390000 11 S -215.307175 -8.537666 -135.613602 1.800000 0.000000 0.000000
390000 12 C -214.792221 -11.662066 -134.373505 2.150000 0.000000 0.000000
390000 13 P -212.033005 -7.125788 -134.391006 2.110000 -1.000000 0.000000
390000 14 S -211.422699 -9.101291 -131.158142 1.800000 0.000000 0.000000
390000 15 G -209.852295 -12.016338 -132.482910 2.150000 0.000000 0.000000
390000 16 P -208.057648 -7.878844 -130.590515 2.110000 -1.000000 0.000000
390000 17 S -206.676987 -11.385924 -129.283234 1.800000 0.000000 0.000000
390000 18 C -206.600052 -14.159668 -131.486252 2.150000 0.000000 0.000000
390000 19 P -203.225922 -9.566548 -129.601562 2.110000 -1.000000 0.000000
390000 20 S -201.275345 -12.572508 -128.331680 1.800000 0.000000 0.000000
390000 21 A -202.734985 -12.950042 -125.026100 2.150000 0.000000 0.000000
390000 22 P -202.204041 -15.524420 -130.897537 2.110000 -1.000000 0.000000
390000 23 S -203.476166 -18.419420 -128.615219 1.800000 0.000000 0.000000
390000 24 A -206.803497 -16.992826 -127.990524 2.150000 0.000000 0.000000
390000 25 P -204.670151 -20.423012 -131.960205 2.110000 -1.000000 0.000000
390000 26 S -208.239960 -21.497740 -130.535995 1.800000 0.000000 0.000000
390000 27 G -210.674194 -19.173462 -131.490356 2.150000 0.000000 0.000000
390000 28 P -209.715393 -24.765051 -132.557785 2.110000 -1.000000 0.000000
390000 29 S -213.444656 -23.438118 -132.342392 1.800000 0.000000 0.000000
390000 30 C -213.174179 -20.700047 -134.619949 2.150000 0.000000 0.000000
390000 31 P -214.194061 -25.978941 -135.321396 2.110000 -1.000000 0.000000
390000 32 S -217.142487 -23.977310 -136.529251 1.800000 0.000000 0.000000
390000 33 C -216.182938 -21.390398 -138.620346 2.150000 0.000000 0.000000
390000 34 P -215.922272 -26.373743 -139.096573 2.110000 -1.000000 0.000000
390000 35 S -216.593750 -24.894251 -142.505020 1.800000 0.000000 0.000000
390000 36 U -213.738571 -22.795498 -141.679306 2.150000 0.000000 0.000000
390000 37 P -214.825607 -27.636419 -145.084671 2.110000 -1.000000 0.000000
395000 1 P -198.569580 -7.913336 -149.812805 2.110000 -1.000000 1.000000
395000 2 S -201.972015 -8.038534 -151.489609 1.800000 0.000000 0.000000
395000 3 G -203.363083 -10.955604 -150.081818 2.150000 0.000000 0.000000
395000 4 P -203.099838 -5.581186 -148.777191 2.110000 -1.000000 0.000000
395000 5 S -206.970215 -6.079159 -148.583237 1.800000 0.000000 0.000000
395000 6 G -206.344543 -9.144997 -146.927063 2.150000 0.000000 0.000000
395000 7 P -206.645599 -3.857719 -145.410797 2.110000 -1.000000 0.000000
395000 8 S -209.643524 -5.625823 -143.844315 1.800000 0.000000 0.000000
395000 9 G -207.295776 -7.761780 -142.378265 2.150000 0.000000 0.000000
395000 10 P -208.791611 -4.055609 -140.407913 2.110000 -1.000000 0.000000
395000 11 S -209.578506 -6.538167 -137.616302 1.800000 0.000000 0.000000
395000 12 C -207.930878 -9.267062 -138.397125 2.150000 0.000000 0.000000
395000 13 P -207.520035 -5.480274 -134.529144 2.110000 -1.000000 0.000000
395000 14 S -206.167862 -8.898452 -134.022186 1.800000 0.000000 0.000000
395000 15 G -203.443741 -8.623096 -136.489868 2.150000 0.000000 0.000000
395000 16 P -203.550125 -7.544016 -131.607498 2.110000 -1.000000 0.000000
395000 17 S -201.539795 -10.667592 -132.158768 1.800000 0.000000 0.000000
395000 18 C -201.814911 -11.958604 -135.427643 2.150000 0.000000 0.000000
395000 19 P -198.031082 -9.225130 -132.084244 2.110000 -1.000000 0.000000
395000 20 S -195.695984 -12.080277 -133.420532 1.800000 0.000000 0.000000
395000 21 A -197.451401 -13.898243 -130.780075 2.150000 0.000000 0.000000
395000 22 P -197.418121 -13.693359 -136.396179 2.110000 -1.000000 0.000000
395000 23 S -197.222534 -16.683603 -134.341614 1.800000 0.000000 0.000000
395000 24 A -200.098557 -16.785269 -132.246750 2.150000 0.000000 0.000000
395000 25 P -197.766693 -18.907766 -137.501968 2.110000 -1.000000 0.000000
395000 26 S -201.046631 -19.076284 -135.757965 1.800000 0.000000 0.000000
395000 27 G -201.912262 -15.895126 -136.849564 2.150000 0.000000 0.000000
395000 28 P -203.793762 -20.696754 -137.660126 2.110000 -1.000000 0.000000
395000 29 S -206.923477 -18.715096 -137.075699 1.800000 0.000000 0.000000
395000 30 C -206.397324 -15.868894 -138.891907 2.150000 0.000000 0.000000
395000 31 P -208.585739 -20.977652 -139.511703 2.110000 -1.000000 0.000000
395000 32 S -211.082687 -18.167831 -140.279251 1.800000 0.000000 0.000000
395000 33 C -209.746414 -15.109169 -140.959381 2.150000 0.000000 0.000000
395000 34 P -212.553970 -19.117491 -143.942627 2.110000 -1.000000 0.000000
395000 35 S -213.288269 -15.450918 -144.830536 1.800000 0.000000 0.000000
395000 36 U -210.134323 -14.613549 -145.799042 2.150000 0.000000 0.000000
395000 37 P -214.024094 -16.683201 -148.355820 2.110000 -1.000000 0.000000
400000 1 P -193.261810 -8.280061 -152.365555 2.110000 -1.000000 1.000000
400000 2 S -196.799057 -8.684165 -153.713699 1.800000 0.000000 0.000000
400000 3 G -196.777313 -11.722121 -151.734497 2.150000 0.000000 0.000000
400000 4 P -198.550217 -6.531264 -151.252670 2.110000 -1.000000 0.000000
400000 5 S -201.862457 -8.491957 -150.434509 1.800000 0.000000 0.000000
400000 6 G -200.706772 -11.392879 -149.375824 2.150000 0.000000 0.000000
400000 7 P -201.784851 -6.192823 -147.469055 2.110000 -1.000000 0.000000
400000 8 S -204.313278 -8.165275 -145.494583 1.800000 0.000000 0.000000
400000 9 G -202.247208 -10.737805 -144.670837 2.150000 0.000000 0.000000
400000 10 P -203.742813 -5.877969 -142.304962 2.110000 -1.000000 0.000000
400000 11 S -204.929413 -8.212606 -139.551758 1.800000 0.000000 0.000000
400000 12 C -202.070023 -10.151915 -139.830063 2.150000 0.000000 0.000000
400000 13 P -202.455521 -6.358930 -137.345215 2.110000 -1.000000 0.000000
400000 14 S -201.368912 -9.015392 -134.866669 1.800000 0.000000 0.000000
400000 15 G -199.443604 -11.443829 -136.417160 2.150000 0.000000 0.000000
400000 16 P -198.734558 -6.550960 -133.777420 2.110000 -1.000000 0.000000
400000 17 S -196.435684 -9.418857 -132.808472 1.800000 0.000000 0.000000
400000 18 C -195.944931 -9.931001 -135.974091 2.150000 0.000000 0.000000
400000 19 P -193.207443 -7.241216 -132.652832 2.110000 -1.000000 0.000000
400000 20 S -191.712570 -10.363183 -131.154755 1.800000 0.000000 0.000000
400000 21 A -194.825928 -11.802752 -130.784393 2.150000 0.000000 0.000000
400000 22 P -191.928711 -12.402395 -134.439636 2.110000 -1.000000 0.000000
400000 23 S -190.267563 -15.713220 -133.548615 1.800000 0.000000 0.000000
400000 24 A -192.921814 -16.719526 -131.421280 2.150000 0.000000 0.000000
400000 25 P -191.313354 -18.115627 -136.458160 2.110000 -1.000000 0.000000
400000 26 S -194.560715 -18.460085 -134.786270 1.800000 0.000000 0.000000
400000 27 G -196.017563 -15.533409 -136.006073 2.150000 0.000000 0.000000
400000 28 P -195.837463 -20.539852 -137.741302 2.110000 -1.000000 0.000000
400000 29 S -199.251694 -19.571917 -137.249481 1.800000 0.000000 0.000000
400000 30 C -199.165482 -16.895960 -139.105179 2.150000 0.000000 0.000000
400000 31 P -199.682129 -22.067749 -140.135315 2.110000 -1.000000 0.000000
400000 32 S -202.595688 -20.144506 -141.639359 1.800000 0.000000 0.000000
400000 33 C -200.771103 -17.579956 -142.916840 2.150000 0.000000 0.000000
400000 34 P -203.255676 -22.135408 -145.161636 2.110000 -1.000000 0.000000
400000 35 S -205.039062 -18.943182 -146.545410 1.800000 0.000000 0.000000
400000 36 U -202.357788 -17.354866 -148.003799 2.150000 0.000000 0.000000
400000 37 P -205.253784 -21.267817 -149.495605 2.110000 -1.000000 0.000000
405000 1 P -185.473404 -9.724678 -156.538681 2.110000 -1.000000 1.000000
405000 2 S -188.774368 -11.091144 -158.036118 1.800000 0.000000 0.000000
405000 3 G -188.901215 -12.889518 -155.204865 2.150000 0.000000 0.000000
405000 4 P -190.025421 -8.576553 -155.455811 2.110000 -1.000000 0.000000
405000 5 S -193.705124 -9.688921 -155.416534 1.800000 0.000000 0.000000
405000 6 G -193.808411 -12.706665 -153.607513 2.150000 0.000000 0.000000
405000 7 P -194.462418 -7.617595 -152.404465 2.110000 -1.000000 0.000000
405000 8 S -197.815552 -9.332249 -151.653046 1.800000 0.000000 0.000000
405000 9 G -196.636612 -12.320619 -150.197693 2.150000 0.000000 0.000000
405000 10 P -197.926788 -7.441044 -148.133316 2.110000 -1.000000 0.000000
405000 11 S -200.233841 -9.459916 -145.750244 1.800000 0.000000 0.000000
405000 12 C -198.769424 -12.147115 -144.045135 2.150000 0.000000 0.000000
405000 13 P -199.003403 -7.587687 -142.476364 2.110000 -1.000000 0.000000
405000 14 S -199.483841 -10.102386 -139.727936 1.800000 0.000000 0.000000
405000 15 G -196.255173 -11.828307 -140.482346 2.150000 0.000000 0.000000
405000 16 P -197.279968 -7.541905 -137.892029 2.110000 -1.000000 0.000000
405000 17 S -196.502075 -9.818329 -134.928726 1.800000 0.000000 0.000000
405000 18 C -193.979385 -10.117563 -137.574997 2.150000 0.000000 0.000000
405000 19 P -193.840057 -7.293511 -134.105347 2.110000 -1.000000 0.000000
405000 20 S -190.668121 -9.031239 -132.937546 1.800000 0.000000 0.000000
405000 21 A -192.506668 -11.543405 -131.459122 2.150000 0.000000 0.000000
405000 22 P -189.412308 -10.667767 -136.173798 2.110000 -1.000000 0.000000
405000 23 S -189.915359 -13.628325 -133.971771 1.800000 0.000000 0.000000
405000 24 A -193.224121 -14.014907 -134.972656 2.150000 0.000000 0.000000
405000 25 P -188.089325 -15.604874 -136.772232 2.110000 -1.000000 0.000000
405000 26 S -190.867249 -18.373055 -137.127960 1.800000 0.000000 0.000000
405000 27 G -193.526672 -16.558346 -138.589554 2.150000 0.000000 0.000000
405000 28 P -190.170135 -20.077356 -140.556625 2.110000 -1.000000 0.000000
405000 29 S -194.061325 -20.424673 -141.158035 1.800000 0.000000 0.000000
405000 30 C -194.540710 -17.330603 -142.693695 2.150000 0.000000 0.000000
405000 31 P -193.173050 -22.575428 -144.220551 2.110000 -1.000000 0.000000
405000 32 S -195.800125 -22.500555 -147.051468 1.800000 0.000000 0.000000
405000 33 C -194.413818 -19.216795 -147.550125 2.150000 0.000000 0.000000
405000 34 P -193.625137 -24.552465 -149.330688 2.110000 -1.000000 0.000000
405000 35 S -195.267166 -22.871416 -152.256973 1.800000 0.000000 0.000000
405000 36 U -194.149200 -19.508137 -151.733383 2.150000 0.000000 0.000000
405000 37 P -192.263474 -24.533379 -153.842972 2.110000 -1.000000 0.000000
410000 1 P -188.019577 -12.774055 -149.236832 2.110000 -1.000000 1.000000
410000 2 S -191.419876 -12.950525 -150.912567 1.800000 0.000000 0.000000
410000 3 G -192.458160 -16.257519 -149.833923 2.150000 0.000000 0.000000
410000 4 P -193.103210 -10.928879 -148.448120 2.110000 -1.000000 0.000000
410000 5 S -196.692490 -12.031431 -148.603775 1.800000 0.000000 0.000000
410000 6 G -196.418976 -14.794447 -146.623306 2.150000 0.000000 0.000000
410000 7 P -197.272537 -9.219746 -145.935501 2.110000 -1.000000 0.000000
410000 8 S -200.274734 -10.840966 -144.133957 1.800000 0.000000 0.000000
410000 9 G -198.536591 -12.604602 -141.718582 2.150000 0.000000 0.000000
410000 10 P -200.403564 -8.182530 -141.470459 2.110000 -1.000000 0.000000
410000 11 S -202.651627 -9.680349 -138.949005 1.800000 0.000000 0.000000
410000 12 C -200.362656 -12.121019 -138.082397 2.150000 0.000000 0.000000
410000 13 P -201.402191 -6.689431 -136.829056 2.110000 -1.000000 0.000000
410000 14 S -202.272354 -7.735120 -133.182755 1.800000 0.000000 0.000000
410000 15 G -200.350220 -10.652781 -132.660019 2.150000 0.000000 0.000000
410000 16 P -199.646301 -5.072892 -132.313065 2.110000 -1.000000 0.000000
410000 17 S -197.318420 -8.026803 -131.371277 1.800000 0.000000 0.000000
410000 18 C -195.656784 -9.086873 -134.079712 2.150000 0.000000 0.000000
410000 19 P -194.192352 -6.189893 -130.150742 2.110000 -1.000000 0.000000
410000 20 S -192.803833 -9.474307 -128.821060 1.800000 0.000000 0.000000
410000 21 A -189.670258 -8.123004 -128.753433 2.150000 0.000000 0.000000
410000 22 P -191.608688 -11.976525 -131.574539 2.110000 -1.000000 0.000000
410000 23 S -190.272186 -14.151059 -128.967926 1.800000 0.000000 0.000000
410000 24 A -186.807938 -13.587520 -129.441803 2.150000 0.000000 0.000000
410000 25 P -189.538589 -17.479527 -131.052017 2.110000 -1.000000 0.000000
410000 26 S -193.144867 -18.400444 -130.048218 1.800000 0.000000 0.000000
410000 27 G -195.268250 -15.881968 -131.111267 2.150000 0.000000 0.000000
410000 28 P -193.650009 -21.675074 -132.277298 2.110000 -1.000000 0.000000
410000 29 S -197.191162 -20.790976 -132.947388 1.800000 0.000000 0.000000
410000 30 C -196.226120 -18.247152 -135.288834 2.150000 0.000000 0.000000
410000 31 P -196.852646 -23.432199 -135.586731 2.110000 -1.000000 0.000000
410000 32 S -199.522766 -23.427372 -138.507095 1.800000 0.000000 0.000000
410000 33 C -198.632797 -20.589863 -140.461090 2.150000 0.000000 0.000000
410000 34 P -197.940063 -25.669155 -141.128983 2.110000 -1.000000 0.000000
410000 35 S -199.526413 -24.507351 -144.339584 1.800000 0.000000 0.000000
410000 36 U -198.137878 -21.382954 -144.924210 2.150000 0.000000 0.000000
410000 37 P -197.513931 -26.012253 -146.982208 2.110000 -1.000000 0.000000
415000 1 P -187.693268 -10.030023 -143.295090 2.110000 -1.000000 1.000000
415000 2 S -190.044983 -11.877767 -145.779297 1.800000 0.000000 0.000000
415000 3 G -190.852600 -14.136974 -143.026047 2.150000 0.000000 0.000000
415000 4 P -192.009308 -9.153397 -143.791260 2.110000 -1.000000 0.000000
415000 5 S -195.630463 -10.658527 -143.829102 1.800000 0.000000 0.000000
415000 6 G -194.433136 -13.325021 -141.717880 2.150000 0.000000 0.000000
415000 7 P -196.739334 -8.051341 -141.139236 2.110000 -1.000000 0.000000
415000 8 S -199.593094 -10.240888 -140.006165 1.800000 0.000000 0.000000
415000 9 G -197.362198 -12.406127 -138.685364 2.150000 0.000000 0.000000
415000 10 P -199.568558 -7.470685 -137.286331 2.110000 -1.000000 0.000000
415000 11 S -200.975662 -9.561001 -134.434769 1.800000 0.000000 0.000000
415000 12 C -198.342102 -11.779993 -134.213409 2.150000 0.000000 0.000000
415000 13 P -199.163666 -6.462266 -132.624252 2.110000 -1.000000 0.000000
415000 14 S -197.944748 -8.957980 -129.884476 1.800000 0.000000 0.000000
415000 15 G -195.240540 -11.137953 -130.938187 2.150000 0.000000 0.000000
415000 16 P -195.605347 -6.206965 -128.800568 2.110000 -1.000000 0.000000
415000 17 S -193.564453 -9.255593 -127.903381 1.800000 0.000000 0.000000
415000 18 C -191.636734 -11.481640 -130.003586 2.150000 0.000000 0.000000
415000 19 P -191.022949 -6.362943 -128.244812 2.110000 -1.000000 0.000000
415000 20 S -189.800613 -7.767145 -124.752373 1.800000 0.000000 0.000000
415000 21 A -187.398987 -5.235948 -125.121712 2.150000 0.000000 0.000000
415000 22 P -187.119553 -10.453499 -126.038757 2.110000 -1.000000 0.000000
415000 23 S -189.150925 -13.191477 -124.258995 1.800000 0.000000 0.000000
415000 24 A -192.198883 -12.983189 -126.231804 2.150000 0.000000 0.000000
415000 25 P -187.877457 -16.340248 -126.676529 2.110000 -1.000000 0.000000
415000 26 S -191.316925 -17.925234 -126.227768 1.800000 0.000000 0.000000
415000 27 G -192.397949 -15.707799 -128.780289 2.150000 0.000000 0.000000
415000 28 P -192.081833 -20.766850 -128.737747 2.110000 -1.000000 0.000000
415000 29 S -195.945633 -20.061882 -128.987030 1.800000 0.000000 0.000000
415000 30 C -196.317123 -17.510597 -131.485916 2.150000 0.000000 0.000000
415000 31 P -196.339462 -22.530716 -131.746811 2.110000 -1.000000 0.000000
415000 32 S -199.264709 -21.056551 -133.664658 1.800000 0.000000 0.000000
415000 33 C -198.529282 -18.198179 -135.254486 2.150000 0.000000 0.000000
415000 34 P -199.069275 -23.513966 -136.797226 2.110000 -1.000000 0.000000
415000 35 S -200.372223 -20.979807 -139.363953 1.800000 0.000000 0.000000
415000 36 U -198.610519 -18.070110 -140.050812 2.150000 0.000000 0.000000
415000 37 P -199.100830 -22.418201 -142.626343 2.110000 -1.000000 0.000000
420000 1 P -177.346466 -4.045419 -138.788132 2.110000 -1.000000 1.000000
420000 2 S -177.420456 -3.955639 -142.655502 1.800000 0.000000 0.000000
420000 3 G -178.795929 -7.406668 -142.471954 2.150000 0.000000 0.000000
420000 4 P -180.293701 -1.647903 -142.005249 2.110000 -1.000000 0.000000
420000 5 S -182.024323 -2.245034 -145.485962 1.800000 0.000000 0.000000
420000 6 G -182.823441 -5.473110 -145.250092 2.150000 0.000000 0.000000
420000 7 P -185.351700 -0.718820 -144.433701 2.110000 -1.000000 0.000000
420000 8 S -187.689667 -3.403012 -146.004608 1.800000 0.000000 0.000000
420000 9 G -186.985687 -5.680093 -143.473755 2.150000 0.000000 0.000000
420000 10 P -189.344666 -1.454635 -143.401855 2.110000 -1.000000 0.000000
420000 11 S -192.503448 -3.116885 -142.253418 1.800000 0.000000 0.000000
420000 12 C -191.120300 -5.827645 -140.416718 2.150000 0.000000 0.000000
420000 13 P -192.897476 -0.645357 -139.376999 2.110000 -1.000000 0.000000
420000 14 S -195.713303 -2.240834 -137.411621 1.800000 0.000000 0.000000
420000 15 G -195.634842 -5.220791 -135.610764 2.150000 0.000000 0.000000
420000 16 P -194.765549 -0.134605 -134.519608 2.110000 -1.000000 0.000000
420000 17 S -195.246155 -2.421680 -131.497025 1.800000 0.000000 0.000000
420000 18 C -192.426773 -4.073572 -132.523438 2.150000 0.000000 0.000000
420000 19 P -193.706085 -1.303519 -128.365402 2.110000 -1.000000 0.000000
420000 20 S -192.182144 -4.507891 -127.093765 1.800000 0.000000 0.000000
420000 21 A -194.501404 -6.869544 -128.370895 2.150000 0.000000 0.000000
420000 22 P -189.922928 -6.406104 -129.233292 2.110000 -1.000000 0.000000
420000 23 S -189.954010 -9.562066 -126.899818 1.800000 0.000000 0.000000
420000 24 A -186.943390 -7.961654 -126.325333 2.150000 0.000000 0.000000
420000 25 P -188.095490 -11.966839 -128.762360 2.110000 -1.000000 0.000000
420000 26 S -190.851089 -13.050564 -130.959488 1.800000 0.000000 0.000000
420000 27 G -190.726257 -9.879768 -132.533447 2.150000 0.000000 0.000000
420000 28 P -189.003754 -15.346550 -133.597961 2.110000 -1.000000 0.000000
420000 29 S -191.091888 -15.076186 -136.976807 1.800000 0.000000 0.000000
420000 30 C -190.033173 -11.701900 -137.526520 2.150000 0.000000 0.000000
420000 31 P -189.000381 -17.080523 -139.398026 2.110000 -1.000000 0.000000
420000 32 S -189.107529 -15.641803 -142.924545 1.800000 0.000000 0.000000
420000 33 C -187.272354 -12.863042 -142.932022 2.150000 0.000000 0.000000
420000 34 P -186.248093 -18.354984 -143.039398 2.110000 -1.000000 0.000000
420000 35 S -184.628418 -17.419657 -146.389481 1.800000 0.000000 0.000000
420000 36 U -183.642014 -14.481601 -145.055405 2.150000 0.000000 0.000000
420000 37 P -181.566132 -19.797657 -145.721695 2.110000 -1.000000 0.000000
425000 1 P -178.822372 -0.589660 -142.235687 2.110000 -1.000000 1.000000
425000 2 S -180.040924 0.743069 -145.655960 1.800000 0.000000 0.000000
425000 3 G -180.985764 -2.593732 -146.819565 2.150000 0.000000 0.000000
425000 4 P -183.373413 2.388664 -144.903168 2.110000 -1.000000 0.000000
425000 5 S -185.496429 1.401640 -148.018326 1.800000 0.000000 0.000000
425000 6 G -185.911713 -1.567157 -146.399261 2.150000 0.000000 0.000000
425000 7 P -188.494278 2.798632 -146.088898 2.110000 -1.000000 0.000000
425000 8 S -190.939316 0.352593 -147.481323 1.800000 0.000000 0.000000
425000 9 G -189.546249 -2.062436 -145.374756 2.150000 0.000000 0.000000
425000 10 P -193.296463 1.239412 -144.676254 2.110000 -1.000000 0.000000
425000 11 S -195.096390 -2.028262 -144.237030 1.800000 0.000000 0.000000
425000 12 C -192.205872 -3.723104 -143.278351 2.150000 0.000000 0.000000
425000 13 P -195.920441 -0.504042 -140.629547 2.110000 -1.000000 0.000000
425000 14 S -195.945084 -4.059247 -139.209564 1.800000 0.000000 0.000000
425000 15 G -192.976624 -5.425435 -139.469208 2.150000 0.000000 0.000000
425000 16 P -195.413376 -1.877963 -136.230820 2.110000 -1.000000 0.000000
425000 17 S -194.023346 -4.779828 -133.937866 1.800000 0.000000 0.000000
425000 18 C -190.966415 -4.332062 -135.617249 2.150000 0.000000 0.000000
425000 19 P -192.511047 -2.762186 -131.081512 2.110000 -1.000000 0.000000
425000 20 S -190.354950 -5.849730 -130.525513 1.800000 0.000000 0.000000
425000 21 A -187.436554 -3.970854 -130.033875 2.150000 0.000000 0.000000
425000 22 P -188.624435 -7.363203 -133.836441 2.110000 -1.000000 0.000000
425000 23 S -186.183151 -9.023063 -131.456085 1.800000 0.000000 0.000000
425000 24 A -187.573029 -11.856680 -129.762207 2.150000 0.000000 0.000000
425000 25 P -185.338074 -11.123662 -134.662781 2.110000 -1.000000 0.000000
425000 26 S -188.945358 -12.648359 -135.107544 1.800000 0.000000 0.000000
425000 27 G -190.230911 -9.479812 -136.334167 2.150000 0.000000 0.000000
425000 28 P -188.284454 -14.200859 -138.574600 2.110000 -1.000000 0.000000
425000 29 S -190.998901 -13.479733 -141.132660 1.800000 0.000000 0.000000
425000 30 C -190.487686 -10.144319 -142.065964 2.150000 0.000000 0.000000
425000 31 P -190.156662 -14.564602 -144.888916 2.110000 -1.000000 0.000000
425000 32 S -192.099808 -12.160788 -147.131271 1.800000 0.000000 0.000000
425000 33 C -190.831100 -9.325903 -146.458847 2.150000 0.000000 0.000000
425000 34 P -190.507507 -11.898080 -150.549408 2.110000 -1.000000 0.000000
425000 35 S -190.945206 -8.212550 -151.315063 1.800000 0.000000 0.000000
425000 36 U -188.235962 -7.301699 -149.034210 2.150000 0.000000 0.000000
425000 37 P -188.672180 -8.259347 -154.363556 2.110000 -1.000000 0.000000
430000 1 P -177.652817 6.563239 -136.289062 2.110000 -1.000000 1.000000
430000 2 S -177.222168 7.529145 -139.889114 1.800000 0.000000 0.000000
430000 3 G -179.028458 4.476158 -140.714828 2.150000 0.000000 0.000000
430000 4 P -180.981583 8.584534 -139.024918 2.110000 -1.000000 0.000000
430000 5 S -182.957047 7.446179 -142.093811 1.800000 0.000000 0.000000
430000 6 G -183.411758 4.286613 -141.019180 2.150000 0.000000 0.000000
430000 7 P -185.927002 8.016102 -139.796814 2.110000 -1.000000 0.000000
430000 8 S -188.016342 5.908998 -142.059662 1.800000 0.000000 0.000000
430000 9 G -187.231796 2.918683 -140.359100 2.150000 0.000000 0.000000
430000 10 P -190.528229 5.787092 -139.135574 2.110000 -1.000000 0.000000
430000 11 S -192.417145 2.637658 -140.498184 1.800000 0.000000 0.000000
430000 12 C -189.909607 0.344268 -139.702896 2.150000 0.000000 0.000000
430000 13 P -193.481537 3.270019 -136.915497 2.110000 -1.000000 0.000000
430000 14 S -193.840973 -0.481660 -137.098648 1.800000 0.000000 0.000000
430000 15 G -197.245529 -0.741370 -137.671524 2.150000 0.000000 0.000000
430000 16 P -193.967361 0.248869 -133.283600 2.110000 -1.000000 0.000000
430000 17 S -192.669342 -3.193321 -132.870819 1.800000 0.000000 0.000000
430000 18 C -189.540863 -3.035197 -134.254227 2.150000 0.000000 0.000000
430000 19 P -191.876022 -2.061012 -129.324722 2.110000 -1.000000 0.000000
430000 20 S -190.293686 -5.215093 -127.853645 1.800000 0.000000 0.000000
430000 21 A -188.943787 -2.722269 -125.603760 2.150000 0.000000 0.000000
430000 22 P -186.896729 -5.411620 -129.911163 2.110000 -1.000000 0.000000
430000 23 S -187.051926 -9.122452 -129.678619 1.800000 0.000000 0.000000
430000 24 A -190.349182 -8.801510 -131.154327 2.150000 0.000000 0.000000
430000 25 P -184.632248 -9.532819 -132.276489 2.110000 -1.000000 0.000000
430000 26 S -187.006531 -10.197264 -134.975830 1.800000 0.000000 0.000000
430000 27 G -188.781906 -7.405406 -135.678894 2.150000 0.000000 0.000000
430000 28 P -184.971344 -10.729103 -138.134674 2.110000 -1.000000 0.000000
430000 29 S -187.624557 -9.096670 -140.580780 1.800000 0.000000 0.000000
430000 30 C -186.963806 -5.860689 -139.433197 2.150000 0.000000 0.000000
430000 31 P -184.790146 -9.575374 -142.783142 2.110000 -1.000000 0.000000
430000 32 S -186.286926 -6.970008 -145.115753 1.800000 0.000000 0.000000
430000 33 C -185.907745 -3.923099 -143.645599 2.150000 0.000000 0.000000
430000 34 P -184.352554 -6.175569 -148.339828 2.110000 -1.000000 0.000000
430000 35 S -184.910400 -2.243388 -148.576355 1.800000 0.000000 0.000000
430000 36 U -182.984543 -1.032384 -146.123383 2.150000 0.000000 0.000000
430000 37 P -182.385971 -2.541748 -151.598633 2.110000 -1.000000 0.000000
435000 1 P -178.038666 6.340877 -135.251862 2.110000 -1.000000 1.000000
435000 2 S -177.554291 8.618567 -138.318985 1.800000 0.000000 0.000000
435000 3 G -178.587753 6.703554 -140.913284 2.150000 0.000000 0.000000
435000 4 P -180.733170 9.802862 -136.917313 2.110000 -1.000000 0.000000
435000 5 S -182.155029 10.661891 -140.413864 1.800000 0.000000 0.000000
435000 6 G -182.697845 7.321159 -141.273239 2.150000 0.000000 0.000000
435000 7 P -185.853577 11.520063 -139.459351 2.110000 -1.000000 0.000000
435000 8 S -187.727844 10.149411 -142.534683 1.800000 0.000000 0.000000
435000 9 G -186.767776 7.059549 -141.303909 2.150000 0.000000 0.000000
435000 10 P -190.395691 9.938635 -139.972092 2.110000 -1.000000 0.000000
435000 11 S -192.577240 6.999346 -140.876389 1.800000 0.000000 0.000000
435000 12 C -190.410629 4.330190 -139.949188 2.150000 0.000000 0.000000
435000 13 P -193.811066 7.352200 -137.361557 2.110000 -1.000000 0.000000
435000 14 S -192.598999 3.889265 -136.939789 1.800000 0.000000 0.000000
435000 15 G -189.709183 5.974330 -136.677917 2.150000 0.000000 0.000000
435000 16 P -192.310364 3.550524 -133.050598 2.110000 -1.000000 0.000000
435000 17 S -188.981049 1.652539 -133.391998 1.800000 0.000000 0.000000
435000 18 C -186.459396 3.944108 -132.803772 2.150000 0.000000 0.000000
435000 19 P -188.375656 0.475343 -129.898804 2.110000 -1.000000 0.000000
435000 20 S -185.728058 -2.037179 -130.829468 1.800000 0.000000 0.000000
435000 21 A -188.633575 -4.048839 -131.883484 2.150000 0.000000 0.000000
435000 22 P -183.008560 -0.942946 -132.824509 2.110000 -1.000000 0.000000
435000 23 S -183.448898 -4.611825 -133.354736 1.800000 0.000000 0.000000
435000 24 A -186.219513 -4.343851 -135.547913 2.150000 0.000000 0.000000
435000 25 P -180.850616 -4.535637 -136.094406 2.110000 -1.000000 0.000000
435000 26 S -183.307449 -5.792868 -138.719604 1.800000 0.000000 0.000000
435000 27 G -184.782562 -2.573831 -138.898712 2.150000 0.000000 0.000000
435000 28 P -181.559769 -5.795331 -142.299789 2.110000 -1.000000 0.000000
435000 29 S -184.912476 -4.824710 -144.331635 1.800000 0.000000 0.000000
435000 30 C -185.614227 -1.805363 -142.879852 2.150000 0.000000 0.000000
435000 31 P -182.002136 -4.963357 -147.019745 2.110000 -1.000000 0.000000
435000 32 S -183.570282 -2.114517 -148.905441 1.800000 0.000000 0.000000
435000 33 C -182.939667 -0.417039 -145.920135 2.150000 0.000000 0.000000
435000 34 P -180.603500 -1.836745 -151.562485 2.110000 -1.000000 0.000000
435000 35 S -180.463196 1.856943 -151.514801 1.800000 0.000000 0.000000
435000 36 U -179.791245 1.461037 -148.078720 2.150000 0.000000 0.000000
435000 37 P -177.385300 -0.040391 -152.964722 2.110000 -1.000000 0.000000
440000 1 P -173.536469 8.430488 -125.783760 2.110000 -1.000000 1.000000
440000 2 S -172.949509 10.501782 -128.906036 1.800000 0.000000 0.000000
440000 3 G -173.139282 7.912742 -131.181427 2.150000 0.000000 0.000000
440000 4 P -176.329956 11.845152 -127.621094 2.110000 -1.000000 0.000000
440000 5 S -178.289856 13.401609 -130.552826 1.800000 0.000000 0.000000
440000 6 G -178.464996 10.596242 -132.647766 2.150000 0.000000 0.000000
440000 7 P -181.949677 13.590962 -130.029541 2.110000 -1.000000 0.000000
440000 8 S -183.272156 12.764326 -133.490234 1.800000 0.000000 0.000000
440000 9 G -182.526794 9.540778 -134.390442 2.150000 0.000000 0.000000
440000 10 P -186.537720 11.951050 -131.916122 2.110000 -1.000000 0.000000
440000 11 S -188.619370 9.166690 -133.519974 1.800000 0.000000 0.000000
440000 12 C -186.412491 6.753105 -132.404404 2.150000 0.000000 0.000000
440000 13 P -190.456573 9.888878 -130.122574 2.110000 -1.000000 0.000000
440000 14 S -190.366486 6.123037 -130.034271 1.800000 0.000000 0.000000
440000 15 G -191.580612 4.269915 -132.694427 2.150000 0.000000 0.000000
440000 16 P -190.736542 4.625861 -126.642326 2.110000 -1.000000 0.000000
440000 17 S -190.952621 1.003493 -128.129547 1.800000 0.000000 0.000000
440000 18 C -187.650635 0.935967 -128.246979 2.150000 0.000000 0.000000
440000 19 P -190.870667 -1.468000 -125.158867 2.110000 -1.000000 0.000000
440000 20 S -189.494659 -4.090196 -127.138252 1.800000 0.000000 0.000000
440000 21 A -189.237030 -6.672443 -124.574471 2.150000 0.000000 0.000000
440000 22 P -185.870651 -2.662986 -127.478569 2.110000 -1.000000 0.000000
440000 23 S -183.787079 -5.659184 -126.586273 1.800000 0.000000 0.000000
440000 24 A -186.032333 -6.953448 -128.790375 2.150000 0.000000 0.000000
440000 25 P -181.099838 -5.547906 -129.347794 2.110000 -1.000000 0.000000
440000 26 S -182.729523 -4.803364 -132.763824 1.800000 0.000000 0.000000
440000 27 G -183.286438 -1.585128 -131.680817 2.150000 0.000000 0.000000
440000 28 P -179.397873 -4.429560 -134.824936 2.110000 -1.000000 0.000000
440000 29 S -181.733948 -2.513440 -137.153458 1.800000 0.000000 0.000000
440000 30 C -181.965073 0.696551 -135.505417 2.150000 0.000000 0.000000
440000 31 P -179.939697 -0.947082 -140.148682 2.110000 -1.000000 0.000000
440000 32 S -182.450256 1.834699 -140.210861 1.800000 0.000000 0.000000
440000 33 C -180.936859 4.001009 -137.734238 2.150000 0.000000 0.000000
440000 34 P -180.383789 4.171782 -142.645386 2.110000 -1.000000 0.000000
440000 35 S -180.909515 7.597835 -140.909042 1.800000 0.000000 0.000000
440000 36 U -178.176849 6.791976 -138.926819 2.150000 0.000000 0.000000
440000 37 P -178.397552 8.887244 -143.496826 2.110000 -1.000000 0.000000
445000 1 P -172.213745 11.860592 -127.113495 2.110000 -1.000000 1.000000
445000 2 S -171.957977 14.104087 -130.260635 1.800000 0.000000 0.000000
445000 3 G -172.347046 10.890268 -131.912277 2.150000 0.000000 0.000000
445000 4 P -175.802231 14.518255 -130.343948 2.110000 -1.000000 0.000000
445000 5 S -176.869690 14.627656 -134.079041 1.800000 0.000000 0.000000
445000 6 G -176.322784 11.231443 -134.019165 2.150000 0.000000 0.000000
445000 7 P -180.564880 14.294273 -132.747025 2.110000 -1.000000 0.000000
445000 8 S -181.493042 12.232513 -135.829620 1.800000 0.000000 0.000000
445000 9 G -180.198975 9.461996 -133.992691 2.150000 0.000000 0.000000
445000 10 P -184.151764 11.420273 -133.474792 2.110000 -1.000000 0.000000
445000 11 S -185.760651 8.265231 -134.525818 1.800000 0.000000 0.000000
445000 12 C -183.129959 6.080965 -133.609085 2.150000 0.000000 0.000000
445000 13 P -186.935699 8.052659 -130.938599 2.110000 -1.000000 0.000000
445000 14 S -186.596405 4.444100 -129.753235 1.800000 0.000000 0.000000
445000 15 G -183.083633 4.001154 -129.698883 2.150000 0.000000 0.000000
445000 16 P -186.778229 5.123002 -126.012222 2.110000 -1.000000 0.000000
445000 17 S -185.721558 1.614884 -126.094360 1.800000 0.000000 0.000000
445000 18 C -182.199860 2.448064 -125.562271 2.150000 0.000000 0.000000
445000 19 P -185.542175 1.861769 -122.193520 2.110000 -1.000000 0.000000
445000 20 S -183.695862 -1.718580 -122.547432 1.800000 0.000000 0.000000
445000 21 A -183.376892 -2.373835 -119.387688 2.150000 0.000000 0.000000
445000 22 P -179.762268 -1.893103 -122.615631 2.110000 -1.000000 0.000000
445000 23 S -179.657822 -4.940782 -124.828339 1.800000 0.000000 0.000000
445000 24 A -182.355316 -3.443591 -126.440643 2.150000 0.000000 0.000000
445000 25 P -176.560837 -4.461904 -127.305359 2.110000 -1.000000 0.000000
445000 26 S -178.543869 -4.944607 -130.421951 1.800000 0.000000 0.000000
445000 27 G -179.250732 -1.529773 -130.489410 2.150000 0.000000 0.000000
445000 28 P -176.226868 -3.983908 -133.430206 2.110000 -1.000000 0.000000
445000 29 S -178.819931 -2.520297 -135.831863 1.800000 0.000000 0.000000
445000 30 C -179.049850 0.512935 -134.187500 2.150000 0.000000 0.000000
445000 31 P -176.269836 -1.549177 -138.720215 2.110000 -1.000000 0.000000
445000 32 S -178.225662 1.282177 -140.172485 1.800000 0.000000 0.000000
445000 33 C -178.535492 3.281293 -137.403397 2.150000 0.000000 0.000000
445000 34 P -175.880997 2.991389 -142.634995 2.110000 -1.000000 0.000000
445000 35 S -176.646164 6.721797 -142.315216 1.800000 0.000000 0.000000
445000 36 U -175.182739 6.005424 -139.183380 2.150000 0.000000 0.000000
445000 37 P -173.279221 7.619698 -143.702988 2.110000 -1.000000 0.000000
450000 1 P -169.051254 4.968560 -127.364952 2.110000 -1.000000 1.000000
450000 2 S -169.225739 6.317644 -130.920837 1.800000 0.000000 0.000000
450000 3 G -170.665436 3.469815 -132.492950 2.150000 0.000000 0.000000
450000 4 P -172.764847 7.747659 -130.634064 2.110000 -1.000000 0.000000
450000 5 S -173.361923 6.729647 -134.038589 1.800000 0.000000 0.000000
450000 6 G -174.365494 3.406191 -134.276138 2.150000 0.000000 0.000000
450000 7 P -176.909836 7.476403 -133.364105 2.110000 -1.000000 0.000000
450000 8 S -179.085434 6.471567 -136.134079 1.800000 0.000000 0.000000
450000 9 G -178.742477 2.929075 -136.191711 2.150000 0.000000 0.000000
450000 10 P -182.043442 6.529569 -133.540970 2.110000 -1.000000 0.000000
450000 11 S -185.333710 4.874856 -135.144348 1.800000 0.000000 0.000000
450000 12 C -185.692261 1.519620 -134.376434 2.150000 0.000000 0.000000
450000 13 P -185.710419 5.276640 -131.356079 2.110000 -1.000000 0.000000
450000 14 S -185.820740 1.736243 -130.084488 1.800000 0.000000 0.000000
450000 15 G -182.607086 0.260774 -130.591156 2.150000 0.000000 0.000000
450000 16 P -184.957153 2.938795 -126.511490 2.110000 -1.000000 0.000000
450000 17 S -183.906479 -0.609769 -125.461006 1.800000 0.000000 0.000000
450000 18 C -180.718063 -1.220795 -126.656067 2.150000 0.000000 0.000000
450000 19 P -182.720856 0.512623 -122.057632 2.110000 -1.000000 0.000000
450000 20 S -184.099274 -3.076585 -121.584709 1.800000 0.000000 0.000000
450000 21 A -186.551254 -2.585731 -124.000725 2.150000 0.000000 0.000000
450000 22 P -181.414841 -5.172853 -123.347992 2.110000 -1.000000 0.000000
450000 23 S -184.139175 -7.617942 -124.028252 1.800000 0.000000 0.000000
450000 24 A -186.165939 -6.634566 -126.557602 2.150000 0.000000 0.000000
450000 25 P -181.357086 -8.926619 -126.126488 2.110000 -1.000000 0.000000
450000 26 S -183.440948 -9.486195 -129.204468 1.800000 0.000000 0.000000
450000 27 G -183.893448 -6.001068 -130.099350 2.150000 0.000000 0.000000
450000 28 P -180.216156 -10.275278 -131.161072 2.110000 -1.000000 0.000000
450000 29 S -182.151245 -9.023950 -134.176346 1.800000 0.000000 0.000000
450000 30 C -182.376541 -5.338902 -134.029861 2.150000 0.000000 0.000000
450000 31 P -179.044891 -9.147627 -136.711609 2.110000 -1.000000 0.000000
450000 32 S -179.566788 -6.213949 -138.994858 1.800000 0.000000 0.000000
450000 33 C -178.264496 -4.112908 -136.718872 2.150000 0.000000 0.000000
450000 34 P -177.298676 -4.788360 -141.928879 2.110000 -1.000000 0.000000
450000 35 S -178.300064 -1.295397 -140.846252 1.800000 0.000000 0.000000
450000 36 U -176.372116 -0.540383 -138.056900 2.150000 0.000000 0.000000
450000 37 P -175.323242 -0.309494 -143.150711 2.110000 -1.000000 0.000000
455000 1 P -169.154327 4.996789 -139.011398 2.110000 -1.000000 1.000000
455000 2 S -169.556213 6.824487 -142.422760 1.800000 0.000000 0.000000
455000 3 G -170.072418 4.420751 -144.627136 2.150000 0.000000 0.000000
455000 4 P -172.969543 7.651412 -141.191086 2.110000 -1.000000 0.000000
455000 5 S -174.683426 8.531691 -144.452408 1.800000 0.000000 0.000000
455000 6 G -174.864182 4.937738 -144.721954 2.150000 0.000000 0.000000
455000 7 P -178.148743 9.008656 -142.624268 2.110000 -1.000000 0.000000
455000 8 S -181.306778 8.257454 -144.572220 1.800000 0.000000 0.000000
455000 9 G -181.377029 4.899671 -143.822388 2.150000 0.000000 0.000000
455000 10 P -183.170273 8.745160 -141.374130 2.110000 -1.000000 0.000000
455000 11 S -186.630753 6.817916 -141.925766 1.800000 0.000000 0.000000
455000 12 C -185.384277 3.634351 -142.280960 2.150000 0.000000 0.000000
455000 13 P -187.808105 6.528323 -138.227859 2.110000 -1.000000 0.000000
455000 14 S -189.555374 3.128999 -138.103760 1.800000 0.000000 0.000000
455000 15 G -187.581146 0.568781 -139.953156 2.150000 0.000000 0.000000
455000 16 P -189.407394 1.674962 -134.534576 2.110000 -1.000000 0.000000
455000 17 S -189.244095 -1.925916 -135.587479 1.800000 0.000000 0.000000
455000 18 C -185.872955 -1.794112 -136.241653 2.150000 0.000000 0.000000
455000 19 P -188.128113 -2.349804 -131.882614 2.110000 -1.000000 0.000000
455000 20 S -186.628494 -5.767326 -132.493576 1.800000 0.000000 0.000000
455000 21 A -189.541718 -6.577520 -133.982941 2.150000 0.000000 0.000000
455000 22 P -183.771271 -5.562282 -135.229889 2.110000 -1.000000 0.000000
455000 23 S -184.423950 -8.712722 -137.252686 1.800000 0.000000 0.000000
455000 24 A -187.100143 -7.118883 -139.071060 2.150000 0.000000 0.000000
455000 25 P -182.818237 -9.572847 -140.827347 2.110000 -1.000000 0.000000
455000 26 S -185.243256 -8.489738 -143.606522 1.800000 0.000000 0.000000
455000 27 G -185.450012 -5.027966 -142.828720 2.150000 0.000000 0.000000
455000 28 P -182.645493 -8.856179 -146.569702 2.110000 -1.000000 0.000000
455000 29 S -183.683716 -5.939314 -148.700806 1.800000 0.000000 0.000000
455000 30 C -182.488449 -3.966033 -146.294510 2.150000 0.000000 0.000000
455000 31 P -180.664459 -6.165774 -151.254501 2.110000 -1.000000 0.000000
455000 32 S -180.483597 -2.394756 -152.161377 1.800000 0.000000 0.000000
455000 33 C -179.031281 -1.598302 -149.241180 2.150000 0.000000 0.000000
455000 34 P -177.481506 -1.844989 -154.087051 2.110000 -1.000000 0.000000
455000 35 S -177.896011 1.911536 -153.915802 1.800000 0.000000 0.000000
455000 36 U -176.750473 2.870600 -150.809128 2.150000 0.000000 0.000000
455000 37 P -174.448303 2.399450 -155.438736 2.110000 -1.000000 0.000000
460000 1 P -165.790939 1.530066 -137.087372 2.110000 -1.000000 1.000000
460000 2 S -167.362518 3.858496 -139.413544 1.800000 0.000000 0.000000
460000 3 G -168.826981 1.180180 -141.512833 2.150000 0.000000 0.000000
460000 4 P -170.413345 4.963335 -137.031158 2.110000 -1.000000 0.000000
460000 5 S -171.659988 6.518669 -140.372818 1.800000 0.000000 0.000000
460000 6 G -172.206909 3.384528 -141.678253 2.150000 0.000000 0.000000
460000 7 P -174.831039 7.143005 -138.735672 2.110000 -1.000000 0.000000
460000 8 S -177.105942 7.031553 -141.788071 1.800000 0.000000 0.000000
460000 9 G -176.824310 3.585491 -142.413239 2.150000 0.000000 0.000000
460000 10 P -179.359695 7.862538 -138.730484 2.110000 -1.000000 0.000000
460000 11 S -182.423508 5.488404 -139.797897 1.800000 0.000000 0.000000
460000 12 C -180.559158 2.838712 -140.832901 2.150000 0.000000 0.000000
460000 13 P -184.614090 4.300666 -136.858185 2.110000 -1.000000 0.000000
460000 14 S -186.005936 1.232640 -138.714478 1.800000 0.000000 0.000000
460000 15 G -183.072876 -0.591947 -139.471359 2.150000 0.000000 0.000000
460000 16 P -186.101868 0.576976 -135.021347 2.110000 -1.000000 0.000000
460000 17 S -187.339508 -2.926331 -136.049591 1.800000 0.000000 0.000000
460000 18 C -190.789215 -1.800361 -136.238007 2.150000 0.000000 0.000000
460000 19 P -186.930542 -4.004278 -132.159180 2.110000 -1.000000 0.000000
460000 20 S -184.685883 -7.059937 -132.951477 1.800000 0.000000 0.000000
460000 21 A -182.576019 -5.773549 -130.481949 2.150000 0.000000 0.000000
460000 22 P -182.034378 -5.766211 -135.478561 2.110000 -1.000000 0.000000
460000 23 S -180.930725 -9.401375 -134.877106 1.800000 0.000000 0.000000
460000 24 A -183.829758 -10.453666 -136.410370 2.150000 0.000000 0.000000
460000 25 P -178.304108 -10.967902 -137.545853 2.110000 -1.000000 0.000000
460000 26 S -180.281998 -9.595988 -140.642838 1.800000 0.000000 0.000000
460000 27 G -180.438934 -6.238323 -140.656357 2.150000 0.000000 0.000000
460000 28 P -177.786743 -10.185103 -143.612244 2.110000 -1.000000 0.000000
460000 29 S -179.488586 -7.446508 -145.573059 1.800000 0.000000 0.000000
460000 30 C -177.527451 -4.902505 -144.460297 2.150000 0.000000 0.000000
460000 31 P -177.732483 -6.857155 -148.960617 2.110000 -1.000000 0.000000
460000 32 S -178.092514 -3.173761 -149.902969 1.800000 0.000000 0.000000
460000 33 C -176.104340 -1.976451 -147.522018 2.150000 0.000000 0.000000
460000 34 P -175.424271 -4.244419 -152.333923 2.110000 -1.000000 0.000000
460000 35 S -173.541718 -1.139654 -152.648666 1.800000 0.000000 0.000000
460000 36 U -171.942627 -0.504861 -149.426300 2.150000 0.000000 0.000000
460000 37 P -170.732422 -2.960405 -154.718658 2.110000 -1.000000 0.000000
465000 1 P -172.522766 9.997201 -140.718460 2.110000 -1.000000 1.000000
465000 2 S -173.291229 10.907109 -144.259415 1.800000 0.000000 0.000000
465000 3 G -175.105896 8.189614 -144.534698 2.150000 0.000000 0.000000
465000 4 P -176.336960 12.258542 -142.336227 2.110000 -1.000000 0.000000
465000 5 S -179.431915 12.094492 -144.548187 1.800000 0.000000 0.000000
465000 6 G -179.757767 8.619239 -144.244034 2.150000 0.000000 0.000000
465000 7 P -182.254272 12.336000 -141.836655 2.110000 -1.000000 0.000000
465000 8 S -185.228790 11.213059 -144.058380 1.800000 0.000000 0.000000
465000 9 G -185.184036 7.974299 -142.837234 2.150000 0.000000 0.000000
465000 10 P -187.534103 11.449794 -141.084793 2.110000 -1.000000 0.000000
465000 11 S -189.760101 8.726515 -142.240601 1.800000 0.000000 0.000000
465000 12 C -188.206314 5.755188 -142.035416 2.150000 0.000000 0.000000
465000 13 P -191.053253 8.827676 -138.698074 2.110000 -1.000000 0.000000
465000 14 S -189.646713 5.311027 -138.339066 1.800000 0.000000 0.000000
465000 15 G -186.361526 5.509805 -138.185349 2.150000 0.000000 0.000000
465000 16 P -190.252731 4.981798 -134.409363 2.110000 -1.000000 0.000000
465000 17 S -187.164566 2.910262 -133.597000 1.800000 0.000000 0.000000
465000 18 C -184.860504 5.267881 -134.407623 2.150000 0.000000 0.000000
465000 19 P -187.225494 3.496057 -129.951385 2.110000 -1.000000 0.000000
465000 20 S -187.574249 -0.290149 -129.451889 1.800000 0.000000 0.000000
465000 21 A -190.552643 0.691231 -130.815521 2.150000 0.000000 0.000000
465000 22 P -185.029968 -1.282533 -132.351761 2.110000 -1.000000 0.000000
465000 23 S -186.984451 -4.549354 -131.813766 1.800000 0.000000 0.000000
465000 24 A -188.453156 -3.018172 -134.503204 2.150000 0.000000 0.000000
465000 25 P -185.402161 -5.938418 -134.938919 2.110000 -1.000000 0.000000
465000 26 S -187.889801 -5.502153 -137.657455 1.800000 0.000000 0.000000
465000 27 G -186.738037 -2.231415 -138.028519 2.150000 0.000000 0.000000
465000 28 P -185.425751 -5.907129 -140.652756 2.110000 -1.000000 0.000000
465000 29 S -187.362152 -3.820096 -143.445236 1.800000 0.000000 0.000000
465000 30 C -187.316498 -0.696130 -142.113190 2.150000 0.000000 0.000000
465000 31 P -185.670441 -3.205590 -147.018661 2.110000 -1.000000 0.000000
465000 32 S -187.175339 0.198093 -147.473434 1.800000 0.000000 0.000000
465000 33 C -184.516083 1.194068 -145.180695 2.150000 0.000000 0.000000
465000 34 P -184.928696 0.638476 -150.534378 2.110000 -1.000000 0.000000
465000 35 S -184.937393 4.511599 -150.371506 1.800000 0.000000 0.000000
465000 36 U -182.972763 4.095331 -147.698807 2.150000 0.000000 0.000000
465000 37 P -181.667755 4.490317 -152.776489 2.110000 -1.000000 0.000000
470000 1 P -171.463928 5.388462 -137.341858 2.110000 -1.000000 1.000000
470000 2 S -171.268295 7.287727 -140.685257 1.800000 0.000000 0.000000
470000 3 G -172.208923 5.377439 -143.520279 2.150000 0.000000 0.000000
470000 4 P -174.475311 9.135255 -140.230179 2.110000 -1.000000 0.000000
470000 5 S -175.153519 9.123471 -143.910782 1.800000 0.000000 0.000000
470000 6 G -176.433197 5.916333 -143.844391 2.150000 0.000000 0.000000
470000 7 P -178.357452 10.224029 -141.925735 2.110000 -1.000000 0.000000
470000 8 S -181.214355 9.409542 -144.560211 1.800000 0.000000 0.000000
470000 9 G -181.545410 5.994713 -143.439682 2.150000 0.000000 0.000000
470000 10 P -183.226196 9.992490 -141.416946 2.110000 -1.000000 0.000000
470000 11 S -186.472443 8.305003 -142.598053 1.800000 0.000000 0.000000
470000 12 C -185.141876 4.865737 -141.900940 2.150000 0.000000 0.000000
470000 13 P -188.234573 8.133006 -139.183624 2.110000 -1.000000 0.000000
470000 14 S -188.853729 4.585887 -138.100906 1.800000 0.000000 0.000000
470000 15 G -185.164749 4.659744 -137.402695 2.150000 0.000000 0.000000
470000 16 P -189.881210 5.699993 -134.602615 2.110000 -1.000000 0.000000
470000 17 S -189.734283 2.217089 -133.045410 1.800000 0.000000 0.000000
470000 18 C -186.493134 1.701211 -132.041473 2.150000 0.000000 0.000000
470000 19 P -190.000168 3.572910 -129.487579 2.110000 -1.000000 0.000000
470000 20 S -190.199982 -0.143152 -129.129547 1.800000 0.000000 0.000000
470000 21 A -190.951355 1.087214 -126.071091 2.150000 0.000000 0.000000
470000 22 P -186.695221 -1.615537 -129.034805 2.110000 -1.000000 0.000000
470000 23 S -187.452423 -3.955780 -131.810776 1.800000 0.000000 0.000000
470000 24 A -188.809998 -1.182611 -133.573761 2.150000 0.000000 0.000000
470000 25 P -184.443314 -5.514301 -133.252502 2.110000 -1.000000 0.000000
470000 26 S -186.099869 -5.896417 -136.559021 1.800000 0.000000 0.000000
470000 27 G -187.137772 -2.646587 -137.396957 2.150000 0.000000 0.000000
470000 28 P -183.213409 -6.965631 -138.579559 2.110000 -1.000000 0.000000
470000 29 S -185.180099 -5.729258 -141.565689 1.800000 0.000000 0.000000
470000 30 C -185.146774 -2.211191 -141.384842 2.150000 0.000000 0.000000
470000 31 P -182.697266 -6.112844 -144.320587 2.110000 -1.000000 0.000000
470000 32 S -183.860718 -3.323410 -146.549683 1.800000 0.000000 0.000000
470000 33 C -182.250092 -1.082982 -144.365250 2.150000 0.000000 0.000000
470000 34 P -181.045380 -4.111939 -148.936295 2.110000 -1.000000 0.000000
470000 35 S -179.836700 -1.109207 -150.928864 1.800000 0.000000 0.000000
470000 36 U -178.379578 0.750858 -148.297897 2.150000 0.000000 0.000000
470000 37 P -176.293472 -1.654534 -152.578506 2.110000 -1.000000 0.000000
475000 1 P -167.245148 3.606517 -134.556305 2.110000 -1.000000 1.000000
475000 2 S -167.299728 6.829953 -136.642242 1.800000 0.000000 0.000000
475000 3 G -168.807983 4.965067 -139.142944 2.150000 0.000000 0.000000
475000 4 P -170.053513 9.277144 -135.843796 2.110000 -1.000000 0.000000
475000 5 S -170.786118 11.183486 -139.134964 1.800000 0.000000 0.000000
475000 6 G -171.058548 8.832791 -141.624512 2.150000 0.000000 0.000000
475000 7 P -174.267014 12.549499 -138.459778 2.110000 -1.000000 0.000000
475000 8 S -175.277603 12.890999 -142.031082 1.800000 0.000000 0.000000
475000 9 G -175.604095 9.411831 -142.613037 2.150000 0.000000 0.000000
475000 10 P -178.738998 13.582112 -140.711578 2.110000 -1.000000 0.000000
475000 11 S -180.425446 12.360482 -143.990601 1.800000 0.000000 0.000000
475000 12 C -179.829269 9.056971 -144.458466 2.150000 0.000000 0.000000
475000 13 P -183.680786 12.038572 -142.167557 2.110000 -1.000000 0.000000
475000 14 S -185.680054 9.826290 -144.525467 1.800000 0.000000 0.000000
475000 15 G -183.677292 7.560281 -142.852890 2.150000 0.000000 0.000000
475000 16 P -188.321655 8.996603 -142.097763 2.110000 -1.000000 0.000000
475000 17 S -188.368973 5.230522 -142.510925 1.800000 0.000000 0.000000
475000 18 C -185.304474 3.983138 -141.553802 2.150000 0.000000 0.000000
475000 19 P -190.527969 3.853211 -139.748550 2.110000 -1.000000 0.000000
475000 20 S -189.489166 0.361205 -140.175583 1.800000 0.000000 0.000000
475000 21 A -190.488297 0.300444 -136.950104 2.150000 0.000000 0.000000
475000 22 P -185.941177 0.253563 -138.884689 2.110000 -1.000000 0.000000
475000 23 S -186.300034 -3.029207 -140.798676 1.800000 0.000000 0.000000
475000 24 A -186.647827 -0.629013 -143.515396 2.150000 0.000000 0.000000
475000 25 P -183.145523 -4.343388 -141.891769 2.110000 -1.000000 0.000000
475000 26 S -183.578384 -2.388655 -145.084869 1.800000 0.000000 0.000000
475000 27 G -182.911087 0.491967 -143.180786 2.150000 0.000000 0.000000
475000 28 P -180.130341 -3.060205 -146.784149 2.110000 -1.000000 0.000000
475000 29 S -181.020996 0.167591 -148.561844 1.800000 0.000000 0.000000
475000 30 C -179.699371 2.393629 -146.244095 2.150000 0.000000 0.000000
475000 31 P -177.782150 0.338173 -150.737610 2.110000 -1.000000 0.000000
475000 32 S -176.788651 3.968941 -151.047775 1.800000 0.000000 0.000000
475000 33 C -175.914413 4.495533 -147.746002 2.150000 0.000000 0.000000
475000 34 P -173.853882 1.788995 -151.782745 2.110000 -1.000000 0.000000
475000 35 S -171.194290 4.711028 -151.035721 1.800000 0.000000 0.000000
475000 36 U -171.173187 5.773822 -147.722214 2.150000 0.000000 0.000000
475000 37 P -168.267166 2.226755 -150.480591 2.110000 -1.000000 0.000000
480000 1 P -161.806686 7.219738 -139.453323 2.110000 -1.000000 1.000000
480000 2 S -162.103302 9.652255 -142.439041 1.800000 0.000000 0.000000
480000 3 G -163.608017 6.759065 -143.968994 2.150000 0.000000 0.000000
480000 4 P -164.786301 11.952601 -141.410400 2.110000 -1.000000 0.000000
480000 5 S -166.197708 12.454333 -144.960480 1.800000 0.000000 0.000000
480000 6 G -167.348114 9.241767 -145.816193 2.150000 0.000000 0.000000
480000 7 P -168.613907 14.446717 -143.149887 2.110000 -1.000000 0.000000
480000 8 S -171.541962 14.535389 -145.442673 1.800000 0.000000 0.000000
480000 9 G -171.325867 10.829857 -145.762772 2.150000 0.000000 0.000000
480000 10 P -174.460770 14.905198 -142.801193 2.110000 -1.000000 0.000000
480000 11 S -177.264496 13.162116 -144.921310 1.800000 0.000000 0.000000
480000 12 C -176.036057 9.927154 -144.523315 2.150000 0.000000 0.000000
480000 13 P -179.445892 12.520757 -141.941833 2.110000 -1.000000 0.000000
480000 14 S -180.924438 9.247358 -142.630997 1.800000 0.000000 0.000000
480000 15 G -178.047745 7.307132 -142.201965 2.150000 0.000000 0.000000
480000 16 P -182.002548 8.648492 -139.065292 2.110000 -1.000000 0.000000
480000 17 S -182.276001 4.786983 -139.812775 1.800000 0.000000 0.000000
480000 18 C -178.709579 4.848195 -139.885773 2.150000 0.000000 0.000000
480000 19 P -183.822189 5.117461 -136.467514 2.110000 -1.000000 0.000000
480000 20 S -182.505615 1.550703 -136.197235 1.800000 0.000000 0.000000
480000 21 A -184.170898 0.355927 -139.079727 2.150000 0.000000 0.000000
480000 22 P -179.043701 1.081145 -137.828064 2.110000 -1.000000 0.000000
480000 23 S -179.916992 -2.570002 -138.588196 1.800000 0.000000 0.000000
480000 24 A -178.087662 -2.486075 -135.628555 2.150000 0.000000 0.000000
480000 25 P -176.550278 -3.284095 -139.985931 2.110000 -1.000000 0.000000
480000 26 S -178.393555 -1.630556 -142.853180 1.800000 0.000000 0.000000
480000 27 G -177.632538 1.529722 -142.116730 2.150000 0.000000 0.000000
480000 28 P -176.872299 -2.001182 -146.337524 2.110000 -1.000000 0.000000
480000 29 S -178.403259 0.951022 -147.957245 1.800000 0.000000 0.000000
480000 30 C -176.178619 3.526026 -147.195724 2.150000 0.000000 0.000000
480000 31 P -176.418976 -0.711718 -150.842484 2.110000 -1.000000 0.000000
480000 32 S -175.420731 2.762780 -152.040619 1.800000 0.000000 0.000000
480000 33 C -173.229599 3.563538 -149.600204 2.150000 0.000000 0.000000
480000 34 P -172.292664 2.767743 -154.258453 2.110000 -1.000000 0.000000
480000 35 S -170.380875 5.919996 -153.572586 1.800000 0.000000 0.000000
480000 36 U -169.072525 4.810561 -150.772018 2.150000 0.000000 0.000000
480000 37 P -167.406281 5.285341 -155.993301 2.110000 -1.000000 0.000000
485000 1 P -160.815414 8.816290 -142.554642 2.110000 -1.000000 1.000000
485000 2 S -161.325089 11.074685 -145.532288 1.800000 0.000000 0.000000
485000 3 G -162.495560 8.328708 -147.230591 2.150000 0.000000 0.000000
485000 4 P -164.422531 13.261753 -144.417252 2.110000 -1.000000 0.000000
485000 5 S -166.217911 14.088984 -147.776749 1.800000 0.000000 0.000000
485000 6 G -166.802032 10.626719 -147.936752 2.150000 0.000000 0.000000
485000 7 P -169.243103 15.378248 -145.922516 2.110000 -1.000000 0.000000
485000 8 S -171.539413 15.117801 -148.943268 1.800000 0.000000 0.000000
485000 9 G -171.255463 11.750051 -149.345810 2.150000 0.000000 0.000000
485000 10 P -174.152679 15.180550 -146.108643 2.110000 -1.000000 0.000000
485000 11 S -177.387070 13.693017 -147.568176 1.800000 0.000000 0.000000
485000 12 C -176.378662 10.587894 -146.106873 2.150000 0.000000 0.000000
485000 13 P -178.952179 13.048613 -144.361282 2.110000 -1.000000 0.000000
485000 14 S -181.322449 10.138859 -145.348404 1.800000 0.000000 0.000000
485000 15 G -179.900787 7.876171 -147.760452 2.150000 0.000000 0.000000
485000 16 P -182.093384 7.671948 -142.404831 2.110000 -1.000000 0.000000
485000 17 S -182.602631 4.422906 -144.168015 1.800000 0.000000 0.000000
485000 18 C -179.279877 4.421972 -145.224548 2.150000 0.000000 0.000000
485000 19 P -182.534515 4.171085 -140.425308 2.110000 -1.000000 0.000000
485000 20 S -181.027542 0.664925 -140.014252 1.800000 0.000000 0.000000
485000 21 A -182.245087 -1.518538 -142.380478 2.150000 0.000000 0.000000
485000 22 P -177.530670 0.915161 -141.877518 2.110000 -1.000000 0.000000
485000 23 S -179.079178 -2.307373 -143.440735 1.800000 0.000000 0.000000
485000 24 A -178.821335 -4.171054 -140.456589 2.150000 0.000000 0.000000
485000 25 P -176.076889 -2.858651 -145.642456 2.110000 -1.000000 0.000000
485000 26 S -177.361526 -1.000051 -148.656265 1.800000 0.000000 0.000000
485000 27 G -176.105804 1.540992 -146.865952 2.150000 0.000000 0.000000
485000 28 P -174.320389 -1.832058 -151.178513 2.110000 -1.000000 0.000000
485000 29 S -174.301346 0.941721 -153.751678 1.800000 0.000000 0.000000
485000 30 C -172.882538 3.486218 -152.090561 2.150000 0.000000 0.000000
485000 31 P -171.100845 -0.170730 -155.470627 2.110000 -1.000000 0.000000
485000 32 S -171.446152 3.281025 -157.131958 1.800000 0.000000 0.000000
485000 33 C -169.749420 5.238828 -154.825287 2.150000 0.000000 0.000000
485000 34 P -168.208878 3.343858 -159.206543 2.110000 -1.000000 0.000000
485000 35 S -166.921631 6.934228 -158.368683 1.800000 0.000000 0.000000
485000 36 U -165.541168 5.781508 -155.567825 2.150000 0.000000 0.000000
485000 37 P -163.762024 5.765522 -160.147842 2.110000 -1.000000 0.000000
490000 1 P -163.325180 7.715772 -155.244553 2.110000 -1.000000 1.000000
490000 2 S -162.855179 9.782219 -158.487381 1.800000 0.000000 0.000000
490000 3 G -163.622757 7.405733 -160.826462 2.150000 0.000000 0.000000
490000 4 P -165.975311 12.142035 -157.836227 2.110000 -1.000000 0.000000
490000 5 S -167.187332 13.112900 -161.238403 1.800000 0.000000 0.000000
490000 6 G -168.562744 9.903151 -162.127594 2.150000 0.000000 0.000000
490000 7 P -170.528473 13.960951 -159.716644 2.110000 -1.000000 0.000000
490000 8 S -172.961700 14.168957 -162.648560 1.800000 0.000000 0.000000
490000 9 G -173.015549 10.757213 -162.307114 2.150000 0.000000 0.000000
490000 10 P -175.387939 14.218020 -159.705231 2.110000 -1.000000 0.000000
490000 11 S -178.668060 12.673782 -161.119965 1.800000 0.000000 0.000000
490000 12 C -176.818253 9.735363 -162.345901 2.150000 0.000000 0.000000
490000 13 P -179.091782 12.904662 -157.145416 2.110000 -1.000000 0.000000
490000 14 S -181.371353 9.836855 -157.012329 1.800000 0.000000 0.000000
490000 15 G -178.729034 7.367079 -156.860504 2.150000 0.000000 0.000000
490000 16 P -181.666962 9.220572 -153.263763 2.110000 -1.000000 0.000000
490000 17 S -182.183533 5.633601 -154.134308 1.800000 0.000000 0.000000
490000 18 C -179.445953 4.456873 -152.081696 2.150000 0.000000 0.000000
490000 19 P -183.462723 4.222831 -150.833038 2.110000 -1.000000 0.000000
490000 20 S -184.382690 1.135564 -152.767960 1.800000 0.000000 0.000000
490000 21 A -184.020035 -0.609481 -149.791260 2.150000 0.000000 0.000000
490000 22 P -180.657211 0.599296 -154.055466 2.110000 -1.000000 0.000000
490000 23 S -181.043961 -1.874592 -156.782181 1.800000 0.000000 0.000000
490000 24 A -182.400299 -0.415891 -159.718491 2.150000 0.000000 0.000000
490000 25 P -177.845642 -3.287666 -158.196854 2.110000 -1.000000 0.000000
490000 26 S -179.011383 -2.529180 -161.785126 1.800000 0.000000 0.000000
490000 27 G -178.750061 0.740767 -161.189011 2.150000 0.000000 0.000000
490000 28 P -176.450119 -2.606786 -164.643326 2.110000 -1.000000 0.000000
490000 29 S -178.191605 0.379415 -166.030182 1.800000 0.000000 0.000000
490000 30 C -176.651199 2.468938 -164.201859 2.150000 0.000000 0.000000
490000 31 P -175.196411 -0.369675 -168.557480 2.110000 -1.000000 0.000000
490000 32 S -175.455429 3.379564 -169.610794 1.800000 0.000000 0.000000
490000 33 C -173.700607 4.168408 -166.489655 2.150000 0.000000 0.000000
490000 34 P -172.010010 2.267013 -171.228897 2.110000 -1.000000 0.000000
490000 35 S -169.965088 5.258954 -170.901413 1.800000 0.000000 0.000000
490000 36 U -169.502899 5.237141 -167.462189 2.150000 0.000000 0.000000
490000 37 P -166.593948 3.393446 -171.318069 2.110000 -1.000000 0.000000
495000 1 P -167.540787 12.339828 -151.845596 2.110000 -1.000000 1.000000
495000 2 S -167.250641 15.268681 -154.176971 1.800000 0.000000 0.000000
495000 3 G -168.167557 14.315494 -157.338867 2.150000 0.000000 0.000000
495000 4 P -170.248840 17.411959 -153.607864 2.110000 -1.000000 0.000000
495000 5 S -170.781403 18.246775 -157.364700 1.800000 0.000000 0.000000
495000 6 G -172.051498 15.309704 -158.447525 2.150000 0.000000 0.000000
495000 7 P -173.936295 19.037933 -155.313354 2.110000 -1.000000 0.000000
495000 8 S -176.312683 18.050468 -158.210266 1.800000 0.000000 0.000000
495000 9 G -176.141052 14.554173 -158.410614 2.150000 0.000000 0.000000
495000 10 P -178.947220 18.193521 -155.234512 2.110000 -1.000000 0.000000
495000 11 S -181.656281 16.571295 -157.145142 1.800000 0.000000 0.000000
495000 12 C -180.561096 13.369684 -157.482483 2.150000 0.000000 0.000000
495000 13 P -182.961731 15.703538 -153.667252 2.110000 -1.000000 0.000000
495000 14 S -183.161102 11.909785 -154.353729 1.800000 0.000000 0.000000
495000 15 G -179.775452 11.944487 -153.542358 2.150000 0.000000 0.000000
495000 16 P -184.391251 10.046103 -151.603638 2.110000 -1.000000 0.000000
495000 17 S -180.820023 8.886738 -151.212799 1.800000 0.000000 0.000000
495000 18 C -178.966537 11.290897 -149.654388 2.150000 0.000000 0.000000
495000 19 P -181.675156 6.994190 -148.169998 2.110000 -1.000000 0.000000
495000 20 S -181.857941 3.628041 -149.777435 1.800000 0.000000 0.000000
495000 21 A -183.499680 4.725932 -152.568573 2.150000 0.000000 0.000000
495000 22 P -178.269699 3.720447 -151.427429 2.110000 -1.000000 0.000000
495000 23 S -179.367188 0.529322 -153.439621 1.800000 0.000000 0.000000
495000 24 A -178.639603 -2.549194 -151.358734 2.150000 0.000000 0.000000
495000 25 P -177.072922 -0.129119 -156.381683 2.110000 -1.000000 0.000000
495000 26 S -180.137390 0.995271 -158.269348 1.800000 0.000000 0.000000
495000 27 G -179.455002 4.348904 -157.049515 2.150000 0.000000 0.000000
495000 28 P -178.099182 0.940840 -161.667114 2.110000 -1.000000 0.000000
495000 29 S -179.401733 4.011374 -163.479919 1.800000 0.000000 0.000000
495000 30 C -178.549469 6.828464 -161.047180 2.150000 0.000000 0.000000
495000 31 P -177.404297 5.208572 -166.227402 2.110000 -1.000000 0.000000
495000 32 S -178.397888 9.043197 -166.287292 1.800000 0.000000 0.000000
495000 33 C -177.347092 10.422015 -163.381042 2.150000 0.000000 0.000000
495000 34 P -175.104355 8.892203 -168.222137 2.110000 -1.000000 0.000000
495000 35 S -175.374680 12.649019 -167.152252 1.800000 0.000000 0.000000
495000 36 U -174.438065 13.236191 -163.710327 2.150000 0.000000 0.000000
495000 37 P -171.938766 12.869018 -168.409637 2.110000 -1.000000 0.000000
500000 1 P -160.944794 17.387878 -151.911743 2.110000 -1.000000 1.000000
500000 2 S -160.138718 20.000017 -154.427231 1.800000 0.000000 0.000000
500000 3 G -160.887024 18.113781 -157.124802 2.150000 0.000000 0.000000
500000 4 P -163.836945 20.806360 -153.600922 2.110000 -1.000000 0.000000
500000 5 S -164.905212 21.713190 -157.078629 1.800000 0.000000 0.000000
500000 6 G -165.229523 18.312965 -158.238586 2.150000 0.000000 0.000000
500000 7 P -168.403198 21.575624 -155.794052 2.110000 -1.000000 0.000000
500000 8 S -170.398712 20.908699 -158.838470 1.800000 0.000000 0.000000
500000 9 G -169.026978 17.451515 -158.276886 2.150000 0.000000 0.000000
500000 10 P -173.530273 20.399197 -156.999481 2.110000 -1.000000 0.000000
500000 11 S -175.658600 18.062561 -158.932388 1.800000 0.000000 0.000000
500000 12 C -173.196976 15.584702 -159.872665 2.150000 0.000000 0.000000
500000 13 P -177.293289 17.293505 -155.779633 2.110000 -1.000000 0.000000
500000 14 S -176.739120 13.666519 -156.736389 1.800000 0.000000 0.000000
500000 15 G -180.076492 12.316110 -157.183060 2.150000 0.000000 0.000000
500000 16 P -177.164978 12.571127 -152.915421 2.110000 -1.000000 0.000000
500000 17 S -174.980591 9.466081 -152.985413 1.800000 0.000000 0.000000
500000 18 C -171.828781 10.455977 -153.300049 2.150000 0.000000 0.000000
500000 19 P -175.455185 8.238704 -149.387131 2.110000 -1.000000 0.000000
500000 20 S -173.956329 4.823947 -149.724686 1.800000 0.000000 0.000000
500000 21 A -175.613892 5.044563 -152.750916 2.150000 0.000000 0.000000
500000 22 P -170.535797 5.839361 -150.694809 2.110000 -1.000000 0.000000
500000 23 S -171.504379 3.495330 -153.702850 1.800000 0.000000 0.000000
500000 24 A -171.820557 0.509336 -152.062805 2.150000 0.000000 0.000000
500000 25 P -168.380020 3.184611 -155.860931 2.110000 -1.000000 0.000000
500000 26 S -169.997330 3.510413 -159.271149 1.800000 0.000000 0.000000
500000 27 G -170.771622 6.900241 -159.733444 2.150000 0.000000 0.000000
500000 28 P -167.248932 3.870640 -161.914612 2.110000 -1.000000 0.000000
500000 29 S -169.421997 6.456343 -163.797333 1.800000 0.000000 0.000000
500000 30 C -168.990463 9.516493 -162.601822 2.150000 0.000000 0.000000
500000 31 P -166.284576 7.061291 -166.118774 2.110000 -1.000000 0.000000
500000 32 S -167.481277 10.508622 -167.099365 1.800000 0.000000 0.000000
500000 33 C -166.158264 12.103188 -164.243912 2.150000 0.000000 0.000000
500000 34 P -164.704498 12.633156 -169.129639 2.110000 -1.000000 0.000000
500000 35 S -165.565201 16.362333 -168.397873 1.800000 0.000000 0.000000
500000 36 U -163.358978 16.719494 -165.924820 2.150000 0.000000 0.000000
500000 37 P -162.390228 17.282297 -170.606918 2.110000 -1.000000 0.000000
