1 1 P -6.044000 -3.196000 -3.731000 2.110000 -1.000000 0.000000
2 1 S -10.640000 -5.850000 -5.495000 1.800000 0.000000 0.000000
3 1 G -10.628000 -2.820000 -4.096000 2.150000 0.000000 0.000000
4 2 P -6.905000 -5.842000 -6.527000 2.110000 -1.000000 0.000000
5 2 S -6.328000 -2.185000 -7.987000 1.800000 0.000000 0.000000
6 2 G -6.500000 -0.661000 -4.963000 2.150000 0.000000 0.000000
7 3 P -2.465000 -2.348000 -8.234000 2.110000 -1.000000 0.000000
8 3 S -0.852000 1.294000 -8.150000 1.800000 0.000000 0.000000
9 3 G -1.588000 1.586000 -4.921000 2.150000 0.000000 0.000000
10 4 P 2.836000 0.176000 -7.598000 2.110000 -1.000000 0.000000
11 4 S 4.278000 2.887000 -5.074000 1.800000 0.000000 0.000000
12 4 C 2.290000 1.649000 -2.702000 2.150000 0.000000 0.000000
13 5 P 7.486000 0.984000 -4.356000 2.110000 -1.000000 0.000000
14 5 S 8.215000 0.934000 -0.461000 1.800000 0.000000 0.000000
15 5 G 5.310000 -0.596000 -0.191000 2.150000 0.000000 0.000000
16 6 P 10.655000 -1.853000 -0.641000 2.110000 -1.000000 0.000000
17 6 S 9.376000 -5.599000 -0.921000 1.800000 0.000000 0.000000
18 6 C 9.891000 -5.846000 2.351000 2.150000 0.000000 0.000000
19 7 P 5.604000 -4.953000 -0.862000 2.110000 -1.000000 0.000000
20 7 S 4.638000 -7.127000 2.297000 1.800000 0.000000 0.000000
21 7 A 6.426000 -4.901000 3.887000 2.150000 0.000000 0.000000
22 8 P 1.216000 -5.947000 3.828000 2.110000 -1.000000 0.000000
23 8 S 2.148000 -5.730000 7.693000 1.800000 0.000000 0.000000
24 8 A 3.970000 -3.056000 7.052000 2.150000 0.000000 0.000000
25 9 P -1.219000 -4.430000 8.281000 2.110000 -1.000000 0.000000
26 9 S 0.253000 -0.940000 8.687000 1.800000 0.000000 0.000000
27 9 G 0.721000 -1.103000 5.379000 2.150000 0.000000 0.000000
28 10 P -2.098000 2.195000 8.435000 2.110000 -1.000000 0.000000
29 10 S -0.255000 5.126000 6.499000 1.800000 0.000000 0.000000
30 10 C -0.760000 3.541000 3.657000 2.150000 0.000000 0.000000
31 11 P -3.576000 7.175000 6.211000 2.110000 -1.000000 0.000000
32 11 S -2.998000 8.110000 2.402000 1.800000 0.000000 0.000000
33 11 C -3.588000 4.971000 1.202000 2.150000 0.000000 0.000000
34 12 P -6.451000 9.588000 1.379000 2.110000 -1.000000 0.000000
35 12 S -6.630000 7.719000 -2.108000 1.800000 0.000000 0.000000
36 12 U -7.135000 4.559000 -0.864000 2.150000 0.000000 0.000000
37 13 P -4.451000 11.588000 3.379000 2.110000 -1.000000 0.000000
