40000 1 P -37.201599 4.321897 4.862440 2.110000 -1.000000 0.000000
40000 2 S -37.133591 4.333303 0.975762 1.800000 0.000000 0.000000
40000 3 G -35.715656 7.147302 -0.423346 1.530000 0.000000 0.000000
40000 4 P -34.137833 2.015989 0.367192 2.110000 -1.000000 0.000000
40000 5 S -31.940752 2.522594 -2.637575 1.800000 0.000000 0.000000
40000 6 G -29.740337 5.089056 -2.241577 1.530000 0.000000 0.000000
40000 7 P -29.581627 -0.107609 -1.706048 2.110000 -1.000000 0.000000
40000 8 S -26.068844 1.349748 -2.510863 1.800000 0.000000 0.000000
40000 9 G -26.613245 3.091394 0.390182 1.530000 0.000000 0.000000
40000 10 P -23.920471 -1.271949 -0.659354 2.110000 -1.000000 0.000000
40000 11 S -20.419552 0.098289 0.186074 1.800000 0.000000 0.000000
40000 12 C -20.890348 3.124478 1.684864 1.530000 0.000000 0.000000
40000 13 P -20.763395 -3.269341 2.131815 2.110000 -1.000000 0.000000
40000 14 S -18.571239 -1.527901 4.763471 1.800000 0.000000 0.000000
40000 15 G -22.077803 -0.172674 5.609711 1.530000 0.000000 0.000000
40000 16 P -18.744547 -4.043951 7.485139 2.110000 -1.000000 0.000000
40000 17 S -19.435320 -0.923328 9.315365 1.800000 0.000000 0.000000
40000 18 C -15.817858 -0.330701 9.106407 1.530000 0.000000 0.000000
40000 19 P -21.462252 -0.768438 12.739419 2.110000 -1.000000 0.000000
40000 20 S -21.247488 2.886939 11.991550 1.800000 0.000000 0.000000
40000 21 A -22.631931 2.246317 9.079769 1.530000 0.000000 0.000000
40000 22 P -22.937576 6.221605 12.812395 2.110000 -1.000000 0.000000
40000 23 S -22.356131 8.156644 9.516732 1.800000 0.000000 0.000000
40000 24 A -23.843969 6.391294 7.113105 1.530000 0.000000 0.000000
40000 25 P -24.695095 11.204085 10.261354 2.110000 -1.000000 0.000000
40000 26 S -22.982250 12.827059 7.349277 1.800000 0.000000 0.000000
40000 27 G -25.178001 10.632187 5.433970 1.530000 0.000000 0.000000
40000 28 P -23.952370 15.739586 4.872140 2.110000 -1.000000 0.000000
40000 29 S -22.687229 15.090516 1.255863 1.800000 0.000000 0.000000
40000 30 C -24.185268 12.202001 0.948397 1.530000 0.000000 0.000000
40000 31 P -24.917856 18.049004 -0.210995 2.110000 -1.000000 0.000000
40000 32 S -25.514259 16.490959 -3.423228 1.800000 0.000000 0.000000
40000 33 C -27.146658 14.398908 -1.743966 1.530000 0.000000 0.000000
40000 34 P -28.207624 17.427198 -6.015516 2.110000 -1.000000 0.000000
40000 35 S -29.566153 14.253186 -7.774486 1.800000 0.000000 0.000000
40000 36 U -31.267792 12.979134 -5.239319 1.530000 0.000000 0.000000
40000 37 P -32.712002 13.836753 -9.808960 2.110000 -1.000000 0.000000
