1 1 P -188.617004 8.341000 -64.202003 2.110000 -1.000000 1.000000
2 2 S -187.156006 4.805000 -65.303001 1.800000 0.000000 0.000000
3 3 G -187.931000 1.728000 -66.650002 2.150000 0.000000 0.000000
4 4 P -185.033005 5.261000 -68.617996 2.110000 -1.000000 0.000000
5 5 S -184.725006 2.332000 -71.234001 1.800000 0.000000 0.000000
6 6 C -187.559006 1.360000 -70.325996 2.150000 0.000000 0.000000
7 7 P -185.414993 4.326000 -74.790001 2.110000 -1.000000 0.000000
8 8 S -188.602997 2.618000 -76.219002 1.800000 0.000000 0.000000
9 9 U -190.212006 3.998000 -73.452003 2.150000 0.000000 0.000000
10 10 P -189.824997 4.450000 -79.433998 2.110000 -1.000000 0.000000
11 11 S -192.893997 6.941000 -78.655998 1.800000 0.000000 0.000000
12 12 C -191.358002 8.249000 -75.786003 2.150000 0.000000 0.000000
13 13 P -191.136993 9.131000 -81.504997 2.110000 -1.000000 0.000000
14 14 S -192.164993 13.030000 -81.309998 1.800000 0.000000 0.000000
15 15 G -191.389008 14.459000 -78.500999 2.150000 0.000000 0.000000
16 16 P -191.251999 15.183000 -84.398003 2.110000 -1.000000 0.000000
17 17 S -193.421997 18.464001 -84.529999 1.800000 0.000000 0.000000
18 18 G -195.557999 17.046000 -86.559998 2.150000 0.000000 0.000000
19 19 P -190.695999 20.362000 -87.154999 2.110000 -1.000000 0.000000
20 20 S -187.496002 21.409000 -85.195999 1.800000 0.000000 0.000000
21 21 C -185.716995 18.980000 -83.892998 2.150000 0.000000 0.000000
22 22 P -186.535004 21.674999 -88.893997 2.110000 -1.000000 0.000000
23 23 S -183.266998 23.604000 -90.002998 1.800000 0.000000 0.000000
24 24 G -184.464005 26.665001 -90.670998 2.150000 0.000000 0.000000
25 25 P -182.451996 22.797001 -93.871002 2.110000 -1.000000 0.000000
26 26 S -181.792007 26.464001 -95.358002 1.800000 0.000000 0.000000
27 27 G -184.764008 27.698000 -96.941002 2.150000 0.000000 0.000000
28 28 P -179.835007 25.073999 -98.559998 2.110000 -1.000000 0.000000
29 29 S -176.811996 26.934000 -100.275002 1.800000 0.000000 0.000000
30 30 U -176.451996 28.339001 -97.334000 2.150000 0.000000 0.000000
31 31 P -173.768005 25.079000 -101.378998 2.110000 -1.000000 0.000000
32 32 S -171.052002 27.395000 -102.966003 1.800000 0.000000 0.000000
33 33 G -169.207993 29.158001 -101.167000 2.150000 0.000000 0.000000
34 34 P -168.860992 24.290001 -102.464996 2.110000 -1.000000 0.000000
35 35 S -165.843002 26.200001 -104.272003 1.800000 0.000000 0.000000
36 36 G -165.537994 29.466999 -103.093002 2.150000 0.000000 0.000000
37 37 P -162.326996 24.691999 -104.223999 2.110000 -1.000000 0.000000
38 38 S -160.276001 28.114000 -104.108002 1.800000 0.000000 0.000000
39 39 G -161.925995 29.094000 -101.000000 2.150000 0.000000 0.000000
40 40 P -157.951996 26.254999 -101.526001 2.110000 -1.000000 0.000000
41 41 S -154.688004 27.907000 -99.725998 1.800000 0.000000 0.000000
42 42 G -153.789001 24.993999 -101.281998 2.150000 0.000000 0.000000
43 43 P -154.350998 25.260000 -96.864998 2.110000 -1.000000 0.000000
44 44 S -150.552002 25.607000 -96.486000 1.800000 0.000000 0.000000
45 45 G -150.783997 28.674999 -94.780998 2.150000 0.000000 0.000000
46 46 P -148.343002 24.641001 -93.754997 2.110000 -1.000000 0.000000
47 47 S -146.250000 27.712999 -92.457001 1.800000 0.000000 0.000000
48 48 A -148.768997 26.556999 -90.504997 2.150000 0.000000 0.000000
49 49 P -144.072998 25.993000 -89.379997 2.110000 -1.000000 0.000000
50 50 S -144.692001 29.198000 -86.981003 1.800000 0.000000 0.000000
51 51 G -144.554001 32.410000 -87.948997 2.150000 0.000000 0.000000
52 52 P -143.673004 29.348000 -83.198997 2.110000 -1.000000 0.000000
53 53 S -145.052994 32.740002 -82.238998 1.800000 0.000000 0.000000
54 54 C -142.643997 34.310001 -83.978996 2.150000 0.000000 0.000000
55 55 P -144.136993 33.588001 -78.334999 2.110000 -1.000000 0.000000
56 56 S -143.563004 29.974001 -76.838997 1.800000 0.000000 0.000000
57 57 A -140.809998 30.312000 -78.200996 2.150000 0.000000 0.000000
58 58 P -142.395004 30.690001 -72.987999 2.110000 -1.000000 0.000000
59 59 S -146.078003 30.250999 -71.429001 1.800000 0.000000 0.000000
60 60 U -146.292999 27.007999 -72.817001 2.150000 0.000000 0.000000
61 61 P -143.190002 29.275000 -68.750999 2.110000 -1.000000 0.000000
62 62 S -143.462006 30.413000 -65.098000 1.800000 0.000000 0.000000
63 63 C -142.576004 33.370998 -66.475998 2.150000 0.000000 0.000000
64 64 P -140.076996 29.568001 -62.972000 2.110000 -1.000000 0.000000
65 65 S -137.837006 32.471001 -61.715000 1.800000 0.000000 0.000000
66 66 U -140.686005 33.298000 -60.432999 2.150000 0.000000 0.000000
67 67 P -135.526001 31.191000 -58.779999 2.110000 -1.000000 0.000000
68 68 S -136.878006 32.835999 -55.543999 1.800000 0.000000 0.000000
69 69 C -139.257004 30.190001 -55.452999 2.150000 0.000000 0.000000
70 70 P -134.531998 31.645000 -52.613998 2.110000 -1.000000 0.000000
71 71 S -134.399002 27.700001 -52.648998 1.800000 0.000000 0.000000
72 72 C -131.878006 25.479000 -53.199001 2.150000 0.000000 0.000000
73 73 P -134.013000 26.090000 -48.986000 2.110000 -1.000000 0.000000
74 74 S -130.212997 26.188000 -48.179001 1.800000 0.000000 0.000000
75 75 U -130.970001 23.504000 -50.001999 2.150000 0.000000 0.000000
76 76 P -128.776001 24.936001 -44.735001 2.110000 -1.000000 0.000000
77 77 S -128.807999 28.754000 -44.188999 1.800000 0.000000 0.000000
78 78 G -131.175995 26.625000 -43.139999 2.150000 0.000000 0.000000
79 79 P -126.695000 28.997999 -40.835999 2.110000 -1.000000 0.000000
80 80 S -123.149002 26.903000 -41.504002 1.800000 0.000000 0.000000
81 81 U -122.082001 29.408001 -43.908001 2.150000 0.000000 0.000000
82 82 P -121.634003 28.422001 -38.182999 2.110000 -1.000000 0.000000
83 83 S -119.114998 25.573999 -38.176998 1.800000 0.000000 0.000000
84 84 A -116.786003 24.296000 -40.285999 2.150000 0.000000 0.000000
85 85 P -115.968002 26.951000 -36.424000 2.110000 -1.000000 0.000000
86 86 S -113.990997 25.099001 -33.598000 1.800000 0.000000 0.000000
87 87 G -113.542000 21.929001 -33.943001 2.150000 0.000000 0.000000
88 88 P -110.193001 25.516001 -32.568001 2.110000 -1.000000 0.000000
89 89 S -109.762001 23.899000 -29.056999 1.800000 0.000000 0.000000
90 90 G -111.164001 20.806999 -29.143000 2.150000 0.000000 0.000000
91 91 P -106.266998 22.474001 -29.472000 2.110000 -1.000000 0.000000
92 92 S -105.739998 20.112000 -26.468000 1.800000 0.000000 0.000000
93 93 G -107.568001 17.077000 -26.174999 2.150000 0.000000 0.000000
94 94 P -103.348999 18.650000 -29.159000 2.110000 -1.000000 0.000000
95 95 S -105.442001 17.365999 -32.275002 1.800000 0.000000 0.000000
96 96 G -105.419998 20.646000 -33.432999 2.150000 0.000000 0.000000
97 97 P -102.252998 16.141001 -34.103001 2.110000 -1.000000 0.000000
98 98 S -102.680000 17.278999 -37.943001 1.800000 0.000000 0.000000
99 99 A -102.001999 19.971001 -35.737999 2.150000 0.000000 0.000000
100 100 P -98.914001 17.584000 -39.090000 2.110000 -1.000000 0.000000
101 101 S -98.994003 14.477000 -41.450001 1.800000 0.000000 0.000000
102 102 G -100.981003 17.375999 -42.106998 2.150000 0.000000 0.000000
103 103 P -95.564003 14.322000 -39.872002 2.110000 -1.000000 0.000000
104 104 S -94.967003 12.833000 -43.492001 1.800000 0.000000 0.000000
105 105 A -93.476997 15.766000 -43.985001 2.150000 0.000000 0.000000
106 106 P -91.695000 13.747000 -41.146000 2.110000 -1.000000 0.000000
107 107 S -89.445999 12.032000 -43.904999 1.800000 0.000000 0.000000
108 108 U -89.688004 12.988000 -47.185001 2.150000 0.000000 0.000000
109 109 P -87.376999 15.120000 -42.598999 2.110000 -1.000000 0.000000
110 110 S -85.212997 15.916000 -45.702000 1.800000 0.000000 0.000000
111 111 G -87.968002 17.825001 -45.674999 2.150000 0.000000 0.000000
112 112 P -82.939003 18.559000 -46.689999 2.110000 -1.000000 0.000000
113 113 S -84.698997 20.559999 -49.660999 1.800000 0.000000 0.000000
114 114 U -86.355003 22.459999 -47.192001 2.150000 0.000000 0.000000
115 115 P -81.721001 23.384001 -49.790001 2.110000 -1.000000 0.000000
116 116 S -80.741997 27.156000 -50.745998 1.800000 0.000000 0.000000
117 117 A -82.275002 27.464001 -47.556000 2.150000 0.000000 0.000000
118 118 P -76.842003 27.719000 -51.248001 2.110000 -1.000000 0.000000
119 119 S -76.180000 31.388000 -49.737000 1.800000 0.000000 0.000000
120 120 A -76.581001 29.907000 -46.813999 2.150000 0.000000 0.000000
121 121 P -72.324997 31.114000 -51.021000 2.110000 -1.000000 0.000000
122 122 S -69.587997 32.106998 -48.408001 1.800000 0.000000 0.000000
123 123 C -70.487999 29.065001 -46.764000 2.150000 0.000000 0.000000
124 124 P -66.141998 30.392000 -49.279999 2.110000 -1.000000 0.000000
125 125 S -64.234001 32.001999 -46.276001 1.800000 0.000000 0.000000
126 126 C -64.537003 33.984001 -43.335999 2.150000 0.000000 0.000000
127 127 P -60.731998 29.844999 -45.973000 2.110000 -1.000000 0.000000
128 128 S -57.581001 32.206001 -45.936001 1.800000 0.000000 0.000000
129 129 C -58.590000 33.139999 -42.785000 2.150000 0.000000 0.000000
130 130 P -54.632999 29.732000 -45.146000 2.110000 -1.000000 0.000000
131 131 S -52.419998 28.983999 -48.307999 1.800000 0.000000 0.000000
132 132 C -53.237999 27.760000 -51.320000 2.150000 0.000000 0.000000
133 133 P -48.518002 28.353001 -47.992001 2.110000 -1.000000 0.000000
134 134 S -49.700001 26.625999 -44.737999 1.800000 0.000000 0.000000
135 135 C -49.958000 23.525999 -46.202000 2.150000 0.000000 0.000000
136 136 P -45.695999 26.719999 -44.999001 2.110000 -1.000000 0.000000
137 137 S -45.564999 23.299000 -43.012001 1.800000 0.000000 0.000000
138 138 U -45.917000 25.221001 -40.305000 2.150000 0.000000 0.000000
139 139 P -42.001999 21.750999 -43.757000 2.110000 -1.000000 0.000000
140 140 S -39.431999 23.228001 -40.981998 1.800000 0.000000 0.000000
141 141 U -38.219002 21.591999 -38.358002 2.150000 0.000000 0.000000
142 142 P -37.456001 20.632000 -43.255001 2.110000 -1.000000 0.000000
143 143 S -34.410000 18.209000 -42.879002 1.800000 0.000000 0.000000
144 144 U -36.970001 16.684999 -40.875999 2.150000 0.000000 0.000000
145 145 P -34.351002 14.812000 -45.020000 2.110000 -1.000000 0.000000
146 146 S -30.886000 13.542000 -43.542999 1.800000 0.000000 0.000000
147 147 A -28.584999 15.706000 -43.974998 2.150000 0.000000 0.000000
148 148 P -30.136999 10.309000 -45.952000 2.110000 -1.000000 0.000000
149 149 S -27.955000 11.893000 -48.881001 1.800000 0.000000 0.000000
150 150 C -24.941000 12.182000 -47.558998 2.150000 0.000000 0.000000
151 151 P -27.320999 7.980000 -49.619999 2.110000 -1.000000 0.000000
152 152 S -31.003000 7.280000 -48.285999 1.800000 0.000000 0.000000
153 153 C -33.720001 8.780000 -49.458000 2.150000 0.000000 0.000000
154 154 P -31.577000 3.147000 -49.554001 2.110000 -1.000000 0.000000
155 155 S -35.248001 2.812000 -50.993999 1.800000 0.000000 0.000000
156 156 U -35.502998 5.388000 -52.945000 2.150000 0.000000 0.000000
157 157 P -35.264000 -0.572000 -53.276001 2.110000 -1.000000 0.000000
158 158 S -37.619999 0.162000 -56.547001 1.800000 0.000000 0.000000
159 159 G -35.042999 0.813000 -58.645000 2.150000 0.000000 0.000000
160 160 P -37.750999 -3.518000 -57.945000 2.110000 -1.000000 0.000000
161 161 S -39.606998 -3.222000 -61.223000 1.800000 0.000000 0.000000
162 162 C -38.437000 -0.257000 -62.551998 2.150000 0.000000 0.000000
163 163 P -37.223999 -5.913000 -61.688999 2.110000 -1.000000 0.000000
164 164 S -39.950001 -8.685000 -60.981998 1.800000 0.000000 0.000000
165 165 C -38.318001 -10.369000 -63.175999 2.150000 0.000000 0.000000
166 166 P -38.337002 -12.072000 -60.139999 2.110000 -1.000000 0.000000
167 167 S -34.703999 -11.052000 -61.793999 1.800000 0.000000 0.000000
168 168 G -36.213001 -9.338000 -59.365002 2.150000 0.000000 0.000000
169 169 P -31.929001 -13.107000 -59.708000 2.110000 -1.000000 0.000000
170 170 S -33.485001 -10.505000 -57.090000 1.800000 0.000000 0.000000
171 171 A -35.521999 -13.006000 -57.174999 2.150000 0.000000 0.000000
172 172 P -32.203999 -11.872000 -53.667000 2.110000 -1.000000 0.000000
173 173 S -30.424000 -8.653000 -51.903000 1.800000 0.000000 0.000000
174 174 A -28.033001 -8.418000 -53.917999 2.150000 0.000000 0.000000
175 175 P -30.594999 -11.099000 -48.707001 2.110000 -1.000000 0.000000
176 176 S -32.381001 -10.223000 -45.480999 1.800000 0.000000 0.000000
177 177 C -34.948002 -7.882000 -45.458000 2.150000 0.000000 0.000000
178 178 P -32.674000 -12.757000 -42.683998 2.110000 -1.000000 0.000000
179 179 S -34.669998 -14.998000 -45.164001 1.800000 0.000000 0.000000
180 180 C -36.789001 -13.529000 -47.118999 2.150000 0.000000 0.000000
181 181 P -34.997002 -18.929001 -44.700001 2.110000 -1.000000 0.000000
182 182 S -34.104000 -20.068001 -48.433998 1.800000 0.000000 0.000000
183 183 C -31.468000 -20.566999 -50.088001 2.150000 0.000000 0.000000
184 184 P -33.437000 -23.686001 -47.056000 2.110000 -1.000000 0.000000
185 185 S -33.172001 -25.528999 -50.655998 1.800000 0.000000 0.000000
186 186 C -31.485001 -23.504999 -53.005001 2.150000 0.000000 0.000000
187 187 P -31.698000 -28.649000 -48.903000 2.110000 -1.000000 0.000000
188 188 S -30.544001 -31.059000 -51.734001 1.800000 0.000000 0.000000
189 189 G -28.160999 -30.186001 -53.979000 2.150000 0.000000 0.000000
190 190 P -30.281000 -32.349998 -47.889000 2.110000 -1.000000 0.000000
191 191 S -26.836000 -33.570000 -48.916000 1.800000 0.000000 0.000000
192 192 C -26.561001 -35.693001 -46.263000 2.150000 0.000000 0.000000
193 193 P -29.921000 -35.126999 -50.297001 2.110000 -1.000000 0.000000
194 194 S -28.386999 -35.511002 -53.771000 1.800000 0.000000 0.000000
195 195 C -31.524000 -34.585999 -54.298000 2.150000 0.000000 0.000000
196 196 P -30.680000 -38.636002 -52.627998 2.110000 -1.000000 0.000000
197 197 S -32.686001 -39.500000 -55.960999 1.800000 0.000000 0.000000
198 198 A -31.554001 -38.042000 -58.759998 2.150000 0.000000 0.000000
199 199 P -33.923000 -43.251999 -56.014999 2.110000 -1.000000 0.000000
200 200 S -33.998001 -44.039001 -59.928001 1.800000 0.000000 0.000000
201 201 G -37.094002 -42.993000 -59.806000 2.150000 0.000000 0.000000
202 202 P -34.360001 -47.790001 -61.422001 2.110000 -1.000000 0.000000
203 203 S -30.587999 -49.070000 -60.700001 1.800000 0.000000 0.000000
204 204 G -31.674999 -47.946999 -63.544998 2.150000 0.000000 0.000000
205 205 P -31.350000 -52.924000 -61.743999 2.110000 -1.000000 0.000000
206 206 S -30.818001 -53.207001 -65.606003 1.800000 0.000000 0.000000
207 207 C -32.308998 -50.854000 -67.206001 2.150000 0.000000 0.000000
208 208 P -31.318001 -56.618999 -67.481003 2.110000 -1.000000 0.000000
209 209 S -29.250000 -56.660999 -70.836998 1.800000 0.000000 0.000000
210 210 C -31.323999 -54.660000 -72.540001 2.150000 0.000000 0.000000
211 211 P -30.843000 -60.078999 -72.556999 2.110000 -1.000000 0.000000
212 212 S -29.461000 -60.903000 -76.193001 1.800000 0.000000 0.000000
213 213 C -26.396000 -62.081001 -74.568001 2.150000 0.000000 0.000000
214 214 P -30.238001 -64.691002 -77.138000 2.110000 -1.000000 0.000000
215 215 S -32.074001 -63.429001 -80.274002 1.800000 0.000000 0.000000
216 216 G -28.914000 -64.487000 -80.499001 2.150000 0.000000 0.000000
217 217 P -33.993000 -66.505997 -82.139999 2.110000 -1.000000 0.000000
218 218 S -32.907001 -64.543999 -85.417000 1.800000 0.000000 0.000000
219 219 G -31.260000 -67.806000 -85.198997 2.150000 0.000000 0.000000
220 220 P -33.959999 -66.365997 -88.954002 2.110000 -1.000000 0.000000
221 221 S -34.036999 -64.447998 -92.442001 1.800000 0.000000 0.000000
222 222 A -30.877001 -64.569000 -91.414001 2.150000 0.000000 0.000000
223 223 P -34.819000 -67.584000 -94.546997 2.110000 -1.000000 0.000000
224 224 S -33.631001 -66.103996 -98.105003 1.800000 0.000000 0.000000
225 225 A -32.082001 -63.235001 -97.995003 2.150000 0.000000 0.000000
226 226 P -31.900000 -68.803001 -100.394997 2.110000 -1.000000 0.000000
227 227 S -29.591999 -65.661003 -101.574997 1.800000 0.000000 0.000000
228 228 G -26.624001 -66.831001 -100.266998 2.150000 0.000000 0.000000
229 229 P -27.162001 -64.799004 -104.575996 2.110000 -1.000000 0.000000
230 230 S -23.725000 -62.882000 -104.677002 1.800000 0.000000 0.000000
231 231 G -21.249001 -65.289001 -104.642998 2.150000 0.000000 0.000000
232 232 P -23.086000 -62.360001 -108.539001 2.110000 -1.000000 0.000000
233 233 S -19.653999 -62.270000 -110.612999 1.800000 0.000000 0.000000
234 234 G -18.340000 -65.545998 -110.700996 2.150000 0.000000 0.000000
235 235 P -21.056999 -61.907001 -114.480003 2.110000 -1.000000 0.000000
236 236 S -24.636999 -60.528000 -115.109001 1.800000 0.000000 0.000000
237 237 A -23.705999 -57.669998 -113.929001 2.150000 0.000000 0.000000
238 238 P -23.563000 -60.839001 -118.630997 2.110000 -1.000000 0.000000
239 239 S -23.410000 -56.903999 -119.085999 1.800000 0.000000 0.000000
240 240 G -21.483999 -56.192001 -116.737999 2.150000 0.000000 0.000000
241 241 P -20.833000 -58.884998 -121.522003 2.110000 -1.000000 0.000000
242 242 S -16.924999 -59.034000 -122.202003 1.800000 0.000000 0.000000
243 243 C -17.209000 -61.884998 -120.442001 2.150000 0.000000 0.000000
244 244 P -17.223000 -61.771999 -125.046997 2.110000 -1.000000 0.000000
245 245 S -16.379000 -60.303001 -128.634995 1.800000 0.000000 0.000000
246 246 A -13.018000 -59.369999 -128.070999 2.150000 0.000000 0.000000
247 247 P -15.262000 -63.247002 -130.753998 2.110000 -1.000000 0.000000
248 248 S -12.863000 -63.353001 -133.964005 1.800000 0.000000 0.000000
249 249 A -10.498000 -62.536999 -131.498993 2.150000 0.000000 0.000000
250 250 P -10.913000 -66.305000 -135.832001 2.110000 -1.000000 0.000000
251 251 S -8.073000 -63.981998 -137.059006 1.800000 0.000000 0.000000
252 252 C -5.685000 -63.820000 -134.307007 2.150000 0.000000 0.000000
253 253 P -6.298000 -66.614998 -139.546005 2.110000 -1.000000 0.000000
254 254 S -2.431000 -65.535004 -139.600006 1.800000 0.000000 0.000000
255 255 G -1.583000 -67.989998 -137.304001 2.150000 0.000000 0.000000
256 256 P -0.392000 -67.725998 -142.309006 2.110000 -1.000000 0.000000
257 257 S 2.136000 -70.686996 -140.955002 1.800000 0.000000 0.000000
258 258 G 2.851000 -67.828003 -142.425995 2.150000 0.000000 0.000000
259 259 P 3.391000 -73.718002 -143.091003 2.110000 -1.000000 0.000000
260 260 S 7.219000 -72.606003 -142.673004 1.800000 0.000000 0.000000
261 261 U 8.832000 -70.330002 -145.091003 2.150000 0.000000 0.000000
262 262 P 8.694000 -75.928001 -143.550995 2.110000 -1.000000 0.000000
263 263 S 12.390000 -76.681999 -144.815002 1.800000 0.000000 0.000000
264 264 A 13.196000 -74.917000 -142.016006 2.150000 0.000000 0.000000
265 265 P 13.719000 -80.199997 -143.494003 2.110000 -1.000000 0.000000
266 266 S 13.710000 -81.968002 -147.050003 1.800000 0.000000 0.000000
267 267 G 10.621000 -81.341003 -146.770004 2.150000 0.000000 0.000000
268 268 P 14.838000 -85.700996 -145.682007 2.110000 -1.000000 0.000000
269 269 S 12.129000 -88.557999 -145.330002 1.800000 0.000000 0.000000
270 270 G 10.096000 -87.758003 -147.862000 2.150000 0.000000 0.000000
271 271 P 14.888000 -91.192001 -146.522995 2.110000 -1.000000 0.000000
272 272 S 13.726000 -93.111000 -149.845001 1.800000 0.000000 0.000000
273 273 C 13.869000 -95.472000 -147.742996 2.150000 0.000000 0.000000
274 274 P 16.469000 -95.359001 -151.994995 2.110000 -1.000000 0.000000
275 275 S 14.431000 -98.749001 -151.936005 1.800000 0.000000 0.000000
276 276 A 16.004000 -99.888000 -149.526993 2.150000 0.000000 0.000000
277 277 P 16.514999 -100.184998 -154.914993 2.110000 -1.000000 0.000000
278 278 S 15.425000 -103.554001 -152.737000 1.800000 0.000000 0.000000
279 279 G 18.535999 -102.674004 -153.714005 2.150000 0.000000 0.000000
280 280 P 16.155001 -107.140999 -153.897995 2.110000 -1.000000 0.000000
281 281 S 13.169000 -109.351997 -152.347000 1.800000 0.000000 0.000000
282 282 G 10.008000 -108.765999 -153.626999 2.150000 0.000000 0.000000
283 283 P 14.397000 -112.804001 -154.048996 2.110000 -1.000000 0.000000
284 284 S 11.622000 -115.085999 -155.641998 1.800000 0.000000 0.000000
285 285 A 9.633000 -112.796997 -155.123993 2.150000 0.000000 0.000000
286 286 P 10.786000 -118.101997 -153.276993 2.110000 -1.000000 0.000000
287 287 S 10.459000 -115.316002 -150.522995 1.800000 0.000000 0.000000
288 288 C 13.120000 -115.220001 -148.848999 2.150000 0.000000 0.000000
289 289 P 9.381000 -118.380997 -148.423996 2.110000 -1.000000 0.000000
290 290 S 12.536000 -120.248001 -146.889008 1.800000 0.000000 0.000000
291 291 G 12.776000 -119.246002 -143.697006 2.150000 0.000000 0.000000
292 292 P 9.452000 -122.026001 -145.022003 2.110000 -1.000000 0.000000
293 293 S 11.165000 -124.344002 -142.264008 1.800000 0.000000 0.000000
294 294 U 10.580000 -122.152000 -139.854996 2.150000 0.000000 0.000000
295 295 P 10.310000 -126.227997 -138.979004 2.110000 -1.000000 0.000000
296 296 S 13.696000 -124.490997 -137.634003 1.800000 0.000000 0.000000
297 297 C 14.613000 -127.676003 -137.423004 2.150000 0.000000 0.000000
298 298 P 14.699000 -123.936996 -133.860992 2.110000 -1.000000 0.000000
299 299 S 11.263000 -124.143997 -132.126999 1.800000 0.000000 0.000000
300 300 G 11.450000 -126.670998 -130.388000 2.150000 0.000000 0.000000
301 301 P 13.072000 -122.934998 -128.953995 2.110000 -1.000000 0.000000
302 302 S 14.505000 -126.495003 -128.119003 1.800000 0.000000 0.000000
303 303 G 17.584999 -127.211998 -129.455994 2.150000 0.000000 0.000000
304 304 P 16.680000 -125.657997 -124.918999 2.110000 -1.000000 0.000000
