1 1 P -188.617004 8.341000 -64.202003 2.110000 -1.000000 1.000000
2 2 S -187.156006 4.805000 -65.303001 1.800000 0.000000 0.000000
3 3 G -187.931000 1.728000 -66.650002 2.150000 0.000000 0.000000
4 4 P -185.033005 5.261000 -68.617996 2.110000 -1.000000 0.000000
5 5 S -184.725006 2.332000 -71.234001 1.800000 0.000000 0.000000
6 6 G -187.559006 1.360000 -70.325996 2.150000 0.000000 0.000000
7 7 P -185.414993 4.326000 -74.790001 2.110000 -1.000000 0.000000
8 8 S -188.602997 2.618000 -76.219002 1.800000 0.000000 0.000000
9 9 G -190.212006 3.998000 -73.452003 2.150000 0.000000 0.000000
10 10 P -189.824997 4.450000 -79.433998 2.110000 -1.000000 0.000000
11 11 S -192.893997 6.941000 -78.655998 1.800000 0.000000 0.000000
12 12 U -191.358002 8.249000 -75.786003 2.150000 0.000000 0.000000
13 13 P -191.136993 9.131000 -81.504997 2.110000 -1.000000 0.000000
14 14 S -192.164993 13.030000 -81.309998 1.800000 0.000000 0.000000
15 15 U -191.389008 14.459000 -78.500999 2.150000 0.000000 0.000000
16 16 P -191.251999 15.183000 -84.398003 2.110000 -1.000000 0.000000
17 17 S -193.421997 18.464001 -84.529999 1.800000 0.000000 0.000000
18 18 U -195.557999 17.046000 -86.559998 2.150000 0.000000 0.000000
19 19 P -190.695999 20.362000 -87.154999 2.110000 -1.000000 0.000000
20 20 S -187.496002 21.409000 -85.195999 1.800000 0.000000 0.000000
21 21 A -185.716995 18.980000 -83.892998 2.150000 0.000000 0.000000
22 22 P -186.535004 21.674999 -88.893997 2.110000 -1.000000 0.000000
23 23 S -183.266998 23.604000 -90.002998 1.800000 0.000000 0.000000
24 24 U -184.464005 26.665001 -90.670998 2.150000 0.000000 0.000000
25 25 P -182.451996 22.797001 -93.871002 2.110000 -1.000000 0.000000
26 26 S -181.792007 26.464001 -95.358002 1.800000 0.000000 0.000000
27 27 A -184.764008 27.698000 -96.941002 2.150000 0.000000 0.000000
28 28 P -179.835007 25.073999 -98.559998 2.110000 -1.000000 0.000000
29 29 S -176.811996 26.934000 -100.275002 1.800000 0.000000 0.000000
30 30 C -176.451996 28.339001 -97.334000 2.150000 0.000000 0.000000
31 31 P -173.768005 25.079000 -101.378998 2.110000 -1.000000 0.000000
32 32 S -171.052002 27.395000 -102.966003 1.800000 0.000000 0.000000
33 33 C -169.207993 29.158001 -101.167000 2.150000 0.000000 0.000000
34 34 P -168.860992 24.290001 -102.464996 2.110000 -1.000000 0.000000
35 35 S -165.843002 26.200001 -104.272003 1.800000 0.000000 0.000000
36 36 U -165.537994 29.466999 -103.093002 2.150000 0.000000 0.000000
37 37 P -162.326996 24.691999 -104.223999 2.110000 -1.000000 0.000000
38 38 S -160.276001 28.114000 -104.108002 1.800000 0.000000 0.000000
39 39 U -161.925995 29.094000 -101.000000 2.150000 0.000000 0.000000
40 40 P -157.951996 26.254999 -101.526001 2.110000 -1.000000 0.000000
41 41 S -154.688004 27.907000 -99.725998 1.800000 0.000000 0.000000
42 42 C -153.789001 24.993999 -101.281998 2.150000 0.000000 0.000000
43 43 P -154.350998 25.260000 -96.864998 2.110000 -1.000000 0.000000
44 44 S -150.552002 25.607000 -96.486000 1.800000 0.000000 0.000000
45 45 C -150.783997 28.674999 -94.780998 2.150000 0.000000 0.000000
46 46 P -148.343002 24.641001 -93.754997 2.110000 -1.000000 0.000000
47 47 S -146.250000 27.712999 -92.457001 1.800000 0.000000 0.000000
48 48 C -148.768997 26.556999 -90.504997 2.150000 0.000000 0.000000
49 49 P -144.072998 25.993000 -89.379997 2.110000 -1.000000 0.000000
50 50 S -144.692001 29.198000 -86.981003 1.800000 0.000000 0.000000
51 51 A -144.554001 32.410000 -87.948997 2.150000 0.000000 0.000000
52 52 P -143.673004 29.348000 -83.198997 2.110000 -1.000000 0.000000
53 53 S -145.052994 32.740002 -82.238998 1.800000 0.000000 0.000000
54 54 G -142.643997 34.310001 -83.978996 2.150000 0.000000 0.000000
55 55 P -144.136993 33.588001 -78.334999 2.110000 -1.000000 0.000000
56 56 S -143.563004 29.974001 -76.838997 1.800000 0.000000 0.000000
57 57 G -140.809998 30.312000 -78.200996 2.150000 0.000000 0.000000
58 58 P -142.395004 30.690001 -72.987999 2.110000 -1.000000 0.000000
59 59 S -146.078003 30.250999 -71.429001 1.800000 0.000000 0.000000
60 60 U -146.292999 27.007999 -72.817001 2.150000 0.000000 0.000000
61 61 P -143.190002 29.275000 -68.750999 2.110000 -1.000000 0.000000
62 62 S -143.462006 30.413000 -65.098000 1.800000 0.000000 0.000000
63 63 A -142.576004 33.370998 -66.475998 2.150000 0.000000 0.000000
64 64 P -140.076996 29.568001 -62.972000 2.110000 -1.000000 0.000000
65 65 S -137.837006 32.471001 -61.715000 1.800000 0.000000 0.000000
66 66 A -140.686005 33.298000 -60.432999 2.150000 0.000000 0.000000
67 67 P -135.526001 31.191000 -58.779999 2.110000 -1.000000 0.000000
68 68 S -136.878006 32.835999 -55.543999 1.800000 0.000000 0.000000
69 69 C -139.257004 30.190001 -55.452999 2.150000 0.000000 0.000000
70 70 P -134.531998 31.645000 -52.613998 2.110000 -1.000000 0.000000
71 71 S -134.399002 27.700001 -52.648998 1.800000 0.000000 0.000000
72 72 A -131.878006 25.479000 -53.199001 2.150000 0.000000 0.000000
73 73 P -134.013000 26.090000 -48.986000 2.110000 -1.000000 0.000000
74 74 S -130.212997 26.188000 -48.179001 1.800000 0.000000 0.000000
75 75 A -130.970001 23.504000 -50.001999 2.150000 0.000000 0.000000
76 76 P -128.776001 24.936001 -44.735001 2.110000 -1.000000 0.000000
77 77 S -128.807999 28.754000 -44.188999 1.800000 0.000000 0.000000
78 78 A -131.175995 26.625000 -43.139999 2.150000 0.000000 0.000000
79 79 P -126.695000 28.997999 -40.835999 2.110000 -1.000000 0.000000
80 80 S -123.149002 26.903000 -41.504002 1.800000 0.000000 0.000000
81 81 C -122.082001 29.408001 -43.908001 2.150000 0.000000 0.000000
82 82 P -121.634003 28.422001 -38.182999 2.110000 -1.000000 0.000000
83 83 S -119.114998 25.573999 -38.176998 1.800000 0.000000 0.000000
84 84 C -116.786003 24.296000 -40.285999 2.150000 0.000000 0.000000
85 85 P -115.968002 26.951000 -36.424000 2.110000 -1.000000 0.000000
86 86 S -113.990997 25.099001 -33.598000 1.800000 0.000000 0.000000
87 87 C -113.542000 21.929001 -33.943001 2.150000 0.000000 0.000000
88 88 P -110.193001 25.516001 -32.568001 2.110000 -1.000000 0.000000
