1 1 P 40.362999 12.221000 45.473999 2.150000 -1.000000 0.000000
2 2 S 37.671913 14.043001 47.784779 1.800000 0.000000 0.000000
3 3 A 35.463196 11.388274 47.456322 1.530000 0.000000 0.000000
4 4 P 37.678402 14.269546 51.562084 2.150000 -1.000000 0.000000
5 5 S 36.733440 17.998516 52.410725 1.800000 0.000000 0.000000
6 6 C 33.801701 16.489681 51.622993 1.530000 0.000000 0.000000
7 7 P 36.893520 19.097691 56.084263 2.150000 -1.000000 0.000000
8 8 S 33.298168 20.660305 56.708664 1.800000 0.000000 0.000000
9 9 C 31.219109 18.066423 56.858494 1.530000 0.000000 0.000000
10 10 P 33.566921 21.205481 60.507008 2.150000 -1.000000 0.000000
11 11 S 29.815834 21.329557 61.476555 1.800000 0.000000 0.000000
12 12 G 28.995050 18.234783 61.127262 1.530000 0.000000 0.000000
13 13 P 30.715895 20.426287 65.085274 2.150000 -1.000000 0.000000
14 14 S 27.401930 18.560713 65.803894 1.800000 0.000000 0.000000
15 15 U 28.660116 15.182021 65.389923 1.530000 0.000000 0.000000
16 16 P 28.812727 18.522266 69.514900 2.150000 -1.000000 0.000000
17 17 S 26.245283 21.389647 69.950371 1.800000 0.000000 0.000000
18 18 C 23.636620 19.392828 70.514679 1.530000 0.000000 0.000000
19 19 P 25.871290 22.829926 73.696739 2.150000 -1.000000 0.000000
20 20 S 22.685888 24.646143 75.144958 1.800000 0.000000 0.000000
21 21 A 22.086411 27.350796 73.140793 1.530000 0.000000 0.000000
22 22 P 21.229185 26.346729 78.338203 2.150000 -1.000000 0.000000
23 23 S 18.183180 27.332005 75.949501 1.800000 0.000000 0.000000
24 24 A 17.739635 24.817247 77.910812 1.530000 0.000000 0.000000
25 25 P 15.436944 29.234802 78.195992 2.150000 -1.000000 0.000000
26 26 S 12.536120 29.297279 75.487869 1.800000 0.000000 0.000000
27 27 A 12.133507 26.441175 73.612068 1.530000 0.000000 0.000000
28 28 P 9.028817 29.183849 77.362709 2.150000 -1.000000 0.000000
29 29 S 6.321290 27.408571 75.005699 1.800000 0.000000 0.000000
30 30 U 7.448450 24.524797 73.989815 1.530000 0.000000 0.000000
31 31 P 3.268997 26.229696 77.079918 2.150000 -1.000000 0.000000
32 32 S 0.208051 28.631388 76.366707 1.800000 0.000000 0.000000
33 33 U 0.518889 28.575989 73.307243 1.530000 0.000000 0.000000
34 34 P -2.922721 27.041544 77.947426 2.150000 -1.000000 0.000000
35 35 S -6.416927 27.282700 75.905235 1.800000 0.000000 0.000000
36 36 G -5.090127 24.598877 73.820732 1.530000 0.000000 0.000000
37 37 P -9.214580 24.827057 76.853951 2.150000 -1.000000 0.000000
38 38 S -10.087579 26.913097 79.963417 1.800000 0.000000 0.000000
39 39 C -9.896992 29.647959 77.958725 1.530000 0.000000 0.000000
40 40 P -13.992356 26.326431 79.835495 2.150000 -1.000000 0.000000
41 41 S -16.806089 27.307613 82.556374 1.800000 0.000000 0.000000
42 42 G -18.517908 30.418331 82.311844 1.530000 0.000000 0.000000
43 43 P -19.876776 25.112488 81.022179 2.150000 -1.000000 0.000000
44 44 S -21.999680 23.796921 84.104889 1.800000 0.000000 0.000000
45 45 G -22.953089 26.775782 84.813698 1.530000 0.000000 0.000000
46 46 P -25.417587 22.194082 82.580849 2.150000 -1.000000 0.000000
47 47 S -27.679615 22.908026 85.547623 1.800000 0.000000 0.000000
48 48 G -27.249617 26.108315 86.900841 1.530000 0.000000 0.000000
49 49 P -31.337343 22.829962 84.436638 2.150000 -1.000000 0.000000
50 50 S -33.632530 25.428268 86.301529 1.800000 0.000000 0.000000
51 51 A -31.858608 28.274481 86.448959 1.530000 0.000000 0.000000
52 52 P -36.870941 26.885284 84.451927 2.150000 -1.000000 0.000000
53 53 S -37.376778 30.723379 84.989250 1.800000 0.000000 0.000000
54 54 A -35.227325 32.003437 82.828018 1.530000 0.000000 0.000000
55 55 P -39.299881 31.674606 81.551971 2.150000 -1.000000 0.000000
56 56 S -37.206955 31.141512 78.219261 1.800000 0.000000 0.000000
57 57 A -35.988743 28.207624 78.470444 1.530000 0.000000 0.000000
58 58 P -39.642200 32.380894 75.461807 2.150000 -1.000000 0.000000
59 59 S -39.264507 30.231386 72.226028 1.800000 0.000000 0.000000
60 60 G -39.656498 27.296347 73.844749 1.530000 0.000000 0.000000
61 61 P -42.882053 31.288589 70.932671 2.150000 -1.000000 0.000000
62 62 S -43.701859 28.935688 67.931015 1.800000 0.000000 0.000000
63 63 G -43.900028 25.760117 69.271820 1.530000 0.000000 0.000000
64 64 P -47.598850 29.583857 66.937340 2.150000 -1.000000 0.000000
65 65 S -48.126343 27.328655 63.829327 1.800000 0.000000 0.000000
66 66 G -48.192623 23.887585 64.743675 1.530000 0.000000 0.000000
67 67 P -51.946331 27.628031 63.507462 2.150000 -1.000000 0.000000
68 68 S -53.652954 25.133062 61.401764 1.800000 0.000000 0.000000
69 69 G -54.314465 23.722738 64.178696 1.530000 0.000000 0.000000
70 70 P -57.497662 25.327017 61.295834 2.150000 -1.000000 0.000000
71 71 S -59.325417 21.845217 61.743538 1.800000 0.000000 0.000000
72 72 U -58.026470 22.503057 64.840408 1.530000 0.000000 0.000000
73 73 P -62.916149 23.303421 62.431816 2.150000 -1.000000 0.000000
74 74 S -64.334457 21.674078 65.901871 1.800000 0.000000 0.000000
75 75 C -66.466957 19.085518 65.528084 1.530000 0.000000 0.000000
76 76 P -67.391075 23.381907 67.800331 2.150000 -1.000000 0.000000
77 77 S -67.237114 22.378155 71.585190 1.800000 0.000000 0.000000
78 78 A -65.637642 24.435389 73.573898 1.530000 0.000000 0.000000
79 79 P -70.912132 23.671675 72.617035 2.150000 -1.000000 0.000000
80 80 S -71.936768 19.902277 72.509010 1.800000 0.000000 0.000000
81 81 A -72.527229 18.442974 69.612495 1.530000 0.000000 0.000000
82 82 P -75.717224 20.277958 73.488358 2.150000 -1.000000 0.000000
83 83 S -77.307434 17.284153 71.506424 1.800000 0.000000 0.000000
84 84 C -77.446793 13.997064 72.061302 1.530000 0.000000 0.000000
85 85 P -81.393204 17.258450 71.694847 2.150000 -1.000000 0.000000
86 86 S -81.855797 19.908918 68.828629 1.800000 0.000000 0.000000
87 87 A -80.759827 21.841984 71.138855 1.530000 0.000000 0.000000
88 88 P -85.786942 20.752205 69.093544 2.150000 -1.000000 0.000000
89 89 S -87.430168 17.326763 69.001717 1.800000 0.000000 0.000000
90 90 G -87.828918 16.341040 72.155472 1.530000 0.000000 0.000000
91 91 P -91.250282 16.981422 68.125046 2.150000 -1.000000 0.000000
92 92 S -90.945213 13.541718 66.464233 1.800000 0.000000 0.000000
93 93 C -90.663033 13.029134 69.976891 1.530000 0.000000 0.000000
94 94 P -94.775520 14.066023 66.570679 2.150000 -1.000000 0.000000
95 95 S -95.339012 10.577589 65.114441 1.800000 0.000000 0.000000
96 96 C -93.744888 9.461495 67.743042 1.530000 0.000000 0.000000
97 97 P -99.318726 11.150092 65.448174 2.150000 -1.000000 0.000000
98 98 S -100.868202 7.754325 66.117508 1.800000 0.000000 0.000000
99 99 G -99.675461 7.541247 69.564384 1.530000 0.000000 0.000000
100 100 P -104.615845 8.243155 67.149193 2.150000 -1.000000 0.000000
101 101 S -105.952049 4.496273 66.428413 1.800000 0.000000 0.000000
102 102 U -103.890770 2.197548 67.493683 1.530000 0.000000 0.000000
103 103 P -108.919189 3.825956 68.735214 2.150000 -1.000000 0.000000
104 104 S -107.858490 3.687605 72.499962 1.800000 0.000000 0.000000
105 105 U -107.847633 7.015410 72.067482 1.530000 0.000000 0.000000
106 106 P -111.578789 3.628636 73.675117 2.150000 -1.000000 0.000000
107 107 S -111.207512 5.999912 76.768547 1.800000 0.000000 0.000000
108 108 C -111.313896 8.460303 74.832283 1.530000 0.000000 0.000000
109 109 P -114.290794 6.981129 79.366020 2.150000 -1.000000 0.000000
110 110 S -112.651756 10.364661 80.352463 1.800000 0.000000 0.000000
111 111 A -113.782410 10.375799 77.259621 1.530000 0.000000 0.000000
112 112 P -115.113953 12.729473 82.494781 2.150000 -1.000000 0.000000
113 113 S -116.482651 15.355109 80.036751 1.800000 0.000000 0.000000
114 114 G -118.472038 14.147172 77.359016 1.530000 0.000000 0.000000
115 115 P -119.308754 16.668518 82.488213 2.150000 -1.000000 0.000000
116 116 S -121.636871 18.391928 79.836327 1.800000 0.000000 0.000000
117 117 U -121.961990 15.608596 78.689804 1.530000 0.000000 0.000000
118 118 P -125.029366 19.792624 81.133118 2.150000 -1.000000 0.000000
119 119 S -127.509758 20.647724 78.463974 1.800000 0.000000 0.000000
120 120 A -129.017166 17.723190 79.061363 1.530000 0.000000 0.000000
121 121 P -130.635681 22.563469 79.762711 2.150000 -1.000000 0.000000
122 122 S -133.446259 21.959633 77.199768 1.800000 0.000000 0.000000
123 123 C -133.895233 18.802237 76.441734 1.530000 0.000000 0.000000
124 124 P -137.031204 22.090851 78.554817 2.150000 -1.000000 0.000000
125 125 S -139.428772 19.531197 76.990021 1.800000 0.000000 0.000000
126 126 C -138.021561 17.663300 79.531441 1.530000 0.000000 0.000000
127 127 P -142.690262 20.206507 79.079399 2.150000 -1.000000 0.000000
128 128 S -145.419891 22.789112 78.027863 1.800000 0.000000 0.000000
129 129 A -147.145172 21.616474 75.321449 1.530000 0.000000 0.000000
130 130 P -148.378845 20.837315 79.596886 2.150000 -1.000000 0.000000
131 131 S -151.432648 23.368608 79.358864 1.800000 0.000000 0.000000
132 132 A -149.976242 24.168539 76.508026 1.530000 0.000000 0.000000
133 133 P -154.809479 22.455109 79.803345 2.150000 -1.000000 0.000000
134 134 S -157.280243 25.499043 79.862022 1.800000 0.000000 0.000000
135 135 G -157.538284 26.145836 76.535362 1.530000 0.000000 0.000000
136 136 P -160.968262 23.812136 79.888687 2.150000 -1.000000 0.000000
137 137 S -163.188980 27.152641 79.992157 1.800000 0.000000 0.000000
138 138 U -161.851425 29.733988 78.487328 1.530000 0.000000 0.000000
139 139 P -166.065857 25.323675 78.319527 2.150000 -1.000000 0.000000
140 140 S -168.231415 27.098568 75.416016 1.800000 0.000000 0.000000
141 141 C -166.828781 24.907173 72.993126 1.530000 0.000000 0.000000
142 142 P -171.244171 25.417339 73.529785 2.150000 -1.000000 0.000000
143 143 S -170.815796 22.575182 70.786385 1.800000 0.000000 0.000000
144 144 U -169.647125 20.560989 73.146812 1.530000 0.000000 0.000000
145 145 P -174.305618 21.715523 70.339684 2.150000 -1.000000 0.000000
146 146 S -174.418274 17.835583 70.328537 1.800000 0.000000 0.000000
147 147 C -175.074417 16.923403 73.896713 1.530000 0.000000 0.000000
148 148 P -177.879181 18.456373 70.720444 2.150000 -1.000000 0.000000
149 149 S -179.563522 19.506027 67.300774 1.800000 0.000000 0.000000
150 150 A -179.822479 16.978897 64.969131 1.530000 0.000000 0.000000
151 151 P -182.873474 18.396729 69.341324 2.150000 -1.000000 0.000000
152 152 S -184.923004 15.164404 68.198830 1.800000 0.000000 0.000000
153 153 G -183.887589 12.066330 67.463860 1.530000 0.000000 0.000000
154 154 P -187.990494 14.304070 71.041779 2.150000 -1.000000 0.000000
155 155 S -190.908371 11.574238 70.779533 1.800000 0.000000 0.000000
156 156 G -191.262985 9.815328 67.698486 1.530000 0.000000 0.000000
157 157 P -193.795319 10.231285 73.042320 2.150000 -1.000000 0.000000
158 158 S -195.013672 6.712928 71.855667 1.800000 0.000000 0.000000
159 159 G -191.867188 6.050805 72.278114 1.530000 0.000000 0.000000
160 160 P -195.693344 5.821255 75.651543 2.150000 -1.000000 0.000000
161 161 S -194.175293 2.458343 76.553421 1.800000 0.000000 0.000000
162 162 G -196.503891 0.409612 75.222038 1.530000 0.000000 0.000000
163 163 P -195.003632 2.328051 80.365425 2.150000 -1.000000 0.000000
164 164 S -192.189972 3.779940 82.764214 1.800000 0.000000 0.000000
165 165 A -193.412186 7.273402 83.043640 1.530000 0.000000 0.000000
166 166 P -194.142776 1.893487 85.370193 2.150000 -1.000000 0.000000
167 167 S -193.681580 -2.037260 85.535133 1.800000 0.000000 0.000000
168 168 A -191.326065 -2.009317 88.028625 1.530000 0.000000 0.000000
169 169 P -195.907837 -4.048580 88.131432 2.150000 -1.000000 0.000000
170 170 S -193.929672 -6.725894 90.015160 1.800000 0.000000 0.000000
171 171 A -191.781143 -4.316243 91.124542 1.530000 0.000000 0.000000
172 172 P -196.652115 -6.116864 92.757660 2.150000 -1.000000 0.000000
173 173 S -194.726166 -6.106514 96.212540 1.800000 0.000000 0.000000
174 174 C -195.194397 -9.036362 94.957756 1.530000 0.000000 0.000000
175 175 P -196.922394 -6.525887 99.289139 2.150000 -1.000000 0.000000
176 176 S -194.896805 -4.013902 101.464302 1.800000 0.000000 0.000000
177 177 U -194.433472 -2.378598 98.531296 1.530000 0.000000 0.000000
178 178 P -198.014023 -3.472131 103.977577 2.150000 -1.000000 0.000000
179 179 S -198.455673 0.269956 105.031929 1.800000 0.000000 0.000000
180 180 U -198.991928 1.498750 101.849617 1.530000 0.000000 0.000000
181 181 P -201.967377 -0.601730 106.085457 2.150000 -1.000000 0.000000
182 182 S -204.143265 2.223978 104.801193 1.800000 0.000000 0.000000
183 183 U -205.275574 0.906065 101.820053 1.530000 0.000000 0.000000
184 184 P -207.150925 0.529602 107.045418 2.150000 -1.000000 0.000000
185 185 S -210.315079 1.653807 105.284805 1.800000 0.000000 0.000000
186 186 G -209.787491 0.134370 102.375610 1.530000 0.000000 0.000000
187 187 P -213.865189 0.293603 106.380325 2.150000 -1.000000 0.000000
188 188 S -215.490219 1.090205 102.901901 1.800000 0.000000 0.000000
189 189 A -214.600845 -1.971029 101.483658 1.530000 0.000000 0.000000
190 190 P -219.119370 0.760021 102.354233 2.150000 -1.000000 0.000000
191 191 S -219.862137 -0.724620 98.725113 1.800000 0.000000 0.000000
192 192 G -218.843765 -3.997480 98.057747 1.530000 0.000000 0.000000
193 193 P -223.985565 -1.511603 98.688652 2.150000 -1.000000 0.000000
194 194 S -224.015244 -2.861087 94.985107 1.800000 0.000000 0.000000
195 195 A -222.520523 -5.326329 96.703659 1.530000 0.000000 0.000000
196 196 P -227.376358 -2.794654 96.960518 2.150000 -1.000000 0.000000
197 197 S -228.442825 0.845318 96.984329 1.800000 0.000000 0.000000
198 198 U -227.643768 1.324006 93.753746 1.530000 0.000000 0.000000
199 199 P -231.640488 -1.005772 96.161308 2.150000 -1.000000 0.000000
200 200 S -233.977753 1.621674 97.699379 1.800000 0.000000 0.000000
201 201 G -234.370590 3.263641 94.779228 1.530000 0.000000 0.000000
202 202 P -237.762589 1.702375 98.647217 2.150000 -1.000000 0.000000
203 203 S -239.588989 5.312118 98.903854 1.800000 0.000000 0.000000
204 204 G -238.908798 5.196096 95.663429 1.530000 0.000000 0.000000
205 205 P -243.197662 4.375871 98.076355 2.150000 -1.000000 0.000000
206 206 S -244.389923 7.507257 100.050018 1.800000 0.000000 0.000000
207 207 C -246.642105 7.639212 102.433220 1.530000 0.000000 0.000000
208 208 P -247.697937 5.933278 98.223183 2.150000 -1.000000 0.000000
209 209 S -248.552048 3.758866 101.181854 1.800000 0.000000 0.000000
210 210 C -245.985016 1.488079 101.262672 1.530000 0.000000 0.000000
211 211 P -252.284531 2.298921 102.311592 2.150000 -1.000000 0.000000
212 212 S -253.480118 1.021312 105.799980 1.800000 0.000000 0.000000
213 213 U -254.711166 -1.579639 104.138878 1.530000 0.000000 0.000000
214 214 P -256.432678 3.386358 104.466324 2.150000 -1.000000 0.000000
215 215 S -259.687103 1.710810 105.687569 1.800000 0.000000 0.000000
216 216 U -259.217926 3.085365 108.901230 1.530000 0.000000 0.000000
217 217 P -263.551453 2.860753 105.707451 2.150000 -1.000000 0.000000
218 218 S -264.628784 1.343835 102.320030 1.800000 0.000000 0.000000
219 219 G -263.480682 -1.735395 102.780113 1.530000 0.000000 0.000000
220 220 P -268.592010 0.190390 101.754463 2.150000 -1.000000 0.000000
221 221 S -268.144958 -2.243244 98.720673 1.800000 0.000000 0.000000
222 222 C -267.548767 -5.022297 100.541771 1.530000 0.000000 0.000000
223 223 P -271.775574 -3.566908 98.145355 2.150000 -1.000000 0.000000
224 224 S -273.990570 -5.268188 100.950562 1.800000 0.000000 0.000000
225 225 A -275.713776 -2.718543 102.045753 1.530000 0.000000 0.000000
226 226 P -277.423737 -7.293605 100.187210 2.150000 -1.000000 0.000000
227 227 S -280.359680 -6.221510 102.565758 1.800000 0.000000 0.000000
228 228 A -280.271576 -4.064466 99.884529 1.530000 0.000000 0.000000
229 229 P -284.165344 -7.548191 101.094452 2.150000 -1.000000 0.000000
230 230 S -285.749847 -3.898805 100.118721 1.800000 0.000000 0.000000
231 231 A -283.855835 -4.024801 97.334129 1.530000 0.000000 0.000000
232 232 P -288.523102 -5.343735 98.082573 2.150000 -1.000000 0.000000
233 233 S -287.129639 -5.324027 94.518379 1.800000 0.000000 0.000000
234 234 G -286.040192 -8.778991 95.127777 1.530000 0.000000 0.000000
235 235 P -289.969604 -6.516731 92.174385 2.150000 -1.000000 0.000000
236 236 S -289.774109 -9.254076 89.449600 1.800000 0.000000 0.000000
237 237 G -287.464966 -11.575920 89.720886 1.530000 0.000000 0.000000
238 238 P -293.238098 -10.679713 88.209450 2.150000 -1.000000 0.000000
239 239 S -293.571259 -14.199741 89.867905 1.800000 0.000000 0.000000
240 240 G -295.233063 -13.972411 92.571449 1.530000 0.000000 0.000000
241 241 P -296.588165 -16.730478 89.600403 2.150000 -1.000000 0.000000
242 242 S -299.340485 -16.133062 86.781693 1.800000 0.000000 0.000000
243 243 U -297.234253 -17.805798 84.680389 1.530000 0.000000 0.000000
244 244 P -300.545898 -19.196606 88.641479 2.150000 -1.000000 0.000000
245 245 S -303.763550 -17.450417 89.638901 1.800000 0.000000 0.000000
246 246 A -305.951447 -17.400618 86.711014 1.530000 0.000000 0.000000
247 247 P -306.434326 -19.468567 91.263435 2.150000 -1.000000 0.000000
248 248 S -309.521790 -17.069757 91.832458 1.800000 0.000000 0.000000
249 249 U -310.250122 -15.621924 88.885468 1.530000 0.000000 0.000000
250 250 P -313.131683 -18.577078 92.531693 2.150000 -1.000000 0.000000
251 251 S -315.811920 -15.709026 93.011925 1.800000 0.000000 0.000000
252 252 G -315.153229 -13.258295 91.469360 1.530000 0.000000 0.000000
253 253 P -319.633057 -16.671356 93.504135 2.150000 -1.000000 0.000000
254 254 S -321.867493 -13.857100 91.834824 1.800000 0.000000 0.000000
255 255 G -321.618225 -10.364517 92.228500 1.530000 0.000000 0.000000
256 256 P -325.922638 -13.223708 92.101578 2.150000 -1.000000 0.000000
257 257 S -326.891846 -9.825643 90.334816 1.800000 0.000000 0.000000
258 258 U -326.366882 -11.070571 87.083145 1.530000 0.000000 0.000000
259 259 P -330.419922 -10.434516 90.380386 2.150000 -1.000000 0.000000
260 260 S -332.400696 -7.489603 88.858437 1.800000 0.000000 0.000000
261 261 A -332.282440 -8.912189 85.672302 1.530000 0.000000 0.000000
262 262 P -335.997223 -9.270362 89.237511 2.150000 -1.000000 0.000000
263 263 S -338.554443 -6.976537 87.574928 1.800000 0.000000 0.000000
264 264 A -337.862701 -4.113461 88.932701 1.530000 0.000000 0.000000
265 265 P -341.834351 -8.165121 88.744316 2.150000 -1.000000 0.000000
266 266 S -344.606323 -7.322893 86.203659 1.800000 0.000000 0.000000
267 267 U -343.070038 -6.458188 83.253990 1.530000 0.000000 0.000000
268 268 P -346.724976 -10.689189 86.312675 2.150000 -1.000000 0.000000
269 269 S -349.065216 -10.709067 83.055237 1.800000 0.000000 0.000000
270 270 A -350.661072 -13.558118 83.778084 1.530000 0.000000 0.000000
271 271 P -352.545807 -8.845118 83.547417 2.150000 -1.000000 0.000000
272 272 S -355.531952 -11.335982 84.179008 1.800000 0.000000 0.000000
273 273 A -355.842010 -11.750130 80.922920 1.530000 0.000000 0.000000
274 274 P -358.596802 -9.233396 85.171211 2.150000 -1.000000 0.000000
275 275 S -360.952820 -7.708432 82.449226 1.800000 0.000000 0.000000
276 276 G -361.764832 -10.721619 82.380486 1.530000 0.000000 0.000000
277 277 P -364.012085 -6.343347 84.461754 2.150000 -1.000000 0.000000
278 278 S -366.121918 -3.340972 82.476685 1.800000 0.000000 0.000000
279 279 C -366.181458 -4.217184 79.075241 1.530000 0.000000 0.000000
280 280 P -370.056213 -3.444002 83.656013 2.150000 -1.000000 0.000000
281 281 S -371.138519 -1.147062 80.640625 1.800000 0.000000 0.000000
282 282 U -370.830536 -2.049116 77.644897 1.530000 0.000000 0.000000
283 283 P -375.053223 -1.258935 80.045006 2.150000 -1.000000 0.000000
284 284 S -376.351990 -1.516058 76.355438 1.800000 0.000000 0.000000
285 285 G -376.415924 -4.766332 77.054878 1.530000 0.000000 0.000000
286 286 P -379.887268 -1.164915 75.078453 2.150000 -1.000000 0.000000
287 287 S -380.616119 -3.076490 71.711777 1.800000 0.000000 0.000000
288 288 A -380.112091 -6.082967 73.272102 1.530000 0.000000 0.000000
289 289 P -384.468781 -2.224411 71.575043 2.150000 -1.000000 0.000000
290 290 S -384.418640 -3.887378 75.311386 1.800000 0.000000 0.000000
291 291 C -385.970703 -6.551244 73.837158 1.530000 0.000000 0.000000
292 292 P -387.492462 -2.689582 77.184174 2.150000 -1.000000 0.000000
293 293 S -388.595856 0.855856 75.651962 1.800000 0.000000 0.000000
294 294 G -390.083618 -1.823140 73.773636 1.530000 0.000000 0.000000
295 295 P -391.393280 2.821415 77.566895 2.150000 -1.000000 0.000000
296 296 S -394.377899 3.851527 75.285225 1.800000 0.000000 0.000000
297 297 G -395.959564 0.831827 74.421928 1.530000 0.000000 0.000000
298 298 P -397.657532 5.669151 76.165977 2.150000 -1.000000 0.000000
299 299 S -399.603455 5.633462 72.617371 1.800000 0.000000 0.000000
300 300 A -399.524506 2.220863 72.623734 1.530000 0.000000 0.000000
301 301 P -403.081726 7.111371 73.443405 2.150000 -1.000000 0.000000
302 302 S -406.317535 5.105099 71.939919 1.800000 0.000000 0.000000
303 303 C -405.905792 2.515201 73.697708 1.530000 0.000000 0.000000
304 304 P -409.871399 6.410276 73.390358 2.150000 -1.000000 0.000000
305 305 S -413.314392 5.148137 71.592308 1.800000 0.000000 0.000000
306 306 A -414.078247 2.998358 73.533806 1.530000 0.000000 0.000000
307 307 P -415.607513 7.959222 72.900452 2.150000 -1.000000 0.000000
308 308 S -418.430023 6.452827 70.752838 1.800000 0.000000 0.000000
309 309 U -419.947479 3.651001 71.114853 1.530000 0.000000 0.000000
310 310 P -421.025574 8.794697 72.120628 2.150000 -1.000000 0.000000
311 311 S -424.026306 8.856738 69.731750 1.800000 0.000000 0.000000
312 312 G -423.849915 6.458515 72.382980 1.530000 0.000000 0.000000
313 313 P -425.982788 12.025018 71.382835 2.150000 -1.000000 0.000000
314 314 S -429.635254 10.551252 71.393547 1.800000 0.000000 0.000000
315 315 G -428.947632 9.292173 74.527832 1.530000 0.000000 0.000000
316 316 P -432.573364 12.752888 72.780746 2.150000 -1.000000 0.000000
317 317 S -435.286987 10.058837 73.265396 1.800000 0.000000 0.000000
318 318 U -433.365692 8.754194 75.635307 1.530000 0.000000 0.000000
319 319 P -438.536743 9.647300 75.485611 2.150000 -1.000000 0.000000
320 320 S -437.893555 7.560893 78.383629 1.800000 0.000000 0.000000
321 321 C -438.129700 10.189899 80.503372 1.530000 0.000000 0.000000
322 322 P -441.240936 7.415108 80.301743 2.150000 -1.000000 0.000000
323 323 S -443.594940 5.411499 77.798599 1.800000 0.000000 0.000000
324 324 C -442.652771 6.655293 74.377472 1.530000 0.000000 0.000000
325 325 P -447.088745 6.811081 78.303032 2.150000 -1.000000 0.000000
326 326 S -449.208557 6.469068 75.189743 1.800000 0.000000 0.000000
327 327 U -448.585114 3.315691 74.950577 1.530000 0.000000 0.000000
328 328 P -453.128723 7.203844 76.129440 2.150000 -1.000000 0.000000
329 329 S -455.332184 6.810012 72.978806 1.800000 0.000000 0.000000
330 330 A -455.273376 3.679131 74.654251 1.530000 0.000000 0.000000
331 331 P -458.262085 7.119716 75.671242 2.150000 -1.000000 0.000000
332 332 S -461.060211 4.692238 74.197159 1.800000 0.000000 0.000000
333 333 A -460.221436 1.594347 75.321159 1.530000 0.000000 0.000000
334 334 P -464.092804 4.048280 76.813019 2.150000 -1.000000 0.000000
335 335 S -466.806427 6.685896 75.795181 1.800000 0.000000 0.000000
336 336 C -467.413422 5.237463 72.888618 1.530000 0.000000 0.000000
337 337 P -470.204681 6.173885 77.852592 2.150000 -1.000000 0.000000
338 338 S -473.304657 6.060658 75.560860 1.800000 0.000000 0.000000
339 339 C -472.874023 3.019307 74.629196 1.530000 0.000000 0.000000
340 340 P -475.838898 5.018321 78.079330 2.150000 -1.000000 0.000000
341 341 S -478.525635 3.497891 76.059898 1.800000 0.000000 0.000000
342 342 A -476.506958 1.360614 74.236954 1.530000 0.000000 0.000000
343 343 P -480.850220 1.274087 78.090630 2.150000 -1.000000 0.000000
344 344 S -483.099182 3.564937 80.419128 1.800000 0.000000 0.000000
345 345 C -482.228973 3.072546 83.821030 1.530000 0.000000 0.000000
346 346 P -486.772736 2.572881 81.069946 2.150000 -1.000000 0.000000
347 347 S -488.978638 5.520201 82.781372 1.800000 0.000000 0.000000
348 348 G -488.022156 6.197907 79.729828 1.530000 0.000000 0.000000
349 349 P -492.505890 4.056318 82.287354 2.150000 -1.000000 0.000000
350 350 S -494.014313 7.702794 82.251572 1.800000 0.000000 0.000000
351 351 C -491.827667 8.376923 79.383873 1.530000 0.000000 0.000000
352 352 P -497.862915 8.296236 81.719315 2.150000 -1.000000 0.000000
353 353 S -499.379120 11.633605 79.892448 1.800000 0.000000 0.000000
354 354 A -498.837616 10.183174 76.878181 1.530000 0.000000 0.000000
355 355 P -503.168732 11.256006 81.374870 2.150000 -1.000000 0.000000
356 356 S -506.231873 12.155800 79.256821 1.800000 0.000000 0.000000
357 357 G -504.344086 11.795789 76.320045 1.530000 0.000000 0.000000
358 358 P -509.964142 10.667953 79.981743 2.150000 -1.000000 0.000000
359 359 S -513.155334 12.426886 78.349907 1.800000 0.000000 0.000000
360 360 C -511.927795 10.818871 75.949318 1.530000 0.000000 0.000000
361 361 P -516.804749 11.334591 78.854080 2.150000 -1.000000 0.000000
362 362 S -517.367981 15.039262 79.966537 1.800000 0.000000 0.000000
363 363 C -516.846313 15.960106 76.735008 1.530000 0.000000 0.000000
364 364 P -521.200134 14.809555 79.451653 2.150000 -1.000000 0.000000
365 365 S -522.493103 16.526760 75.958710 1.800000 0.000000 0.000000
366 366 A -522.078186 13.890738 73.789894 1.530000 0.000000 0.000000
367 367 P -526.175293 16.384066 75.528976 2.150000 -1.000000 0.000000
368 368 S -526.945129 20.009577 77.103653 1.800000 0.000000 0.000000
369 369 A -526.145508 21.815693 74.200996 1.530000 0.000000 0.000000
370 370 P -530.458679 19.934093 74.697777 2.150000 -1.000000 0.000000
371 371 S -531.290527 23.776844 74.509888 1.800000 0.000000 0.000000
372 372 G -529.069214 26.435551 73.257904 1.530000 0.000000 0.000000
373 373 P -533.651306 24.354357 71.494194 2.150000 -1.000000 0.000000
374 374 S -536.977844 23.971388 73.565056 1.800000 0.000000 0.000000
375 375 U -537.023804 26.547966 76.119370 1.530000 0.000000 0.000000
376 376 P -539.841125 24.054823 71.149345 2.150000 -1.000000 0.000000
377 377 S -543.372192 23.428455 73.096313 1.800000 0.000000 0.000000
378 378 C -543.789551 26.725824 72.242592 1.530000 0.000000 0.000000
379 379 P -546.226257 23.045235 70.727043 2.150000 -1.000000 0.000000
380 380 S -548.970947 22.754318 73.422256 1.800000 0.000000 0.000000
381 381 C -549.637573 25.682720 74.794304 1.530000 0.000000 0.000000
382 382 P -551.856262 22.286726 71.169762 2.150000 -1.000000 0.000000
383 383 S -554.428284 24.090429 73.571060 1.800000 0.000000 0.000000
384 384 U -553.967529 26.145693 71.088264 1.530000 0.000000 0.000000
385 385 P -558.230103 24.112352 73.420021 2.150000 -1.000000 0.000000
386 386 S -560.239990 27.138571 71.849396 1.800000 0.000000 0.000000
387 387 A -560.423828 26.980591 68.412636 1.530000 0.000000 0.000000
388 388 P -563.586731 24.814730 71.681053 2.150000 -1.000000 0.000000
389 389 S -566.051514 27.774046 72.012260 1.800000 0.000000 0.000000
390 390 A -564.590576 29.096764 69.412178 1.530000 0.000000 0.000000
391 391 P -569.304260 26.636496 70.259262 2.150000 -1.000000 0.000000
392 392 S -571.190247 29.373148 68.195511 1.800000 0.000000 0.000000
393 393 G -568.164673 29.919718 66.888870 1.530000 0.000000 0.000000
394 394 P -573.514404 28.076731 65.099236 2.150000 -1.000000 0.000000
395 395 S -576.059387 30.973265 65.690704 1.800000 0.000000 0.000000
396 396 U -574.500366 33.742054 65.000275 1.530000 0.000000 0.000000
397 397 P -578.306274 31.200563 62.177101 2.150000 -1.000000 0.000000
398 398 S -580.319824 27.953085 61.498135 1.800000 0.000000 0.000000
399 399 C -581.440613 26.895174 64.778915 1.530000 0.000000 0.000000
400 400 P -582.731506 28.933651 58.375862 2.150000 -1.000000 0.000000
401 401 S -585.109619 25.946430 59.097153 1.800000 0.000000 0.000000
402 402 A -584.410706 27.490711 62.213303 1.530000 0.000000 0.000000
403 403 P -588.264404 27.193909 57.029243 2.150000 -1.000000 0.000000
404 404 S -590.977417 26.563465 59.647110 1.800000 0.000000 0.000000
405 405 A -591.039734 23.247149 59.024010 1.530000 0.000000 0.000000
406 406 P -594.913940 26.621927 58.097908 2.150000 -1.000000 0.000000
407 407 S -595.820435 23.941412 55.603249 1.800000 0.000000 0.000000
408 408 C -596.592957 21.264688 57.200546 1.530000 0.000000 0.000000
409 409 P -599.680786 24.247696 54.702808 2.150000 -1.000000 0.000000
410 410 S -602.605042 21.714384 55.066078 1.800000 0.000000 0.000000
411 411 A -601.617737 21.502007 58.261242 1.530000 0.000000 0.000000
412 412 P -606.236145 21.635439 55.637619 2.150000 -1.000000 0.000000
413 413 S -608.005798 21.979996 52.286503 1.800000 0.000000 0.000000
414 414 G -606.390015 19.119164 51.430264 1.530000 0.000000 0.000000
415 415 P -611.783447 20.226269 53.081081 2.150000 -1.000000 0.000000
416 416 S -613.678955 23.257149 54.971794 1.800000 0.000000 0.000000
417 417 G -613.798828 25.285477 52.398689 1.530000 0.000000 0.000000
418 418 P -617.372498 22.644053 54.761253 2.150000 -1.000000 0.000000
419 419 S -618.196106 26.389156 54.450562 1.800000 0.000000 0.000000
420 420 A -617.542603 27.105719 57.488335 1.530000 0.000000 0.000000
421 421 P -622.224976 26.406391 54.030807 2.150000 -1.000000 0.000000
422 422 S -623.088318 24.306726 57.260902 1.800000 0.000000 0.000000
423 423 G -622.809998 27.080276 58.886448 1.530000 0.000000 0.000000
424 424 P -626.917114 23.852451 57.432812 2.150000 -1.000000 0.000000
425 425 S -628.209106 24.654385 61.051155 1.800000 0.000000 0.000000
426 426 A -627.707642 27.772646 60.216297 1.530000 0.000000 0.000000
427 427 P -632.214478 24.635382 60.901398 2.150000 -1.000000 0.000000
428 428 S -632.710754 27.820698 58.764908 1.800000 0.000000 0.000000
429 429 C -631.153198 27.140200 55.860954 1.530000 0.000000 0.000000
430 430 P -636.826660 28.346062 59.098030 2.150000 -1.000000 0.000000
431 431 S -636.655273 26.444670 55.737675 1.800000 0.000000 0.000000
432 432 U -635.666199 23.116247 56.435127 1.530000 0.000000 0.000000
433 433 P -640.287170 26.003870 54.200432 2.150000 -1.000000 0.000000
434 434 S -639.596985 22.239809 53.088272 1.800000 0.000000 0.000000
435 435 G -639.616211 21.840527 56.314415 1.530000 0.000000 0.000000
436 436 P -643.077087 21.065613 52.132076 2.150000 -1.000000 0.000000
437 437 S -644.372681 22.473547 55.435085 1.800000 0.000000 0.000000
438 438 U -644.977600 26.005415 54.230129 1.530000 0.000000 0.000000
439 439 P -648.107239 21.984083 56.003437 2.150000 -1.000000 0.000000
440 440 S -648.661499 23.606346 59.449352 1.800000 0.000000 0.000000
441 441 U -648.959534 26.666241 57.475693 1.530000 0.000000 0.000000
442 442 P -652.474182 22.346943 59.241348 2.150000 -1.000000 0.000000
443 443 S -654.485474 23.970533 62.358891 1.800000 0.000000 0.000000
444 444 G -655.300110 27.076534 61.846237 1.530000 0.000000 0.000000
445 445 P -658.088318 23.201775 60.848801 2.150000 -1.000000 0.000000
446 446 S -660.930969 25.640589 61.872162 1.800000 0.000000 0.000000
447 447 A -661.700134 23.280516 64.309540 1.530000 0.000000 0.000000
448 448 P -664.201660 25.785967 59.840130 2.150000 -1.000000 0.000000
449 449 S -666.189453 22.570358 59.067501 1.800000 0.000000 0.000000
450 450 U -664.152527 21.604635 56.871609 1.530000 0.000000 0.000000
451 451 P -669.365967 23.354298 57.047951 2.150000 -1.000000 0.000000
452 452 S -672.319824 21.755909 58.805840 1.800000 0.000000 0.000000
453 453 A -672.085876 23.784874 61.072346 1.530000 0.000000 0.000000
454 454 P -676.155762 22.735695 58.207241 2.150000 -1.000000 0.000000
455 455 S -678.165039 21.161825 61.164165 1.800000 0.000000 0.000000
456 456 U -678.969055 24.166391 62.538303 1.530000 0.000000 0.000000
457 457 P -681.738831 19.735085 61.301830 2.150000 -1.000000 0.000000
458 458 S -683.701965 21.713451 64.096863 1.800000 0.000000 0.000000
459 459 G -683.540833 19.688807 66.527740 1.530000 0.000000 0.000000
460 460 P -687.213928 21.708887 63.017784 2.150000 -1.000000 0.000000
461 461 S -686.941833 17.704035 63.160122 1.800000 0.000000 0.000000
462 462 G -688.124817 17.152533 66.256180 1.530000 0.000000 0.000000
463 463 P -689.949219 15.583050 61.100159 2.150000 -1.000000 0.000000
464 464 S -690.937439 12.829121 63.741570 1.800000 0.000000 0.000000
465 465 A -693.271240 14.373054 65.207092 1.530000 0.000000 0.000000
466 466 P -693.580933 9.794989 63.770500 2.150000 -1.000000 0.000000
467 467 S -696.828430 11.741180 65.030334 1.800000 0.000000 0.000000
468 468 U -698.389038 8.692427 65.364899 1.530000 0.000000 0.000000
469 469 P -697.911072 13.047490 68.597099 2.150000 -1.000000 0.000000
470 470 S -701.842773 13.059409 68.975700 1.800000 0.000000 0.000000
471 471 G -702.910889 10.202045 69.985695 1.530000 0.000000 0.000000
472 472 P -702.803650 13.943667 72.304947 2.150000 -1.000000 0.000000
473 473 S -706.348938 15.504644 72.139702 1.800000 0.000000 0.000000
474 474 C -707.852661 13.071776 70.736580 1.530000 0.000000 0.000000
475 475 P -709.241211 16.278931 74.838501 2.150000 -1.000000 0.000000
476 476 S -712.460999 18.600824 74.048706 1.800000 0.000000 0.000000
477 477 A -714.582520 16.213350 72.488579 1.530000 0.000000 0.000000
478 478 P -715.361938 19.609259 76.423164 2.150000 -1.000000 0.000000
479 479 S -718.413574 19.563623 74.115288 1.800000 0.000000 0.000000
480 480 G -718.622009 16.273170 74.107597 1.530000 0.000000 0.000000
481 481 P -721.593201 20.087933 76.180824 2.150000 -1.000000 0.000000
482 482 S -724.297791 17.367386 75.795746 1.800000 0.000000 0.000000
483 483 U -722.738892 15.660698 77.981796 1.530000 0.000000 0.000000
484 484 P -727.618896 16.891422 77.878342 2.150000 -1.000000 0.000000
485 485 S -730.096375 14.436214 76.064651 1.800000 0.000000 0.000000
486 486 U -728.062256 12.097552 77.769653 1.530000 0.000000 0.000000
487 487 P -733.531250 13.377160 77.566139 2.150000 -1.000000 0.000000
488 488 S -734.448792 9.675694 77.212906 1.800000 0.000000 0.000000
489 489 C -732.786804 8.049143 79.307251 1.530000 0.000000 0.000000
490 490 P -737.086243 10.044639 80.141838 2.150000 -1.000000 0.000000
491 491 S -740.054565 10.051136 77.776054 1.800000 0.000000 0.000000
492 492 A -739.677734 6.869356 76.591095 1.530000 0.000000 0.000000
493 493 P -742.911438 9.376056 80.199883 2.150000 -1.000000 0.000000
494 494 S -745.400757 8.402980 77.263092 1.800000 0.000000 0.000000
495 495 C -743.355774 5.511308 77.501778 1.530000 0.000000 0.000000
496 496 P -747.910889 7.605367 80.435493 2.150000 -1.000000 0.000000
497 497 S -749.506531 4.260918 79.186020 1.800000 0.000000 0.000000
498 498 A -751.392029 5.516061 76.481796 1.530000 0.000000 0.000000
499 499 P -752.139771 2.551426 81.406693 2.150000 -1.000000 0.000000
500 500 S -754.650757 4.322698 79.010948 1.800000 0.000000 0.000000
501 501 G -754.724915 1.622048 77.471550 1.530000 0.000000 0.000000
502 502 P -758.390625 4.768785 78.849159 2.150000 -1.000000 0.000000
503 503 S -758.621765 7.769578 76.367615 1.800000 0.000000 0.000000
504 504 A -757.700745 5.089155 74.276367 1.530000 0.000000 0.000000
505 505 P -762.353821 7.475554 74.851120 2.150000 -1.000000 0.000000
506 506 S -763.567078 5.791887 78.254395 1.800000 0.000000 0.000000
507 507 C -763.805603 8.960713 78.653656 1.530000 0.000000 0.000000
508 508 P -767.231323 5.417192 76.610603 2.150000 -1.000000 0.000000
509 509 S -769.841919 5.271830 79.510834 1.800000 0.000000 0.000000
510 510 U -769.154114 3.485656 82.085289 1.530000 0.000000 0.000000
511 511 P -773.381165 6.138372 80.546593 2.150000 -1.000000 0.000000
512 512 S -774.637939 2.593769 80.069687 1.800000 0.000000 0.000000
513 513 A -774.261047 2.154626 77.016716 1.530000 0.000000 0.000000
514 514 P -778.110413 1.577936 80.825409 2.150000 -1.000000 0.000000
515 515 S -779.933777 0.202295 77.344627 1.800000 0.000000 0.000000
516 516 A -777.169189 -1.389844 77.935837 1.530000 0.000000 0.000000
517 517 P -782.614502 -2.394696 78.453659 2.150000 -1.000000 0.000000
518 518 S -785.344482 -2.044254 75.623451 1.800000 0.000000 0.000000
519 519 A -783.000732 -2.229015 73.351555 1.530000 0.000000 0.000000
520 520 P -786.217529 -5.695418 75.284348 2.150000 -1.000000 0.000000
521 521 S -790.021606 -5.312325 74.701500 1.800000 0.000000 0.000000
522 522 U -791.127869 -3.056181 72.440285 1.530000 0.000000 0.000000
523 523 P -792.263245 -8.188975 73.707535 2.150000 -1.000000 0.000000
524 524 S -795.787476 -6.398016 73.768440 1.800000 0.000000 0.000000
525 525 G -795.037659 -4.492572 71.083549 1.530000 0.000000 0.000000
526 526 P -798.973206 -7.563960 72.211166 2.150000 -1.000000 0.000000
527 527 S -801.602600 -4.429765 71.992165 1.800000 0.000000 0.000000
528 528 U -803.625916 -4.568909 74.932785 1.530000 0.000000 0.000000
529 529 P -804.965881 -4.364527 69.540390 2.150000 -1.000000 0.000000
530 530 S -804.110107 -5.297550 65.858521 1.800000 0.000000 0.000000
531 531 C -802.632751 -7.933049 66.968674 1.530000 0.000000 0.000000
532 532 P -807.257874 -6.322488 63.914742 2.150000 -1.000000 0.000000
533 533 S -810.660950 -5.053809 65.760597 1.800000 0.000000 0.000000
534 534 G -810.651306 -1.887708 64.384529 1.530000 0.000000 0.000000
535 535 P -813.751526 -6.055815 63.606781 2.150000 -1.000000 0.000000
536 536 S -816.775146 -6.225429 66.269875 1.800000 0.000000 0.000000
537 537 G -816.853882 -3.110075 65.689697 1.530000 0.000000 0.000000
538 538 P -820.771301 -6.635369 65.285812 2.150000 -1.000000 0.000000
539 539 S -822.614380 -4.770769 68.216423 1.800000 0.000000 0.000000
540 540 U -821.399475 -2.627599 65.647003 1.530000 0.000000 0.000000
541 541 P -826.058350 -3.119717 68.296173 2.150000 -1.000000 0.000000
542 542 S -827.477295 -3.580367 64.653419 1.800000 0.000000 0.000000
543 543 C -826.437439 -6.841706 63.799065 1.530000 0.000000 0.000000
544 544 P -831.342468 -4.048952 63.740238 2.150000 -1.000000 0.000000
545 545 S -832.646362 -6.840663 66.426216 1.800000 0.000000 0.000000
546 546 G -833.799255 -5.044707 69.162804 1.530000 0.000000 0.000000
547 547 P -836.476685 -7.251987 66.055649 2.150000 -1.000000 0.000000
548 548 S -837.774170 -7.558270 69.534088 1.800000 0.000000 0.000000
549 549 G -837.370728 -4.630959 70.847748 1.530000 0.000000 0.000000
550 550 P -841.624023 -7.500514 70.631081 2.150000 -1.000000 0.000000
551 551 S -842.122498 -3.607621 70.184761 1.800000 0.000000 0.000000
552 552 G -845.260254 -4.490199 70.392830 1.530000 0.000000 0.000000
553 553 P -844.061584 -1.246365 72.593010 2.150000 -1.000000 0.000000
554 554 S -846.722900 0.919843 70.196564 1.800000 0.000000 0.000000
555 555 G -849.015869 -1.230209 68.588326 1.530000 0.000000 0.000000
556 556 P -849.214355 3.410802 72.008675 2.150000 -1.000000 0.000000
557 557 S -851.179016 1.459600 74.979210 1.800000 0.000000 0.000000
558 558 A -852.414917 -1.530224 74.487396 1.530000 0.000000 0.000000
559 559 P -854.629761 3.439882 75.715607 2.150000 -1.000000 0.000000
560 560 S -856.679199 2.548789 72.564392 1.800000 0.000000 0.000000
561 561 A -853.911560 3.621999 70.872536 1.530000 0.000000 0.000000
562 562 P -860.316284 3.193921 71.384888 2.150000 -1.000000 0.000000
563 563 S -861.949463 -0.104426 69.987000 1.800000 0.000000 0.000000
564 564 G -862.433411 -1.710728 72.643372 1.530000 0.000000 0.000000
565 565 P -865.507751 1.005777 69.956284 2.150000 -1.000000 0.000000
566 566 S -867.403076 -2.519363 70.700691 1.800000 0.000000 0.000000
567 567 A -867.971985 -1.639410 73.944443 1.530000 0.000000 0.000000
568 568 P -869.817322 0.566835 70.897804 2.150000 -1.000000 0.000000
569 569 S -873.385498 -0.786932 72.088249 1.800000 0.000000 0.000000
570 570 U -873.972717 -3.948287 70.641647 1.530000 0.000000 0.000000
571 571 P -876.902710 0.828488 73.160408 2.150000 -1.000000 0.000000
572 572 S -878.436462 2.130623 69.844551 1.800000 0.000000 0.000000
573 573 G -879.360352 -0.865008 69.516907 1.530000 0.000000 0.000000
574 574 P -882.023621 2.697138 71.333237 2.150000 -1.000000 0.000000
575 575 S -884.859924 0.495086 69.810631 1.800000 0.000000 0.000000
576 576 U -883.894348 -2.346282 71.184883 1.530000 0.000000 0.000000
577 577 P -887.440491 0.087957 72.395111 2.150000 -1.000000 0.000000
578 578 S -888.332458 -3.621606 73.025429 1.800000 0.000000 0.000000
579 579 A -885.796387 -3.837152 75.019287 1.530000 0.000000 0.000000
580 580 P -890.581482 -4.958378 75.811218 2.150000 -1.000000 0.000000
581 581 S -893.880859 -4.823480 73.696938 1.800000 0.000000 0.000000
582 582 U -893.532532 -7.407697 71.638489 1.530000 0.000000 0.000000
583 583 P -896.830811 -5.741125 75.999664 2.150000 -1.000000 0.000000
584 584 S -896.989502 -9.068717 78.215698 1.800000 0.000000 0.000000
585 585 U -897.076111 -6.489512 80.087074 1.530000 0.000000 0.000000
586 586 P -900.986816 -8.743407 78.757507 2.150000 -1.000000 0.000000
587 587 S -902.529724 -12.178978 77.767426 1.800000 0.000000 0.000000
588 588 C -900.654968 -14.556940 79.211266 1.530000 0.000000 0.000000
589 589 P -905.780396 -14.116029 77.605751 2.150000 -1.000000 0.000000
590 590 S -904.682922 -16.371555 74.533577 1.800000 0.000000 0.000000
591 591 U -905.517517 -13.573559 72.877968 1.530000 0.000000 0.000000
592 592 P -907.653687 -18.746027 73.963188 2.150000 -1.000000 0.000000
593 593 S -909.283447 -16.080711 76.226303 1.800000 0.000000 0.000000
594 594 U -908.981628 -17.062796 79.603836 1.530000 0.000000 0.000000
595 595 P -913.090515 -17.002069 75.862885 2.150000 -1.000000 0.000000
596 596 S -914.836304 -16.552069 72.454651 1.800000 0.000000 0.000000
597 597 C -913.011963 -17.914717 69.971550 1.530000 0.000000 0.000000
598 598 P -918.329468 -18.583923 71.356079 2.150000 -1.000000 0.000000
599 599 S -917.238098 -19.824741 67.719566 1.800000 0.000000 0.000000
600 600 U -917.140259 -18.014856 64.517685 1.530000 0.000000 0.000000
601 601 P -921.054749 -20.782349 67.786446 2.150000 -1.000000 0.000000
602 602 S -920.122375 -24.526524 68.373985 1.800000 0.000000 0.000000
603 603 C -920.055664 -24.565067 71.400604 1.530000 0.000000 0.000000
604 604 P -923.557129 -26.048424 67.023483 2.150000 -1.000000 0.000000
605 605 S -925.462402 -28.849573 68.875023 1.800000 0.000000 0.000000
606 606 A -926.891663 -26.715355 71.138329 1.530000 0.000000 0.000000
607 607 P -928.555786 -27.290049 67.064468 2.150000 -1.000000 0.000000
608 608 S -928.948486 -29.495142 63.774864 1.800000 0.000000 0.000000
609 609 U -928.831238 -32.311447 65.321266 1.530000 0.000000 0.000000
610 610 P -932.819824 -28.924297 62.968750 2.150000 -1.000000 0.000000
611 611 S -935.452087 -30.982327 60.812119 1.800000 0.000000 0.000000
612 612 A -934.172302 -32.787819 63.309696 1.530000 0.000000 0.000000
613 613 P -939.033997 -30.127495 61.927876 2.150000 -1.000000 0.000000
614 614 S -940.351135 -33.878571 62.809055 1.800000 0.000000 0.000000
615 615 A -939.162292 -32.516468 65.743874 1.530000 0.000000 0.000000
616 616 P -944.067688 -32.771732 63.060997 2.150000 -1.000000 0.000000
617 617 S -946.028992 -36.148087 63.636860 1.800000 0.000000 0.000000
618 618 G -943.849609 -37.620342 65.487846 1.530000 0.000000 0.000000
619 619 P -949.267456 -36.893005 66.244003 2.150000 -1.000000 0.000000
620 620 S -949.522339 -40.770721 66.200134 1.800000 0.000000 0.000000
621 621 A -947.756470 -40.317524 69.048302 1.530000 0.000000 0.000000
622 622 P -952.299255 -42.666382 68.230156 2.150000 -1.000000 0.000000
623 623 S -955.919800 -40.990555 68.155106 1.800000 0.000000 0.000000
624 624 U -956.492004 -40.337933 64.785393 1.530000 0.000000 0.000000
625 625 P -959.531677 -42.066517 69.005173 2.150000 -1.000000 0.000000
626 626 S -962.089539 -40.207047 66.398163 1.800000 0.000000 0.000000
627 627 A -962.527344 -40.266972 63.034058 1.530000 0.000000 0.000000
628 628 P -966.010803 -40.248909 67.037567 2.150000 -1.000000 0.000000
629 629 S -965.244690 -36.534565 66.024506 1.800000 0.000000 0.000000
630 630 U -965.646973 -37.658474 62.754848 1.530000 0.000000 0.000000
631 631 P -968.899597 -35.281006 66.270325 2.150000 -1.000000 0.000000
632 632 S -970.726929 -33.427246 63.336731 1.800000 0.000000 0.000000
633 633 A -971.575378 -36.386051 61.705502 1.530000 0.000000 0.000000
634 634 P -974.244141 -33.221886 64.839996 2.150000 -1.000000 0.000000
635 635 S -976.138245 -34.078625 61.591156 1.800000 0.000000 0.000000
636 636 G -975.302002 -31.559177 59.161469 1.530000 0.000000 0.000000
637 637 P -980.017395 -33.788673 61.662823 2.150000 -1.000000 0.000000
638 638 S -980.591309 -30.013136 61.393089 1.800000 0.000000 0.000000
639 639 U -980.186279 -30.382492 58.021435 1.530000 0.000000 0.000000
640 640 P -984.559998 -30.737793 61.067924 2.150000 -1.000000 0.000000
641 641 S -986.063660 -27.071581 60.179382 1.800000 0.000000 0.000000
642 642 C -984.375671 -27.132082 57.159573 1.530000 0.000000 0.000000
643 643 P -989.437866 -27.147287 58.349167 2.150000 -1.000000 0.000000
644 644 S -989.994019 -23.717394 56.271973 1.800000 0.000000 0.000000
645 645 G -990.688660 -22.370674 59.064625 1.530000 0.000000 0.000000
646 646 P -993.103760 -23.558897 54.080715 2.150000 -1.000000 0.000000
647 647 S -996.601501 -25.098724 55.313698 1.800000 0.000000 0.000000
648 648 G -998.503052 -22.125862 56.052086 1.530000 0.000000 0.000000
649 649 P -1000.389587 -25.978802 54.047440 2.150000 -1.000000 0.000000
650 650 S -1003.086853 -25.301970 56.603535 1.800000 0.000000 0.000000
651 651 A -1002.817261 -21.943777 56.868668 1.530000 0.000000 0.000000
652 652 P -1006.275146 -24.393650 54.263756 2.150000 -1.000000 0.000000
653 653 S -1009.292969 -25.381235 56.501163 1.800000 0.000000 0.000000
654 654 C -1007.564026 -28.007706 55.979218 1.530000 0.000000 0.000000
655 655 P -1011.808655 -24.672890 53.533436 2.150000 -1.000000 0.000000
656 656 S -1012.544495 -28.381695 52.775261 1.800000 0.000000 0.000000
657 657 C -1013.975769 -29.460209 55.887272 1.530000 0.000000 0.000000
658 658 P -1016.055542 -28.205400 51.438694 2.150000 -1.000000 0.000000
659 659 S -1018.294739 -31.342861 52.379757 1.800000 0.000000 0.000000
660 660 U -1018.284607 -30.654133 55.931271 1.530000 0.000000 0.000000
661 661 P -1022.126770 -31.257227 51.969551 2.150000 -1.000000 0.000000
662 662 S -1023.972412 -34.566322 52.861099 1.800000 0.000000 0.000000
663 663 C -1025.087036 -33.804657 55.575615 1.530000 0.000000 0.000000
664 664 P -1027.742676 -34.888855 51.724182 2.150000 -1.000000 0.000000
665 665 S -1028.917847 -38.514385 50.526321 1.800000 0.000000 0.000000
666 666 U -1029.879395 -38.935963 53.494438 1.530000 0.000000 0.000000
667 667 P -1032.589844 -39.794819 50.496140 2.150000 -1.000000 0.000000
668 668 S -1032.157104 -43.363316 52.469296 1.800000 0.000000 0.000000
669 669 C -1030.770142 -42.342651 55.218464 1.530000 0.000000 0.000000
670 670 P -1034.928223 -44.831593 54.979931 2.150000 -1.000000 0.000000
671 671 S -1032.816650 -46.897732 57.678818 1.800000 0.000000 0.000000
672 672 C -1032.593628 -44.166779 59.558460 1.530000 0.000000 0.000000
673 673 P -1036.355469 -47.533287 59.554482 2.150000 -1.000000 0.000000
674 674 S -1037.359985 -44.768494 61.738876 1.800000 0.000000 0.000000
675 675 C -1039.666626 -43.920200 59.421227 1.530000 0.000000 0.000000
676 676 P -1040.460938 -47.004192 63.580315 2.150000 -1.000000 0.000000
677 677 S -1042.584839 -44.241135 65.790131 1.800000 0.000000 0.000000
678 678 G -1045.115601 -43.038441 63.922417 1.530000 0.000000 0.000000
679 679 P -1045.502563 -46.100918 67.522949 2.150000 -1.000000 0.000000
680 680 S -1048.621338 -43.738724 67.830811 1.800000 0.000000 0.000000
681 681 A -1049.021362 -42.894699 64.678864 1.530000 0.000000 0.000000
682 682 P -1052.351929 -43.352646 68.880699 2.150000 -1.000000 0.000000
683 683 S -1052.684082 -40.248459 66.689545 1.800000 0.000000 0.000000
684 684 A -1050.407471 -38.375729 68.506889 1.530000 0.000000 0.000000
685 685 P -1055.113159 -39.472462 69.620171 2.150000 -1.000000 0.000000
686 686 S -1058.547852 -41.403831 69.698547 1.800000 0.000000 0.000000
687 687 A -1057.282593 -43.975651 71.670975 1.530000 0.000000 0.000000
688 688 P -1060.443604 -39.331520 72.574745 2.150000 -1.000000 0.000000
689 689 S -1063.177612 -37.724499 69.995148 1.800000 0.000000 0.000000
690 690 G -1061.746704 -34.829811 70.202354 1.530000 0.000000 0.000000
691 691 P -1065.684326 -36.033070 72.437233 2.150000 -1.000000 0.000000
692 692 S -1068.956543 -35.712452 70.237022 1.800000 0.000000 0.000000
693 693 G -1069.776733 -39.073242 69.624802 1.530000 0.000000 0.000000
694 694 P -1071.829956 -34.171310 72.605522 2.150000 -1.000000 0.000000
695 695 S -1071.021240 -30.666121 71.002785 1.800000 0.000000 0.000000
696 696 G -1072.337158 -31.530869 68.076027 1.530000 0.000000 0.000000
697 697 P -1074.220825 -30.334932 72.955727 2.150000 -1.000000 0.000000
698 698 S -1076.594849 -27.797735 71.046356 1.800000 0.000000 0.000000
699 699 A -1076.970215 -25.573519 73.638763 1.530000 0.000000 0.000000
700 700 P -1079.732910 -28.597223 73.356110 2.150000 -1.000000 0.000000
701 701 S -1081.433960 -31.619175 71.518974 1.800000 0.000000 0.000000
702 702 G -1080.522217 -33.609573 73.968430 1.530000 0.000000 0.000000
703 703 P -1084.216553 -30.481647 74.067673 2.150000 -1.000000 0.000000
704 704 S -1086.603271 -33.137100 72.194176 1.800000 0.000000 0.000000
705 705 U -1084.557739 -35.683613 71.833366 1.530000 0.000000 0.000000
706 706 P -1088.338501 -34.839111 75.341125 2.150000 -1.000000 0.000000
707 707 S -1091.548096 -32.533516 75.071228 1.800000 0.000000 0.000000
708 708 U -1092.709473 -33.056866 72.064636 1.530000 0.000000 0.000000
709 709 P -1094.968506 -33.460648 76.901146 2.150000 -1.000000 0.000000
710 710 S -1093.591797 -31.699184 80.165840 1.800000 0.000000 0.000000
711 711 G -1092.235474 -34.116249 82.127922 1.530000 0.000000 0.000000
712 712 P -1095.782959 -30.708622 83.251236 2.150000 -1.000000 0.000000
713 713 S -1099.235596 -30.913692 81.503754 1.800000 0.000000 0.000000
714 714 G -1099.930786 -34.254364 81.678825 1.530000 0.000000 0.000000
715 715 P -1099.922852 -29.994827 85.055534 2.150000 -1.000000 0.000000
716 716 S -1100.791504 -26.620579 84.119736 1.800000 0.000000 0.000000
717 717 A -1102.587036 -27.183147 81.133949 1.530000 0.000000 0.000000
718 718 P -1102.813477 -24.682669 86.963303 2.150000 -1.000000 0.000000
719 719 S -1106.767090 -25.582687 85.932671 1.800000 0.000000 0.000000
720 720 G -1106.514771 -27.654133 89.232079 1.530000 0.000000 0.000000
721 721 P -1110.459229 -24.112097 86.739281 2.150000 -1.000000 0.000000
722 722 S -1112.662842 -27.147911 88.242966 1.800000 0.000000 0.000000
723 723 U -1110.705444 -27.594971 91.169823 1.530000 0.000000 0.000000
724 724 P -1115.822876 -26.181974 90.324585 2.150000 -1.000000 0.000000
725 725 S -1116.466064 -29.899475 91.079262 1.800000 0.000000 0.000000
726 726 A -1114.219849 -30.418758 93.642014 1.530000 0.000000 0.000000
727 727 P -1118.553467 -29.964392 94.125877 2.150000 -1.000000 0.000000
728 728 S -1120.259277 -33.531567 95.000511 1.800000 0.000000 0.000000
729 729 C -1117.917358 -35.655251 94.099487 1.530000 0.000000 0.000000
730 730 P -1122.423462 -34.055489 91.762695 2.150000 -1.000000 0.000000
731 731 S -1125.104004 -36.854778 92.946457 1.800000 0.000000 0.000000
732 732 U -1126.584106 -35.529999 95.622925 1.530000 0.000000 0.000000
733 733 P -1128.113281 -37.317333 90.759079 2.150000 -1.000000 0.000000
734 734 S -1131.041138 -37.692848 93.231667 1.800000 0.000000 0.000000
735 735 C -1131.627686 -34.477955 93.859764 1.530000 0.000000 0.000000
736 736 P -1133.404785 -37.810993 90.305573 2.150000 -1.000000 0.000000
