1 1 P 40.362999 12.221000 45.473999 2.150000 -1.000000 0.000000
2 2 S 37.671913 14.043001 47.784779 1.800000 0.000000 0.000000
3 3 G 35.463196 11.388274 47.456322 1.530000 0.000000 0.000000
4 4 P 37.678402 14.269546 51.562084 2.150000 -1.000000 0.000000
5 5 S 36.733440 17.998516 52.410725 1.800000 0.000000 0.000000
6 6 G 33.801701 16.489681 51.622993 1.530000 0.000000 0.000000
7 7 P 36.893520 19.097691 56.084263 2.150000 -1.000000 0.000000
8 8 S 33.298168 20.660305 56.708664 1.800000 0.000000 0.000000
9 9 A 31.219109 18.066423 56.858494 1.530000 0.000000 0.000000
10 10 P 33.566921 21.205481 60.507008 2.150000 -1.000000 0.000000
11 11 S 29.815834 21.329557 61.476555 1.800000 0.000000 0.000000
12 12 G 28.995050 18.234783 61.127262 1.530000 0.000000 0.000000
13 13 P 30.715895 20.426287 65.085274 2.150000 -1.000000 0.000000
14 14 S 27.401930 18.560713 65.803894 1.800000 0.000000 0.000000
15 15 G 28.660116 15.182021 65.389923 1.530000 0.000000 0.000000
16 16 P 28.812727 18.522266 69.514900 2.150000 -1.000000 0.000000
17 17 S 26.245283 21.389647 69.950371 1.800000 0.000000 0.000000
18 18 A 23.636620 19.392828 70.514679 1.530000 0.000000 0.000000
19 19 P 25.871290 22.829926 73.696739 2.150000 -1.000000 0.000000
20 20 S 22.685888 24.646143 75.144958 1.800000 0.000000 0.000000
21 21 A 22.086411 27.350796 73.140793 1.530000 0.000000 0.000000
22 22 P 21.229185 26.346729 78.338203 2.150000 -1.000000 0.000000
23 23 S 18.183180 27.332005 75.949501 1.800000 0.000000 0.000000
24 24 G 17.739635 24.817247 77.910812 1.530000 0.000000 0.000000
25 25 P 15.436944 29.234802 78.195992 2.150000 -1.000000 0.000000
26 26 S 12.536120 29.297279 75.487869 1.800000 0.000000 0.000000
27 27 G 12.133507 26.441175 73.612068 1.530000 0.000000 0.000000
28 28 P 9.028817 29.183849 77.362709 2.150000 -1.000000 0.000000
29 29 S 6.321290 27.408571 75.005699 1.800000 0.000000 0.000000
30 30 A 7.448450 24.524797 73.989815 1.530000 0.000000 0.000000
31 31 P 3.268997 26.229696 77.079918 2.150000 -1.000000 0.000000
32 32 S 0.208051 28.631388 76.366707 1.800000 0.000000 0.000000
33 33 G 0.518889 28.575989 73.307243 1.530000 0.000000 0.000000
34 34 P -2.922721 27.041544 77.947426 2.150000 -1.000000 0.000000
35 35 S -6.416927 27.282700 75.905235 1.800000 0.000000 0.000000
36 36 C -5.090127 24.598877 73.820732 1.530000 0.000000 0.000000
37 37 P -9.214580 24.827057 76.853951 2.150000 -1.000000 0.000000
38 38 S -10.087579 26.913097 79.963417 1.800000 0.000000 0.000000
39 39 C -9.896992 29.647959 77.958725 1.530000 0.000000 0.000000
40 40 P -13.992356 26.326431 79.835495 2.150000 -1.000000 0.000000
41 41 S -16.806089 27.307613 82.556374 1.800000 0.000000 0.000000
42 42 U -18.517908 30.418331 82.311844 1.530000 0.000000 0.000000
43 43 P -19.876776 25.112488 81.022179 2.150000 -1.000000 0.000000
44 44 S -21.999680 23.796921 84.104889 1.800000 0.000000 0.000000
45 45 C -22.953089 26.775782 84.813698 1.530000 0.000000 0.000000
46 46 P -25.417587 22.194082 82.580849 2.150000 -1.000000 0.000000
47 47 S -27.679615 22.908026 85.547623 1.800000 0.000000 0.000000
48 48 C -27.249617 26.108315 86.900841 1.530000 0.000000 0.000000
49 49 P -31.337343 22.829962 84.436638 2.150000 -1.000000 0.000000
